2,1,293.00,262.00,404.00,223.00,0.88,-1,-1,-1
2,2,612.00,234.00,194.00,104.00,0.85,-1,-1,-1
2,3,408.00,232.00,322.00,127.00,0.85,-1,-1,-1
3,1,288.00,257.00,413.00,228.00,0.86,-1,-1,-1
3,2,612.00,234.00,194.00,104.00,0.85,-1,-1,-1
3,3,408.00,232.00,323.00,127.00,0.85,-1,-1,-1
4,1,289.00,255.00,415.00,229.00,0.86,-1,-1,-1
4,2,612.00,234.00,193.00,103.00,0.85,-1,-1,-1
4,3,408.00,232.00,323.00,127.00,0.85,-1,-1,-1
5,1,288.00,252.00,418.00,232.00,0.87,-1,-1,-1
5,2,612.00,234.00,194.00,104.00,0.85,-1,-1,-1
5,3,409.00,232.00,323.00,127.00,0.85,-1,-1,-1
6,1,291.00,255.00,413.00,228.00,0.85,-1,-1,-1
6,2,612.00,234.00,193.00,103.00,0.84,-1,-1,-1
6,3,409.00,232.00,323.00,126.00,0.83,-1,-1,-1
7,1,288.00,254.00,415.00,230.00,0.86,-1,-1,-1
7,2,612.00,234.00,193.00,103.00,0.85,-1,-1,-1
7,3,409.00,232.00,322.00,126.00,0.84,-1,-1,-1
8,1,289.00,256.00,412.00,228.00,0.86,-1,-1,-1
8,2,612.00,234.00,193.00,103.00,0.85,-1,-1,-1
8,3,409.00,232.00,322.00,126.00,0.84,-1,-1,-1
9,1,290.00,257.00,410.00,228.00,0.87,-1,-1,-1
9,2,612.00,234.00,194.00,103.00,0.85,-1,-1,-1
9,3,409.00,232.00,321.00,126.00,0.84,-1,-1,-1
10,1,294.00,262.00,402.00,223.00,0.88,-1,-1,-1
10,2,613.00,234.00,193.00,103.00,0.85,-1,-1,-1
10,3,409.00,232.00,321.00,126.00,0.85,-1,-1,-1
11,1,294.00,263.00,401.00,222.00,0.88,-1,-1,-1
11,2,613.00,234.00,193.00,103.00,0.85,-1,-1,-1
11,3,409.00,232.00,321.00,126.00,0.84,-1,-1,-1
12,1,293.00,261.00,404.00,224.00,0.87,-1,-1,-1
12,2,613.00,234.00,193.00,103.00,0.85,-1,-1,-1
12,3,408.00,232.00,322.00,126.00,0.84,-1,-1,-1
13,1,293.00,261.00,404.00,224.00,0.87,-1,-1,-1
13,2,613.00,234.00,193.00,103.00,0.85,-1,-1,-1
13,3,409.00,232.00,321.00,126.00,0.84,-1,-1,-1
14,1,292.00,260.00,406.00,225.00,0.87,-1,-1,-1
14,2,613.00,234.00,193.00,103.00,0.85,-1,-1,-1
14,3,408.00,232.00,322.00,126.00,0.84,-1,-1,-1
15,1,292.00,260.00,406.00,225.00,0.87,-1,-1,-1
15,2,613.00,234.00,193.00,103.00,0.85,-1,-1,-1
15,3,409.00,232.00,321.00,126.00,0.83,-1,-1,-1
16,1,291.00,258.00,408.00,227.00,0.87,-1,-1,-1
16,2,612.00,234.00,194.00,103.00,0.85,-1,-1,-1
16,3,409.00,232.00,321.00,126.00,0.84,-1,-1,-1
17,1,291.00,257.00,408.00,228.00,0.87,-1,-1,-1
17,2,612.00,234.00,194.00,103.00,0.85,-1,-1,-1
17,3,409.00,232.00,321.00,126.00,0.84,-1,-1,-1
18,1,290.00,257.00,409.00,228.00,0.86,-1,-1,-1
18,2,612.00,234.00,194.00,103.00,0.85,-1,-1,-1
18,3,409.00,232.00,321.00,126.00,0.84,-1,-1,-1
19,1,292.00,258.00,406.00,227.00,0.87,-1,-1,-1
19,2,612.00,234.00,194.00,103.00,0.85,-1,-1,-1
19,3,409.00,232.00,321.00,126.00,0.84,-1,-1,-1
20,1,292.00,258.00,406.00,227.00,0.86,-1,-1,-1
20,2,612.00,234.00,194.00,103.00,0.85,-1,-1,-1
20,3,409.00,232.00,322.00,126.00,0.84,-1,-1,-1
21,1,291.00,257.00,408.00,228.00,0.86,-1,-1,-1
21,2,612.00,234.00,194.00,103.00,0.85,-1,-1,-1
21,3,409.00,232.00,322.00,126.00,0.84,-1,-1,-1
22,1,291.00,257.00,408.00,228.00,0.86,-1,-1,-1
22,2,612.00,234.00,194.00,103.00,0.85,-1,-1,-1
22,3,408.00,232.00,323.00,126.00,0.84,-1,-1,-1
23,1,291.00,257.00,408.00,228.00,0.86,-1,-1,-1
23,2,612.00,234.00,194.00,103.00,0.85,-1,-1,-1
23,3,408.00,232.00,323.00,126.00,0.84,-1,-1,-1
24,1,292.00,257.00,406.00,228.00,0.86,-1,-1,-1
24,2,612.00,234.00,194.00,103.00,0.85,-1,-1,-1
24,3,408.00,232.00,323.00,126.00,0.85,-1,-1,-1
25,1,292.00,258.00,406.00,227.00,0.86,-1,-1,-1
25,2,612.00,233.00,194.00,104.00,0.85,-1,-1,-1
25,3,408.00,232.00,323.00,126.00,0.84,-1,-1,-1
25,7,625.00,209.00,254.00,96.00,0.35,-1,-1,-1
26,1,292.00,258.00,406.00,227.00,0.86,-1,-1,-1
26,2,612.00,233.00,194.00,104.00,0.85,-1,-1,-1
26,3,408.00,232.00,323.00,126.00,0.84,-1,-1,-1
26,7,627.00,209.00,254.00,96.00,0.35,-1,-1,-1
27,1,292.00,257.00,406.00,228.00,0.86,-1,-1,-1
27,2,612.00,233.00,194.00,104.00,0.85,-1,-1,-1
27,3,408.00,232.00,323.00,126.00,0.84,-1,-1,-1
27,7,620.00,208.00,254.00,97.00,0.35,-1,-1,-1
28,1,292.00,257.00,406.00,228.00,0.86,-1,-1,-1
28,2,612.00,233.00,194.00,104.00,0.85,-1,-1,-1
28,3,408.00,232.00,323.00,126.00,0.84,-1,-1,-1
28,7,618.00,208.00,254.00,97.00,0.35,-1,-1,-1
29,1,292.00,258.00,406.00,227.00,0.86,-1,-1,-1
29,2,612.00,233.00,194.00,104.00,0.85,-1,-1,-1
29,3,409.00,232.00,322.00,126.00,0.84,-1,-1,-1
29,7,619.00,209.00,254.00,96.00,0.35,-1,-1,-1
30,1,293.00,258.00,404.00,227.00,0.86,-1,-1,-1
30,2,612.00,233.00,194.00,104.00,0.85,-1,-1,-1
30,3,409.00,232.00,322.00,126.00,0.84,-1,-1,-1
30,7,619.00,209.00,255.00,96.00,0.35,-1,-1,-1
31,1,291.00,256.00,407.00,229.00,0.86,-1,-1,-1
31,2,612.00,233.00,194.00,104.00,0.85,-1,-1,-1
31,3,409.00,232.00,322.00,126.00,0.84,-1,-1,-1
31,7,618.00,209.00,255.00,96.00,0.35,-1,-1,-1
32,1,297.00,263.00,396.00,222.00,0.90,-1,-1,-1
32,2,612.00,233.00,195.00,104.00,0.84,-1,-1,-1
32,3,409.00,232.00,321.00,127.00,0.85,-1,-1,-1
32,7,594.00,191.00,292.00,111.00,0.16,-1,-1,-1
33,1,298.00,266.00,394.00,219.00,0.90,-1,-1,-1
33,2,612.00,233.00,196.00,105.00,0.84,-1,-1,-1
33,3,409.00,232.00,321.00,127.00,0.85,-1,-1,-1
33,7,592.00,189.00,294.00,112.00,0.18,-1,-1,-1
34,1,298.00,266.00,394.00,219.00,0.90,-1,-1,-1
34,2,612.00,233.00,196.00,105.00,0.84,-1,-1,-1
34,3,409.00,232.00,321.00,127.00,0.85,-1,-1,-1
35,1,297.00,266.00,396.00,219.00,0.89,-1,-1,-1
35,2,612.00,233.00,196.00,105.00,0.84,-1,-1,-1
35,3,409.00,232.00,321.00,127.00,0.85,-1,-1,-1
36,1,296.00,264.00,398.00,221.00,0.89,-1,-1,-1
36,2,612.00,233.00,196.00,105.00,0.84,-1,-1,-1
36,3,409.00,232.00,321.00,127.00,0.84,-1,-1,-1
37,1,295.00,263.00,400.00,222.00,0.88,-1,-1,-1
37,2,612.00,233.00,196.00,105.00,0.84,-1,-1,-1
37,3,409.00,232.00,321.00,127.00,0.84,-1,-1,-1
38,1,293.00,261.00,404.00,224.00,0.88,-1,-1,-1
38,2,612.00,233.00,196.00,105.00,0.84,-1,-1,-1
38,3,409.00,232.00,321.00,127.00,0.84,-1,-1,-1
39,1,292.00,260.00,406.00,225.00,0.88,-1,-1,-1
39,2,612.00,233.00,196.00,105.00,0.84,-1,-1,-1
39,3,409.00,232.00,321.00,127.00,0.85,-1,-1,-1
40,1,292.00,260.00,405.00,225.00,0.88,-1,-1,-1
40,2,612.00,233.00,196.00,105.00,0.84,-1,-1,-1
40,3,408.00,232.00,323.00,127.00,0.85,-1,-1,-1
41,1,293.00,262.00,403.00,223.00,0.88,-1,-1,-1
41,2,612.00,233.00,196.00,105.00,0.84,-1,-1,-1
41,3,407.00,231.00,324.00,128.00,0.84,-1,-1,-1
41,7,601.00,190.00,276.00,111.00,0.18,-1,-1,-1
42,1,293.00,261.00,404.00,224.00,0.88,-1,-1,-1
42,2,612.00,233.00,196.00,105.00,0.84,-1,-1,-1
42,3,407.00,231.00,325.00,128.00,0.85,-1,-1,-1
42,7,601.00,190.00,277.00,111.00,0.19,-1,-1,-1
43,1,293.00,261.00,404.00,224.00,0.88,-1,-1,-1
43,2,612.00,233.00,196.00,105.00,0.84,-1,-1,-1
43,3,407.00,231.00,325.00,128.00,0.85,-1,-1,-1
43,7,603.00,191.00,273.00,110.00,0.18,-1,-1,-1
44,1,293.00,262.00,404.00,223.00,0.88,-1,-1,-1
44,2,612.00,233.00,196.00,105.00,0.84,-1,-1,-1
44,3,407.00,231.00,325.00,128.00,0.85,-1,-1,-1
44,7,604.00,192.00,272.00,109.00,0.18,-1,-1,-1
45,1,293.00,262.00,404.00,223.00,0.88,-1,-1,-1
45,2,612.00,233.00,196.00,105.00,0.84,-1,-1,-1
45,3,407.00,230.00,325.00,129.00,0.85,-1,-1,-1
45,7,602.00,191.00,275.00,110.00,0.18,-1,-1,-1
46,1,294.00,262.00,402.00,223.00,0.88,-1,-1,-1
46,2,612.00,233.00,196.00,105.00,0.84,-1,-1,-1
46,3,406.00,230.00,326.00,129.00,0.85,-1,-1,-1
46,7,602.00,191.00,275.00,110.00,0.17,-1,-1,-1
47,1,295.00,263.00,400.00,222.00,0.88,-1,-1,-1
47,2,612.00,233.00,196.00,105.00,0.84,-1,-1,-1
47,3,406.00,230.00,326.00,129.00,0.85,-1,-1,-1
47,7,602.00,191.00,275.00,110.00,0.18,-1,-1,-1
48,1,295.00,263.00,400.00,222.00,0.88,-1,-1,-1
48,2,612.00,233.00,196.00,105.00,0.84,-1,-1,-1
48,3,406.00,230.00,326.00,129.00,0.85,-1,-1,-1
48,7,602.00,190.00,275.00,111.00,0.17,-1,-1,-1
49,1,294.00,262.00,402.00,223.00,0.88,-1,-1,-1
49,2,612.00,233.00,196.00,105.00,0.84,-1,-1,-1
49,3,407.00,230.00,325.00,129.00,0.85,-1,-1,-1
49,7,602.00,190.00,275.00,111.00,0.17,-1,-1,-1
50,1,293.00,262.00,404.00,223.00,0.88,-1,-1,-1
50,2,612.00,233.00,196.00,105.00,0.84,-1,-1,-1
50,3,407.00,230.00,324.00,129.00,0.85,-1,-1,-1
50,7,602.00,191.00,275.00,110.00,0.17,-1,-1,-1
51,1,293.00,261.00,404.00,224.00,0.88,-1,-1,-1
51,2,612.00,233.00,196.00,105.00,0.84,-1,-1,-1
51,3,407.00,230.00,324.00,129.00,0.85,-1,-1,-1
51,7,603.00,192.00,273.00,109.00,0.17,-1,-1,-1
52,1,293.00,262.00,404.00,223.00,0.88,-1,-1,-1
52,2,612.00,233.00,196.00,105.00,0.84,-1,-1,-1
52,3,407.00,230.00,324.00,129.00,0.85,-1,-1,-1
52,7,604.00,192.00,272.00,109.00,0.17,-1,-1,-1
53,1,293.00,261.00,404.00,224.00,0.88,-1,-1,-1
53,2,612.00,233.00,196.00,105.00,0.84,-1,-1,-1
53,3,407.00,230.00,324.00,129.00,0.85,-1,-1,-1
53,7,604.00,192.00,272.00,109.00,0.17,-1,-1,-1
54,1,293.00,261.00,404.00,224.00,0.88,-1,-1,-1
54,2,611.00,233.00,197.00,105.00,0.84,-1,-1,-1
54,3,408.00,230.00,323.00,129.00,0.85,-1,-1,-1
54,7,603.00,193.00,271.00,108.00,0.18,-1,-1,-1
55,1,294.00,263.00,402.00,222.00,0.89,-1,-1,-1
55,2,611.00,233.00,197.00,105.00,0.84,-1,-1,-1
55,3,408.00,230.00,323.00,129.00,0.86,-1,-1,-1
55,7,603.00,193.00,270.00,108.00,0.17,-1,-1,-1
56,1,294.00,262.00,402.00,223.00,0.89,-1,-1,-1
56,2,611.00,233.00,197.00,105.00,0.84,-1,-1,-1
56,3,408.00,230.00,323.00,129.00,0.86,-1,-1,-1
56,7,603.00,194.00,269.00,107.00,0.17,-1,-1,-1
57,1,292.00,260.00,406.00,225.00,0.88,-1,-1,-1
57,2,611.00,233.00,197.00,105.00,0.84,-1,-1,-1
57,3,408.00,230.00,323.00,129.00,0.85,-1,-1,-1
57,7,603.00,192.00,272.00,109.00,0.16,-1,-1,-1
58,1,291.00,258.00,408.00,227.00,0.88,-1,-1,-1
58,2,611.00,233.00,198.00,105.00,0.84,-1,-1,-1
58,3,408.00,230.00,323.00,129.00,0.85,-1,-1,-1
58,7,601.00,192.00,274.00,109.00,0.16,-1,-1,-1
59,1,293.00,261.00,404.00,224.00,0.89,-1,-1,-1
59,2,611.00,233.00,198.00,105.00,0.84,-1,-1,-1
59,3,409.00,230.00,321.00,129.00,0.85,-1,-1,-1
59,7,601.00,192.00,273.00,109.00,0.17,-1,-1,-1
60,1,294.00,263.00,401.00,222.00,0.90,-1,-1,-1
60,2,611.00,233.00,198.00,105.00,0.84,-1,-1,-1
60,3,409.00,231.00,321.00,128.00,0.86,-1,-1,-1
60,7,601.00,191.00,275.00,110.00,0.17,-1,-1,-1
61,1,295.00,264.00,400.00,221.00,0.90,-1,-1,-1
61,2,612.00,233.00,197.00,105.00,0.85,-1,-1,-1
61,3,409.00,231.00,321.00,128.00,0.86,-1,-1,-1
61,7,600.00,192.00,274.00,109.00,0.15,-1,-1,-1
62,1,296.00,266.00,397.00,219.00,0.91,-1,-1,-1
62,2,613.00,233.00,195.00,104.00,0.86,-1,-1,-1
62,3,408.00,230.00,323.00,129.00,0.87,-1,-1,-1
63,1,295.00,265.00,399.00,220.00,0.90,-1,-1,-1
63,2,613.00,233.00,195.00,104.00,0.87,-1,-1,-1
63,3,408.00,230.00,324.00,129.00,0.86,-1,-1,-1
64,1,295.00,265.00,400.00,220.00,0.90,-1,-1,-1
64,2,613.00,233.00,195.00,104.00,0.87,-1,-1,-1
64,3,408.00,230.00,324.00,129.00,0.86,-1,-1,-1
65,1,295.00,265.00,400.00,220.00,0.90,-1,-1,-1
65,2,614.00,233.00,194.00,104.00,0.86,-1,-1,-1
65,3,408.00,230.00,324.00,129.00,0.85,-1,-1,-1
66,1,294.00,265.00,401.00,220.00,0.90,-1,-1,-1
66,2,614.00,233.00,193.00,104.00,0.86,-1,-1,-1
66,3,408.00,230.00,324.00,129.00,0.85,-1,-1,-1
67,1,294.00,264.00,402.00,221.00,0.90,-1,-1,-1
67,2,614.00,233.00,193.00,104.00,0.86,-1,-1,-1
67,3,408.00,230.00,324.00,129.00,0.86,-1,-1,-1
68,1,294.00,265.00,402.00,220.00,0.90,-1,-1,-1
68,2,614.00,233.00,193.00,104.00,0.86,-1,-1,-1
68,3,409.00,230.00,322.00,129.00,0.86,-1,-1,-1
69,1,294.00,265.00,402.00,220.00,0.90,-1,-1,-1
69,2,614.00,233.00,193.00,104.00,0.87,-1,-1,-1
69,3,410.00,231.00,320.00,129.00,0.86,-1,-1,-1
70,1,294.00,265.00,402.00,220.00,0.90,-1,-1,-1
70,2,614.00,233.00,193.00,104.00,0.87,-1,-1,-1
70,3,410.00,231.00,321.00,129.00,0.85,-1,-1,-1
71,1,294.00,266.00,401.00,219.00,0.91,-1,-1,-1
71,2,614.00,233.00,193.00,104.00,0.87,-1,-1,-1
71,3,410.00,231.00,321.00,129.00,0.85,-1,-1,-1
72,1,294.00,266.00,401.00,219.00,0.91,-1,-1,-1
72,2,614.00,233.00,193.00,104.00,0.87,-1,-1,-1
72,3,409.00,230.00,322.00,130.00,0.85,-1,-1,-1
73,1,294.00,266.00,401.00,219.00,0.91,-1,-1,-1
73,2,614.00,233.00,193.00,104.00,0.87,-1,-1,-1
73,3,409.00,230.00,322.00,130.00,0.86,-1,-1,-1
74,1,294.00,266.00,402.00,219.00,0.90,-1,-1,-1
74,2,614.00,233.00,193.00,104.00,0.87,-1,-1,-1
74,3,408.00,230.00,324.00,130.00,0.86,-1,-1,-1
75,1,292.00,264.00,405.00,221.00,0.90,-1,-1,-1
75,2,614.00,233.00,193.00,104.00,0.86,-1,-1,-1
75,3,407.00,228.00,326.00,132.00,0.85,-1,-1,-1
76,1,293.00,265.00,404.00,220.00,0.90,-1,-1,-1
76,2,614.00,233.00,193.00,104.00,0.87,-1,-1,-1
76,3,407.00,228.00,325.00,132.00,0.85,-1,-1,-1
77,1,294.00,266.00,402.00,219.00,0.91,-1,-1,-1
77,2,614.00,233.00,193.00,104.00,0.87,-1,-1,-1
77,3,407.00,229.00,325.00,131.00,0.85,-1,-1,-1
78,1,294.00,266.00,402.00,219.00,0.91,-1,-1,-1
78,2,614.00,233.00,193.00,104.00,0.87,-1,-1,-1
78,3,406.00,228.00,326.00,132.00,0.86,-1,-1,-1
79,1,293.00,265.00,404.00,220.00,0.91,-1,-1,-1
79,2,614.00,233.00,193.00,104.00,0.86,-1,-1,-1
79,3,406.00,228.00,326.00,132.00,0.86,-1,-1,-1
80,1,293.00,265.00,404.00,220.00,0.91,-1,-1,-1
80,2,614.00,233.00,193.00,104.00,0.86,-1,-1,-1
80,3,406.00,228.00,325.00,132.00,0.86,-1,-1,-1
81,1,292.00,264.00,405.00,221.00,0.90,-1,-1,-1
81,2,614.00,233.00,193.00,104.00,0.86,-1,-1,-1
81,3,407.00,229.00,324.00,131.00,0.87,-1,-1,-1
82,1,292.00,263.00,406.00,222.00,0.90,-1,-1,-1
82,2,614.00,233.00,193.00,104.00,0.86,-1,-1,-1
82,3,406.00,228.00,325.00,132.00,0.85,-1,-1,-1
83,1,293.00,265.00,404.00,220.00,0.91,-1,-1,-1
83,2,614.00,233.00,193.00,104.00,0.86,-1,-1,-1
83,3,407.00,229.00,323.00,131.00,0.85,-1,-1,-1
84,1,292.00,264.00,405.00,221.00,0.90,-1,-1,-1
84,2,614.00,234.00,193.00,103.00,0.86,-1,-1,-1
84,3,405.00,228.00,327.00,132.00,0.83,-1,-1,-1
85,1,291.00,262.00,408.00,223.00,0.89,-1,-1,-1
85,2,614.00,234.00,193.00,103.00,0.86,-1,-1,-1
85,3,404.00,227.00,329.00,133.00,0.84,-1,-1,-1
86,1,290.00,261.00,410.00,224.00,0.88,-1,-1,-1
86,2,614.00,234.00,193.00,103.00,0.86,-1,-1,-1
86,3,405.00,228.00,326.00,132.00,0.81,-1,-1,-1
87,1,290.00,261.00,409.00,224.00,0.89,-1,-1,-1
87,2,614.00,233.00,193.00,104.00,0.86,-1,-1,-1
87,3,407.00,229.00,323.00,131.00,0.82,-1,-1,-1
88,1,290.00,261.00,410.00,224.00,0.88,-1,-1,-1
88,2,614.00,233.00,193.00,104.00,0.86,-1,-1,-1
88,3,408.00,230.00,322.00,130.00,0.85,-1,-1,-1
89,1,290.00,260.00,410.00,225.00,0.88,-1,-1,-1
89,2,614.00,234.00,193.00,103.00,0.85,-1,-1,-1
89,3,408.00,230.00,322.00,130.00,0.85,-1,-1,-1
90,1,291.00,262.00,407.00,223.00,0.89,-1,-1,-1
90,2,615.00,234.00,192.00,103.00,0.86,-1,-1,-1
90,3,407.00,230.00,321.00,131.00,0.85,-1,-1,-1
91,1,292.00,263.00,405.00,222.00,0.89,-1,-1,-1
91,2,615.00,234.00,192.00,103.00,0.86,-1,-1,-1
91,3,406.00,230.00,322.00,131.00,0.87,-1,-1,-1
92,1,293.00,264.00,404.00,221.00,0.89,-1,-1,-1
92,2,613.00,233.00,194.00,105.00,0.84,-1,-1,-1
92,3,411.00,232.00,315.00,127.00,0.83,-1,-1,-1
93,1,293.00,263.00,405.00,222.00,0.88,-1,-1,-1
93,2,613.00,233.00,194.00,105.00,0.84,-1,-1,-1
93,3,412.00,233.00,313.00,126.00,0.86,-1,-1,-1
94,1,294.00,264.00,403.00,222.00,0.88,-1,-1,-1
94,2,613.00,233.00,193.00,105.00,0.84,-1,-1,-1
94,3,412.00,233.00,313.00,125.00,0.84,-1,-1,-1
95,1,287.00,255.00,419.00,231.00,0.86,-1,-1,-1
95,2,613.00,233.00,193.00,105.00,0.84,-1,-1,-1
95,3,411.00,233.00,315.00,126.00,0.83,-1,-1,-1
96,1,286.00,249.00,426.00,237.00,0.91,-1,-1,-1
96,2,613.00,234.00,194.00,104.00,0.83,-1,-1,-1
96,3,413.00,234.00,310.00,124.00,0.82,-1,-1,-1
97,1,288.00,253.00,419.00,233.00,0.89,-1,-1,-1
97,2,613.00,233.00,193.00,105.00,0.84,-1,-1,-1
97,3,414.00,235.00,308.00,123.00,0.82,-1,-1,-1
98,1,291.00,256.00,413.00,230.00,0.90,-1,-1,-1
98,2,613.00,233.00,193.00,105.00,0.82,-1,-1,-1
98,3,413.00,234.00,311.00,123.00,0.85,-1,-1,-1
99,1,292.00,257.00,411.00,229.00,0.91,-1,-1,-1
99,2,613.00,233.00,193.00,105.00,0.78,-1,-1,-1
99,3,414.00,233.00,310.00,122.00,0.78,-1,-1,-1
100,1,293.00,258.00,408.00,228.00,0.88,-1,-1,-1
100,2,613.00,233.00,193.00,105.00,0.79,-1,-1,-1
100,3,414.00,233.00,309.00,121.00,0.85,-1,-1,-1
101,1,296.00,262.00,401.00,224.00,0.82,-1,-1,-1
101,2,612.00,233.00,194.00,105.00,0.80,-1,-1,-1
101,3,415.00,233.00,308.00,121.00,0.84,-1,-1,-1
102,1,295.00,260.00,404.00,226.00,0.90,-1,-1,-1
102,2,611.00,233.00,194.00,105.00,0.76,-1,-1,-1
102,3,413.00,233.00,310.00,121.00,0.81,-1,-1,-1
103,1,297.00,264.00,398.00,222.00,0.85,-1,-1,-1
103,2,610.00,234.00,194.00,104.00,0.70,-1,-1,-1
103,3,412.00,233.00,312.00,121.00,0.87,-1,-1,-1
104,1,297.00,265.00,398.00,221.00,0.86,-1,-1,-1
104,2,611.00,235.00,192.00,103.00,0.63,-1,-1,-1
104,3,410.00,232.00,315.00,123.00,0.77,-1,-1,-1
105,1,296.00,265.00,398.00,221.00,0.88,-1,-1,-1
105,2,609.00,236.00,192.00,102.00,0.64,-1,-1,-1
105,3,407.00,231.00,322.00,125.00,0.75,-1,-1,-1
106,1,295.00,264.00,400.00,222.00,0.88,-1,-1,-1
106,2,608.00,236.00,192.00,101.00,0.53,-1,-1,-1
106,3,408.00,231.00,321.00,124.00,0.83,-1,-1,-1
106,13,669.00,236.00,145.00,102.00,0.34,-1,-1,-1
107,1,295.00,264.00,400.00,222.00,0.88,-1,-1,-1
107,2,607.00,237.00,193.00,100.00,0.50,-1,-1,-1
107,3,409.00,231.00,319.00,124.00,0.83,-1,-1,-1
107,13,663.00,236.00,145.00,102.00,0.40,-1,-1,-1
108,1,295.00,264.00,401.00,222.00,0.88,-1,-1,-1
108,2,607.00,234.00,197.00,104.00,0.77,-1,-1,-1
108,3,408.00,231.00,322.00,125.00,0.81,-1,-1,-1
108,13,666.00,236.00,145.00,102.00,0.35,-1,-1,-1
109,1,295.00,264.00,401.00,222.00,0.89,-1,-1,-1
109,2,607.00,233.00,200.00,105.00,0.79,-1,-1,-1
109,3,409.00,230.00,320.00,124.00,0.72,-1,-1,-1
109,13,670.00,235.00,146.00,103.00,0.43,-1,-1,-1
110,1,295.00,264.00,401.00,222.00,0.88,-1,-1,-1
110,2,608.00,233.00,201.00,105.00,0.82,-1,-1,-1
110,3,408.00,230.00,323.00,126.00,0.77,-1,-1,-1
110,13,670.00,235.00,145.00,103.00,0.45,-1,-1,-1
111,1,294.00,263.00,403.00,223.00,0.87,-1,-1,-1
111,2,608.00,232.00,202.00,106.00,0.80,-1,-1,-1
111,3,413.00,230.00,313.00,121.00,0.72,-1,-1,-1
111,13,672.00,234.00,144.00,103.00,0.31,-1,-1,-1
112,1,295.00,264.00,402.00,222.00,0.84,-1,-1,-1
112,2,610.00,232.00,201.00,106.00,0.76,-1,-1,-1
112,3,417.00,231.00,303.00,116.00,0.68,-1,-1,-1
112,13,672.00,234.00,145.00,103.00,0.28,-1,-1,-1
113,1,295.00,264.00,402.00,222.00,0.85,-1,-1,-1
113,2,610.00,232.00,201.00,106.00,0.77,-1,-1,-1
113,3,415.00,231.00,306.00,117.00,0.66,-1,-1,-1
113,13,671.00,233.00,144.00,104.00,0.24,-1,-1,-1
114,1,294.00,264.00,403.00,222.00,0.87,-1,-1,-1
114,2,611.00,232.00,200.00,106.00,0.77,-1,-1,-1
114,3,420.00,231.00,303.00,115.00,0.59,-1,-1,-1
114,13,675.00,234.00,142.00,103.00,0.10,-1,-1,-1
115,1,294.00,264.00,403.00,222.00,0.88,-1,-1,-1
115,2,615.00,234.00,196.00,105.00,0.72,-1,-1,-1
115,3,441.00,231.00,307.00,112.00,0.54,-1,-1,-1
116,1,294.00,264.00,402.00,222.00,0.87,-1,-1,-1
116,2,614.00,235.00,194.00,103.00,0.65,-1,-1,-1
116,3,446.00,231.00,314.00,112.00,0.45,-1,-1,-1
116,14,407.00,232.00,280.00,109.00,0.48,-1,-1,-1
116,15,613.00,230.00,193.00,77.00,0.32,-1,-1,-1
117,1,294.00,264.00,403.00,222.00,0.87,-1,-1,-1
117,2,617.00,236.00,188.00,100.00,0.65,-1,-1,-1
117,3,444.00,228.00,325.00,114.00,0.26,-1,-1,-1
117,14,406.00,232.00,293.00,115.00,0.48,-1,-1,-1
117,15,621.00,211.00,228.00,91.00,0.12,-1,-1,-1
118,1,294.00,264.00,403.00,222.00,0.87,-1,-1,-1
118,2,618.00,235.00,186.00,98.00,0.62,-1,-1,-1
118,3,440.00,228.00,334.00,115.00,0.26,-1,-1,-1
118,14,405.00,232.00,300.00,117.00,0.50,-1,-1,-1
118,15,633.00,207.00,238.00,95.00,0.27,-1,-1,-1
119,1,296.00,265.00,399.00,219.00,0.88,-1,-1,-1
119,14,404.00,232.00,317.00,124.00,0.76,-1,-1,-1
119,15,629.00,210.00,238.00,94.00,0.50,-1,-1,-1
120,1,296.00,265.00,399.00,218.00,0.88,-1,-1,-1
120,14,404.00,231.00,324.00,128.00,0.79,-1,-1,-1
120,15,625.00,209.00,240.00,95.00,0.46,-1,-1,-1
120,2,630.00,234.00,165.00,85.00,0.35,-1,-1,-1
121,1,295.00,266.00,399.00,218.00,0.89,-1,-1,-1
121,14,404.00,230.00,329.00,130.00,0.82,-1,-1,-1
121,15,622.00,209.00,243.00,95.00,0.44,-1,-1,-1
121,2,642.00,233.00,162.00,79.00,0.23,-1,-1,-1
122,1,295.00,267.00,399.00,218.00,0.89,-1,-1,-1
122,4,693.00,214.00,177.00,91.00,0.32,-1,-1,-1
122,14,404.00,229.00,331.00,131.00,0.84,-1,-1,-1
122,15,620.00,209.00,244.00,95.00,0.46,-1,-1,-1
122,2,644.00,233.00,163.00,75.00,0.17,-1,-1,-1
123,1,297.00,267.00,398.00,217.00,0.89,-1,-1,-1
123,4,694.00,215.00,174.00,89.00,0.17,-1,-1,-1
123,14,405.00,229.00,330.00,131.00,0.84,-1,-1,-1
123,15,620.00,210.00,244.00,94.00,0.45,-1,-1,-1
123,2,633.00,234.00,166.00,75.00,0.12,-1,-1,-1
124,1,296.00,268.00,398.00,216.00,0.89,-1,-1,-1
124,4,691.00,214.00,178.00,90.00,0.27,-1,-1,-1
124,14,405.00,229.00,329.00,130.00,0.84,-1,-1,-1
124,15,619.00,210.00,246.00,93.00,0.38,-1,-1,-1
124,2,613.00,234.00,170.00,79.00,0.15,-1,-1,-1
125,1,295.00,268.00,399.00,217.00,0.89,-1,-1,-1
125,4,690.00,214.00,181.00,91.00,0.23,-1,-1,-1
125,14,406.00,229.00,327.00,130.00,0.84,-1,-1,-1
125,15,618.00,210.00,247.00,93.00,0.38,-1,-1,-1
125,2,600.00,234.00,175.00,83.00,0.13,-1,-1,-1
126,1,296.00,268.00,399.00,216.00,0.89,-1,-1,-1
126,4,693.00,216.00,177.00,89.00,0.18,-1,-1,-1
126,14,406.00,229.00,327.00,130.00,0.84,-1,-1,-1
126,15,613.00,217.00,263.00,100.00,0.42,-1,-1,-1
126,2,593.00,234.00,195.00,94.00,0.18,-1,-1,-1
127,1,296.00,267.00,400.00,216.00,0.89,-1,-1,-1
127,4,691.00,214.00,183.00,92.00,0.18,-1,-1,-1
127,14,406.00,229.00,326.00,129.00,0.85,-1,-1,-1
127,15,607.00,220.00,275.00,105.00,0.39,-1,-1,-1
127,2,591.00,234.00,201.00,99.00,0.21,-1,-1,-1
128,1,296.00,267.00,400.00,216.00,0.89,-1,-1,-1
128,14,407.00,230.00,324.00,128.00,0.85,-1,-1,-1
128,15,607.00,227.00,274.00,105.00,0.52,-1,-1,-1
128,2,593.00,234.00,202.00,102.00,0.23,-1,-1,-1
129,1,296.00,267.00,400.00,216.00,0.89,-1,-1,-1
129,14,407.00,230.00,324.00,128.00,0.85,-1,-1,-1
129,15,607.00,231.00,272.00,105.00,0.57,-1,-1,-1
129,2,599.00,234.00,203.00,103.00,0.37,-1,-1,-1
130,1,295.00,267.00,402.00,216.00,0.89,-1,-1,-1
130,14,407.00,230.00,324.00,128.00,0.85,-1,-1,-1
130,15,607.00,232.00,271.00,105.00,0.58,-1,-1,-1
130,2,599.00,234.00,201.00,103.00,0.27,-1,-1,-1
131,1,294.00,268.00,402.00,216.00,0.89,-1,-1,-1
131,14,406.00,229.00,325.00,129.00,0.84,-1,-1,-1
131,15,607.00,233.00,270.00,104.00,0.56,-1,-1,-1
131,2,600.00,234.00,198.00,103.00,0.38,-1,-1,-1
132,1,293.00,268.00,403.00,216.00,0.90,-1,-1,-1
132,14,406.00,229.00,326.00,129.00,0.83,-1,-1,-1
132,15,607.00,233.00,270.00,105.00,0.45,-1,-1,-1
132,2,604.00,234.00,197.00,103.00,0.45,-1,-1,-1
133,1,293.00,268.00,403.00,217.00,0.89,-1,-1,-1
133,14,406.00,229.00,325.00,129.00,0.84,-1,-1,-1
133,15,595.00,220.00,293.00,115.00,0.45,-1,-1,-1
133,2,606.00,234.00,196.00,103.00,0.53,-1,-1,-1
134,1,293.00,268.00,403.00,217.00,0.90,-1,-1,-1
134,14,406.00,228.00,326.00,130.00,0.84,-1,-1,-1
134,15,591.00,215.00,300.00,120.00,0.45,-1,-1,-1
134,2,608.00,234.00,196.00,103.00,0.56,-1,-1,-1
135,1,292.00,268.00,405.00,217.00,0.89,-1,-1,-1
135,14,407.00,230.00,324.00,128.00,0.83,-1,-1,-1
135,15,600.00,221.00,285.00,115.00,0.48,-1,-1,-1
135,2,611.00,234.00,195.00,103.00,0.46,-1,-1,-1
136,1,292.00,268.00,405.00,217.00,0.90,-1,-1,-1
136,14,408.00,230.00,322.00,128.00,0.84,-1,-1,-1
136,15,602.00,226.00,277.00,112.00,0.17,-1,-1,-1
136,2,612.00,233.00,195.00,104.00,0.53,-1,-1,-1
137,1,292.00,268.00,405.00,217.00,0.90,-1,-1,-1
137,14,408.00,231.00,321.00,127.00,0.84,-1,-1,-1
137,2,614.00,233.00,196.00,105.00,0.72,-1,-1,-1
138,1,293.00,268.00,403.00,217.00,0.90,-1,-1,-1
138,14,408.00,230.00,321.00,128.00,0.84,-1,-1,-1
138,2,615.00,233.00,197.00,105.00,0.78,-1,-1,-1
139,1,293.00,268.00,403.00,217.00,0.90,-1,-1,-1
139,14,408.00,231.00,321.00,127.00,0.84,-1,-1,-1
139,2,615.00,233.00,196.00,105.00,0.81,-1,-1,-1
140,1,293.00,268.00,403.00,217.00,0.89,-1,-1,-1
140,14,407.00,230.00,323.00,128.00,0.84,-1,-1,-1
140,2,614.00,233.00,197.00,105.00,0.82,-1,-1,-1
141,1,293.00,268.00,404.00,217.00,0.89,-1,-1,-1
141,14,407.00,230.00,323.00,128.00,0.84,-1,-1,-1
141,2,613.00,233.00,197.00,105.00,0.83,-1,-1,-1
142,1,292.00,268.00,405.00,217.00,0.89,-1,-1,-1
142,14,407.00,230.00,323.00,128.00,0.84,-1,-1,-1
142,2,612.00,233.00,197.00,104.00,0.84,-1,-1,-1
143,1,292.00,268.00,405.00,217.00,0.89,-1,-1,-1
143,14,407.00,230.00,324.00,128.00,0.85,-1,-1,-1
143,2,612.00,234.00,196.00,103.00,0.84,-1,-1,-1
144,1,292.00,268.00,405.00,217.00,0.89,-1,-1,-1
144,14,407.00,229.00,324.00,129.00,0.84,-1,-1,-1
144,2,612.00,234.00,196.00,103.00,0.83,-1,-1,-1
145,1,292.00,267.00,405.00,218.00,0.89,-1,-1,-1
145,14,406.00,229.00,325.00,129.00,0.84,-1,-1,-1
145,2,612.00,234.00,196.00,103.00,0.84,-1,-1,-1
146,1,292.00,267.00,405.00,218.00,0.89,-1,-1,-1
146,14,407.00,229.00,324.00,129.00,0.85,-1,-1,-1
146,2,613.00,234.00,195.00,103.00,0.84,-1,-1,-1
147,1,292.00,267.00,405.00,218.00,0.89,-1,-1,-1
147,14,407.00,229.00,324.00,129.00,0.84,-1,-1,-1
147,2,613.00,234.00,195.00,103.00,0.84,-1,-1,-1
148,1,292.00,267.00,405.00,218.00,0.89,-1,-1,-1
148,14,406.00,229.00,326.00,129.00,0.85,-1,-1,-1
148,2,613.00,234.00,195.00,103.00,0.84,-1,-1,-1
149,1,291.00,266.00,407.00,219.00,0.88,-1,-1,-1
149,14,406.00,229.00,326.00,130.00,0.86,-1,-1,-1
149,2,612.00,234.00,196.00,104.00,0.85,-1,-1,-1
150,1,290.00,265.00,410.00,220.00,0.89,-1,-1,-1
150,14,406.00,230.00,326.00,130.00,0.86,-1,-1,-1
150,2,611.00,234.00,196.00,104.00,0.85,-1,-1,-1
151,1,291.00,266.00,407.00,219.00,0.90,-1,-1,-1
151,14,407.00,230.00,325.00,129.00,0.86,-1,-1,-1
151,2,611.00,234.00,196.00,104.00,0.86,-1,-1,-1
152,1,291.00,265.00,408.00,220.00,0.89,-1,-1,-1
152,14,408.00,230.00,323.00,129.00,0.86,-1,-1,-1
152,2,611.00,234.00,196.00,104.00,0.84,-1,-1,-1
153,1,292.00,267.00,406.00,219.00,0.90,-1,-1,-1
153,14,408.00,231.00,322.00,128.00,0.85,-1,-1,-1
153,2,611.00,234.00,195.00,104.00,0.84,-1,-1,-1
154,1,292.00,267.00,405.00,219.00,0.90,-1,-1,-1
154,14,408.00,231.00,322.00,128.00,0.86,-1,-1,-1
154,2,611.00,234.00,195.00,104.00,0.85,-1,-1,-1
155,1,292.00,268.00,405.00,218.00,0.90,-1,-1,-1
155,14,408.00,231.00,322.00,128.00,0.85,-1,-1,-1
155,2,612.00,235.00,193.00,103.00,0.84,-1,-1,-1
156,1,292.00,268.00,405.00,218.00,0.90,-1,-1,-1
156,14,408.00,231.00,322.00,128.00,0.85,-1,-1,-1
156,2,612.00,235.00,193.00,103.00,0.84,-1,-1,-1
157,1,292.00,267.00,405.00,219.00,0.90,-1,-1,-1
157,14,408.00,231.00,322.00,128.00,0.85,-1,-1,-1
157,2,612.00,234.00,193.00,104.00,0.84,-1,-1,-1
158,1,292.00,267.00,405.00,219.00,0.90,-1,-1,-1
158,14,408.00,231.00,322.00,128.00,0.85,-1,-1,-1
158,2,612.00,234.00,193.00,104.00,0.84,-1,-1,-1
159,1,292.00,267.00,406.00,219.00,0.90,-1,-1,-1
159,14,408.00,231.00,322.00,128.00,0.85,-1,-1,-1
159,2,612.00,234.00,193.00,104.00,0.84,-1,-1,-1
160,1,292.00,267.00,405.00,219.00,0.90,-1,-1,-1
160,14,408.00,231.00,322.00,128.00,0.85,-1,-1,-1
160,2,612.00,234.00,193.00,104.00,0.84,-1,-1,-1
161,1,292.00,267.00,405.00,219.00,0.90,-1,-1,-1
161,14,408.00,231.00,322.00,128.00,0.85,-1,-1,-1
161,2,612.00,234.00,193.00,104.00,0.84,-1,-1,-1
162,1,292.00,267.00,405.00,219.00,0.90,-1,-1,-1
162,14,408.00,231.00,322.00,128.00,0.85,-1,-1,-1
162,2,612.00,234.00,193.00,104.00,0.84,-1,-1,-1
163,1,292.00,267.00,405.00,219.00,0.89,-1,-1,-1
163,14,408.00,231.00,322.00,128.00,0.85,-1,-1,-1
163,2,612.00,234.00,193.00,103.00,0.84,-1,-1,-1
164,1,292.00,267.00,406.00,219.00,0.89,-1,-1,-1
164,14,408.00,231.00,322.00,128.00,0.85,-1,-1,-1
164,2,612.00,234.00,193.00,104.00,0.84,-1,-1,-1
165,1,292.00,267.00,405.00,219.00,0.89,-1,-1,-1
165,14,408.00,231.00,322.00,128.00,0.85,-1,-1,-1
165,2,612.00,234.00,193.00,104.00,0.84,-1,-1,-1
166,1,292.00,267.00,405.00,219.00,0.89,-1,-1,-1
166,14,407.00,231.00,323.00,128.00,0.85,-1,-1,-1
166,2,612.00,234.00,193.00,104.00,0.84,-1,-1,-1
167,1,292.00,267.00,405.00,219.00,0.89,-1,-1,-1
167,14,407.00,231.00,323.00,128.00,0.85,-1,-1,-1
167,2,612.00,234.00,193.00,104.00,0.84,-1,-1,-1
168,1,292.00,267.00,405.00,219.00,0.89,-1,-1,-1
168,14,407.00,231.00,323.00,128.00,0.85,-1,-1,-1
168,2,612.00,234.00,193.00,104.00,0.84,-1,-1,-1
169,1,292.00,267.00,405.00,219.00,0.89,-1,-1,-1
169,14,407.00,231.00,323.00,128.00,0.85,-1,-1,-1
169,2,612.00,234.00,193.00,104.00,0.84,-1,-1,-1
170,1,292.00,267.00,405.00,219.00,0.89,-1,-1,-1
170,14,408.00,231.00,322.00,128.00,0.85,-1,-1,-1
170,2,612.00,234.00,193.00,104.00,0.84,-1,-1,-1
171,1,292.00,267.00,405.00,219.00,0.89,-1,-1,-1
171,14,408.00,231.00,322.00,128.00,0.85,-1,-1,-1
171,2,612.00,234.00,193.00,104.00,0.84,-1,-1,-1
172,1,292.00,267.00,405.00,219.00,0.90,-1,-1,-1
172,14,408.00,231.00,322.00,128.00,0.85,-1,-1,-1
172,2,612.00,234.00,193.00,104.00,0.84,-1,-1,-1
173,1,292.00,267.00,405.00,219.00,0.89,-1,-1,-1
173,14,407.00,231.00,323.00,128.00,0.85,-1,-1,-1
173,2,612.00,234.00,193.00,104.00,0.84,-1,-1,-1
174,1,292.00,267.00,405.00,219.00,0.89,-1,-1,-1
174,14,407.00,231.00,323.00,128.00,0.85,-1,-1,-1
174,2,612.00,234.00,193.00,104.00,0.84,-1,-1,-1
175,1,292.00,267.00,405.00,219.00,0.90,-1,-1,-1
175,14,407.00,231.00,324.00,128.00,0.85,-1,-1,-1
175,2,612.00,234.00,193.00,104.00,0.84,-1,-1,-1
176,1,292.00,267.00,405.00,219.00,0.90,-1,-1,-1
176,14,407.00,231.00,323.00,128.00,0.85,-1,-1,-1
176,2,612.00,234.00,193.00,104.00,0.84,-1,-1,-1
177,1,292.00,267.00,405.00,219.00,0.90,-1,-1,-1
177,14,407.00,231.00,323.00,128.00,0.85,-1,-1,-1
177,2,612.00,234.00,193.00,103.00,0.84,-1,-1,-1
178,1,292.00,267.00,405.00,219.00,0.90,-1,-1,-1
178,14,407.00,231.00,323.00,128.00,0.85,-1,-1,-1
178,2,612.00,234.00,193.00,103.00,0.84,-1,-1,-1
179,1,292.00,267.00,405.00,219.00,0.90,-1,-1,-1
179,14,407.00,231.00,323.00,128.00,0.85,-1,-1,-1
179,2,612.00,234.00,193.00,103.00,0.84,-1,-1,-1
180,1,292.00,267.00,405.00,219.00,0.90,-1,-1,-1
180,14,407.00,231.00,323.00,128.00,0.85,-1,-1,-1
180,2,612.00,234.00,193.00,103.00,0.84,-1,-1,-1
181,1,292.00,267.00,405.00,219.00,0.90,-1,-1,-1
181,14,407.00,231.00,324.00,128.00,0.85,-1,-1,-1
181,2,612.00,234.00,193.00,103.00,0.84,-1,-1,-1
182,1,292.00,267.00,405.00,219.00,0.89,-1,-1,-1
182,14,407.00,231.00,324.00,128.00,0.85,-1,-1,-1
182,2,612.00,234.00,193.00,103.00,0.85,-1,-1,-1
183,1,291.00,265.00,408.00,220.00,0.90,-1,-1,-1
183,14,407.00,230.00,325.00,129.00,0.86,-1,-1,-1
183,2,613.00,234.00,192.00,103.00,0.85,-1,-1,-1
184,1,291.00,264.00,408.00,221.00,0.90,-1,-1,-1
184,14,406.00,229.00,327.00,130.00,0.86,-1,-1,-1
184,2,613.00,234.00,193.00,103.00,0.84,-1,-1,-1
185,1,291.00,264.00,408.00,221.00,0.90,-1,-1,-1
185,14,407.00,229.00,325.00,130.00,0.86,-1,-1,-1
185,2,613.00,234.00,193.00,103.00,0.84,-1,-1,-1
186,1,291.00,264.00,408.00,221.00,0.90,-1,-1,-1
186,14,407.00,230.00,325.00,129.00,0.86,-1,-1,-1
186,2,613.00,234.00,193.00,103.00,0.84,-1,-1,-1
187,1,292.00,264.00,407.00,221.00,0.90,-1,-1,-1
187,14,407.00,230.00,325.00,129.00,0.86,-1,-1,-1
187,2,613.00,234.00,193.00,103.00,0.84,-1,-1,-1
188,1,292.00,265.00,406.00,220.00,0.90,-1,-1,-1
188,14,407.00,229.00,325.00,130.00,0.87,-1,-1,-1
188,2,613.00,234.00,194.00,103.00,0.84,-1,-1,-1
189,1,293.00,265.00,405.00,220.00,0.90,-1,-1,-1
189,14,407.00,229.00,325.00,130.00,0.86,-1,-1,-1
189,2,613.00,234.00,194.00,103.00,0.84,-1,-1,-1
190,1,293.00,265.00,405.00,220.00,0.90,-1,-1,-1
190,14,407.00,229.00,325.00,130.00,0.86,-1,-1,-1
190,2,613.00,234.00,194.00,103.00,0.84,-1,-1,-1
191,1,292.00,265.00,406.00,220.00,0.90,-1,-1,-1
191,14,407.00,229.00,325.00,130.00,0.86,-1,-1,-1
191,2,613.00,234.00,194.00,103.00,0.84,-1,-1,-1
192,1,292.00,264.00,406.00,221.00,0.90,-1,-1,-1
192,14,407.00,229.00,325.00,130.00,0.86,-1,-1,-1
192,2,613.00,234.00,194.00,103.00,0.84,-1,-1,-1
193,1,292.00,264.00,406.00,221.00,0.90,-1,-1,-1
193,14,407.00,229.00,325.00,130.00,0.86,-1,-1,-1
193,2,612.00,234.00,195.00,103.00,0.84,-1,-1,-1
194,1,292.00,264.00,406.00,221.00,0.90,-1,-1,-1
194,14,407.00,229.00,324.00,130.00,0.86,-1,-1,-1
194,2,612.00,234.00,195.00,103.00,0.84,-1,-1,-1
195,1,293.00,265.00,405.00,220.00,0.90,-1,-1,-1
195,14,408.00,229.00,323.00,130.00,0.86,-1,-1,-1
195,2,612.00,234.00,195.00,103.00,0.84,-1,-1,-1
196,1,293.00,265.00,405.00,220.00,0.90,-1,-1,-1
196,14,408.00,229.00,323.00,130.00,0.86,-1,-1,-1
196,2,612.00,234.00,195.00,103.00,0.84,-1,-1,-1
197,1,292.00,264.00,406.00,221.00,0.90,-1,-1,-1
197,14,407.00,229.00,324.00,130.00,0.86,-1,-1,-1
197,2,612.00,234.00,195.00,103.00,0.84,-1,-1,-1
198,1,293.00,264.00,405.00,221.00,0.90,-1,-1,-1
198,14,407.00,229.00,324.00,130.00,0.86,-1,-1,-1
198,2,612.00,234.00,195.00,103.00,0.84,-1,-1,-1
199,1,293.00,265.00,404.00,220.00,0.90,-1,-1,-1
199,14,408.00,229.00,323.00,130.00,0.86,-1,-1,-1
199,2,612.00,234.00,195.00,103.00,0.84,-1,-1,-1
200,1,293.00,265.00,404.00,220.00,0.90,-1,-1,-1
200,14,408.00,229.00,323.00,130.00,0.86,-1,-1,-1
200,2,612.00,234.00,195.00,103.00,0.84,-1,-1,-1
201,1,293.00,265.00,404.00,220.00,0.90,-1,-1,-1
201,14,408.00,229.00,323.00,130.00,0.86,-1,-1,-1
201,2,612.00,234.00,195.00,103.00,0.84,-1,-1,-1
202,1,293.00,265.00,404.00,220.00,0.90,-1,-1,-1
202,14,408.00,229.00,323.00,130.00,0.86,-1,-1,-1
202,2,612.00,234.00,195.00,103.00,0.84,-1,-1,-1
203,1,293.00,265.00,404.00,220.00,0.90,-1,-1,-1
203,14,408.00,229.00,323.00,130.00,0.86,-1,-1,-1
203,2,612.00,234.00,195.00,103.00,0.84,-1,-1,-1
204,1,293.00,265.00,404.00,220.00,0.90,-1,-1,-1
204,14,408.00,229.00,323.00,130.00,0.86,-1,-1,-1
204,2,612.00,234.00,195.00,103.00,0.84,-1,-1,-1
205,1,293.00,265.00,404.00,220.00,0.90,-1,-1,-1
205,14,408.00,229.00,323.00,130.00,0.86,-1,-1,-1
205,2,612.00,234.00,195.00,103.00,0.84,-1,-1,-1
206,1,293.00,265.00,404.00,220.00,0.90,-1,-1,-1
206,14,408.00,229.00,323.00,130.00,0.86,-1,-1,-1
206,2,612.00,234.00,195.00,103.00,0.84,-1,-1,-1
207,1,293.00,265.00,404.00,220.00,0.90,-1,-1,-1
207,14,408.00,229.00,323.00,130.00,0.86,-1,-1,-1
207,2,612.00,234.00,196.00,103.00,0.84,-1,-1,-1
208,1,293.00,265.00,404.00,220.00,0.90,-1,-1,-1
208,14,408.00,229.00,323.00,130.00,0.86,-1,-1,-1
208,2,612.00,234.00,195.00,103.00,0.84,-1,-1,-1
209,1,293.00,265.00,404.00,220.00,0.90,-1,-1,-1
209,14,408.00,229.00,323.00,130.00,0.86,-1,-1,-1
209,2,612.00,234.00,195.00,103.00,0.84,-1,-1,-1
210,1,293.00,265.00,404.00,220.00,0.90,-1,-1,-1
210,14,408.00,229.00,323.00,130.00,0.87,-1,-1,-1
210,2,612.00,234.00,195.00,103.00,0.84,-1,-1,-1
211,1,293.00,265.00,404.00,220.00,0.90,-1,-1,-1
211,14,408.00,229.00,323.00,130.00,0.86,-1,-1,-1
211,2,612.00,234.00,195.00,103.00,0.84,-1,-1,-1
212,1,293.00,265.00,404.00,220.00,0.90,-1,-1,-1
212,14,407.00,229.00,324.00,130.00,0.86,-1,-1,-1
212,2,612.00,234.00,195.00,103.00,0.84,-1,-1,-1
213,1,294.00,267.00,402.00,218.00,0.90,-1,-1,-1
213,14,409.00,230.00,321.00,129.00,0.87,-1,-1,-1
213,2,611.00,233.00,196.00,104.00,0.85,-1,-1,-1
214,1,294.00,267.00,402.00,218.00,0.90,-1,-1,-1
214,14,409.00,231.00,320.00,128.00,0.86,-1,-1,-1
214,2,611.00,233.00,196.00,104.00,0.85,-1,-1,-1
215,1,294.00,267.00,402.00,218.00,0.90,-1,-1,-1
215,14,409.00,231.00,320.00,128.00,0.86,-1,-1,-1
215,2,611.00,233.00,196.00,104.00,0.85,-1,-1,-1
216,1,294.00,267.00,402.00,218.00,0.90,-1,-1,-1
216,14,410.00,231.00,319.00,128.00,0.86,-1,-1,-1
216,2,610.00,233.00,197.00,104.00,0.85,-1,-1,-1
217,1,294.00,267.00,402.00,218.00,0.90,-1,-1,-1
217,14,409.00,231.00,320.00,128.00,0.86,-1,-1,-1
217,2,610.00,233.00,197.00,104.00,0.85,-1,-1,-1
218,1,294.00,267.00,402.00,218.00,0.90,-1,-1,-1
218,14,409.00,231.00,320.00,128.00,0.86,-1,-1,-1
218,2,610.00,233.00,197.00,104.00,0.85,-1,-1,-1
219,1,294.00,267.00,402.00,218.00,0.90,-1,-1,-1
219,14,409.00,231.00,321.00,128.00,0.86,-1,-1,-1
219,2,610.00,233.00,197.00,104.00,0.85,-1,-1,-1
220,1,294.00,267.00,402.00,218.00,0.90,-1,-1,-1
220,14,409.00,231.00,321.00,128.00,0.86,-1,-1,-1
220,2,611.00,233.00,196.00,104.00,0.85,-1,-1,-1
221,1,294.00,267.00,402.00,218.00,0.90,-1,-1,-1
221,14,409.00,231.00,321.00,128.00,0.86,-1,-1,-1
221,2,611.00,233.00,195.00,104.00,0.85,-1,-1,-1
222,1,294.00,267.00,402.00,218.00,0.90,-1,-1,-1
222,14,408.00,231.00,322.00,128.00,0.86,-1,-1,-1
222,2,611.00,233.00,195.00,104.00,0.85,-1,-1,-1
223,1,294.00,267.00,402.00,218.00,0.90,-1,-1,-1
223,14,409.00,231.00,321.00,128.00,0.86,-1,-1,-1
223,2,611.00,233.00,195.00,104.00,0.85,-1,-1,-1
224,1,294.00,267.00,402.00,218.00,0.90,-1,-1,-1
224,14,409.00,231.00,321.00,128.00,0.86,-1,-1,-1
224,2,611.00,233.00,195.00,104.00,0.85,-1,-1,-1
225,1,294.00,267.00,402.00,218.00,0.90,-1,-1,-1
225,14,408.00,231.00,322.00,128.00,0.86,-1,-1,-1
225,2,611.00,233.00,195.00,104.00,0.85,-1,-1,-1
226,1,294.00,267.00,402.00,218.00,0.90,-1,-1,-1
226,14,408.00,231.00,322.00,128.00,0.86,-1,-1,-1
226,2,611.00,233.00,195.00,104.00,0.85,-1,-1,-1
227,1,293.00,267.00,403.00,218.00,0.90,-1,-1,-1
227,14,408.00,231.00,322.00,128.00,0.86,-1,-1,-1
227,2,611.00,233.00,195.00,104.00,0.86,-1,-1,-1
228,1,293.00,267.00,403.00,218.00,0.90,-1,-1,-1
228,14,408.00,231.00,322.00,128.00,0.86,-1,-1,-1
228,2,611.00,233.00,195.00,104.00,0.85,-1,-1,-1
229,1,293.00,267.00,404.00,218.00,0.90,-1,-1,-1
229,14,408.00,231.00,322.00,128.00,0.86,-1,-1,-1
229,2,611.00,233.00,195.00,104.00,0.85,-1,-1,-1
230,1,294.00,268.00,402.00,217.00,0.91,-1,-1,-1
230,14,407.00,230.00,325.00,129.00,0.86,-1,-1,-1
230,2,612.00,234.00,194.00,103.00,0.85,-1,-1,-1
231,1,293.00,268.00,403.00,217.00,0.90,-1,-1,-1
231,14,406.00,230.00,327.00,130.00,0.86,-1,-1,-1
231,2,612.00,234.00,194.00,103.00,0.85,-1,-1,-1
232,1,293.00,268.00,404.00,217.00,0.90,-1,-1,-1
232,14,406.00,230.00,327.00,130.00,0.86,-1,-1,-1
232,2,612.00,234.00,194.00,103.00,0.85,-1,-1,-1
233,1,293.00,268.00,403.00,217.00,0.91,-1,-1,-1
233,14,407.00,230.00,325.00,130.00,0.86,-1,-1,-1
233,2,612.00,234.00,195.00,103.00,0.85,-1,-1,-1
234,1,293.00,268.00,404.00,217.00,0.91,-1,-1,-1
234,14,407.00,230.00,325.00,130.00,0.86,-1,-1,-1
234,2,612.00,234.00,195.00,103.00,0.85,-1,-1,-1
235,1,293.00,268.00,404.00,217.00,0.91,-1,-1,-1
235,14,407.00,230.00,325.00,130.00,0.86,-1,-1,-1
235,2,612.00,234.00,195.00,103.00,0.85,-1,-1,-1
236,1,293.00,268.00,404.00,217.00,0.91,-1,-1,-1
236,14,408.00,230.00,324.00,130.00,0.86,-1,-1,-1
236,2,612.00,234.00,195.00,103.00,0.85,-1,-1,-1
237,1,293.00,268.00,404.00,217.00,0.91,-1,-1,-1
237,14,408.00,230.00,324.00,130.00,0.85,-1,-1,-1
237,2,612.00,234.00,195.00,103.00,0.85,-1,-1,-1
238,1,293.00,268.00,403.00,217.00,0.91,-1,-1,-1
238,14,408.00,230.00,323.00,130.00,0.86,-1,-1,-1
238,2,612.00,234.00,195.00,103.00,0.85,-1,-1,-1
239,1,293.00,268.00,404.00,217.00,0.91,-1,-1,-1
239,14,408.00,230.00,323.00,130.00,0.85,-1,-1,-1
239,2,612.00,234.00,195.00,103.00,0.85,-1,-1,-1
240,1,293.00,268.00,404.00,217.00,0.91,-1,-1,-1
240,14,408.00,230.00,323.00,130.00,0.85,-1,-1,-1
240,2,612.00,234.00,195.00,103.00,0.85,-1,-1,-1
241,1,293.00,268.00,404.00,217.00,0.90,-1,-1,-1
241,14,408.00,230.00,323.00,130.00,0.85,-1,-1,-1
241,2,612.00,234.00,195.00,103.00,0.85,-1,-1,-1
242,1,293.00,268.00,404.00,217.00,0.91,-1,-1,-1
242,14,408.00,230.00,323.00,130.00,0.85,-1,-1,-1
242,2,612.00,234.00,195.00,103.00,0.85,-1,-1,-1
243,1,293.00,268.00,404.00,217.00,0.91,-1,-1,-1
243,14,408.00,230.00,323.00,130.00,0.85,-1,-1,-1
243,2,612.00,234.00,195.00,103.00,0.85,-1,-1,-1
244,1,293.00,268.00,404.00,217.00,0.91,-1,-1,-1
244,14,408.00,230.00,323.00,130.00,0.85,-1,-1,-1
244,2,612.00,234.00,195.00,103.00,0.85,-1,-1,-1
245,1,293.00,268.00,404.00,217.00,0.91,-1,-1,-1
245,14,408.00,230.00,323.00,130.00,0.85,-1,-1,-1
245,2,612.00,234.00,195.00,103.00,0.85,-1,-1,-1
246,1,293.00,268.00,404.00,217.00,0.91,-1,-1,-1
246,14,409.00,230.00,322.00,130.00,0.86,-1,-1,-1
246,2,612.00,234.00,195.00,103.00,0.85,-1,-1,-1
247,1,293.00,268.00,404.00,217.00,0.91,-1,-1,-1
247,14,409.00,231.00,321.00,129.00,0.86,-1,-1,-1
247,2,612.00,234.00,195.00,103.00,0.85,-1,-1,-1
248,1,293.00,268.00,404.00,217.00,0.91,-1,-1,-1
248,14,409.00,230.00,321.00,130.00,0.86,-1,-1,-1
248,2,612.00,234.00,195.00,103.00,0.85,-1,-1,-1
249,1,293.00,268.00,404.00,217.00,0.91,-1,-1,-1
249,14,409.00,231.00,321.00,129.00,0.85,-1,-1,-1
249,2,612.00,234.00,195.00,103.00,0.85,-1,-1,-1
250,1,293.00,268.00,404.00,217.00,0.91,-1,-1,-1
250,14,409.00,231.00,321.00,129.00,0.85,-1,-1,-1
250,2,612.00,234.00,195.00,103.00,0.85,-1,-1,-1
251,1,293.00,268.00,403.00,217.00,0.91,-1,-1,-1
251,14,410.00,232.00,319.00,128.00,0.85,-1,-1,-1
251,2,612.00,234.00,195.00,103.00,0.85,-1,-1,-1
252,1,293.00,269.00,403.00,216.00,0.91,-1,-1,-1
252,14,410.00,232.00,319.00,128.00,0.85,-1,-1,-1
252,2,612.00,234.00,195.00,103.00,0.85,-1,-1,-1
253,1,293.00,268.00,404.00,217.00,0.91,-1,-1,-1
253,14,410.00,232.00,319.00,128.00,0.85,-1,-1,-1
253,2,612.00,234.00,195.00,103.00,0.85,-1,-1,-1
254,1,293.00,268.00,404.00,217.00,0.91,-1,-1,-1
254,14,410.00,232.00,319.00,128.00,0.85,-1,-1,-1
254,2,612.00,234.00,195.00,103.00,0.85,-1,-1,-1
255,1,293.00,268.00,404.00,217.00,0.91,-1,-1,-1
255,14,409.00,231.00,321.00,128.00,0.84,-1,-1,-1
255,2,612.00,234.00,195.00,103.00,0.85,-1,-1,-1
256,1,293.00,267.00,404.00,218.00,0.90,-1,-1,-1
256,14,408.00,231.00,322.00,129.00,0.85,-1,-1,-1
256,2,612.00,234.00,195.00,103.00,0.86,-1,-1,-1
257,1,293.00,267.00,404.00,218.00,0.91,-1,-1,-1
257,14,409.00,231.00,321.00,129.00,0.85,-1,-1,-1
257,2,612.00,234.00,195.00,103.00,0.86,-1,-1,-1
258,1,292.00,267.00,406.00,218.00,0.90,-1,-1,-1
258,14,409.00,231.00,321.00,129.00,0.85,-1,-1,-1
258,2,612.00,234.00,195.00,103.00,0.86,-1,-1,-1
259,1,292.00,267.00,406.00,218.00,0.91,-1,-1,-1
259,14,408.00,231.00,322.00,129.00,0.85,-1,-1,-1
259,2,612.00,234.00,195.00,103.00,0.85,-1,-1,-1
260,1,293.00,268.00,404.00,217.00,0.90,-1,-1,-1
260,14,410.00,231.00,319.00,128.00,0.86,-1,-1,-1
260,2,612.00,234.00,195.00,104.00,0.86,-1,-1,-1
261,1,293.00,268.00,403.00,217.00,0.90,-1,-1,-1
261,14,410.00,231.00,319.00,127.00,0.87,-1,-1,-1
261,2,612.00,234.00,195.00,104.00,0.86,-1,-1,-1
262,1,293.00,268.00,403.00,217.00,0.90,-1,-1,-1
262,14,410.00,231.00,318.00,127.00,0.87,-1,-1,-1
262,2,612.00,234.00,195.00,104.00,0.86,-1,-1,-1
263,1,293.00,268.00,403.00,217.00,0.90,-1,-1,-1
263,14,410.00,232.00,318.00,126.00,0.86,-1,-1,-1
263,2,612.00,234.00,195.00,104.00,0.86,-1,-1,-1
264,1,293.00,267.00,404.00,218.00,0.90,-1,-1,-1
264,14,409.00,231.00,320.00,127.00,0.86,-1,-1,-1
264,2,612.00,234.00,195.00,104.00,0.86,-1,-1,-1
265,1,293.00,267.00,404.00,218.00,0.90,-1,-1,-1
265,14,409.00,231.00,320.00,127.00,0.86,-1,-1,-1
265,2,612.00,234.00,195.00,104.00,0.86,-1,-1,-1
266,1,293.00,268.00,404.00,217.00,0.90,-1,-1,-1
266,14,409.00,232.00,319.00,126.00,0.86,-1,-1,-1
266,2,612.00,234.00,195.00,104.00,0.86,-1,-1,-1
267,1,293.00,268.00,404.00,217.00,0.90,-1,-1,-1
267,14,410.00,232.00,318.00,126.00,0.86,-1,-1,-1
267,2,612.00,234.00,195.00,104.00,0.86,-1,-1,-1
268,1,293.00,267.00,404.00,218.00,0.90,-1,-1,-1
268,14,409.00,232.00,319.00,126.00,0.86,-1,-1,-1
268,2,612.00,234.00,195.00,104.00,0.86,-1,-1,-1
269,1,293.00,267.00,404.00,218.00,0.90,-1,-1,-1
269,14,409.00,232.00,320.00,126.00,0.86,-1,-1,-1
269,2,612.00,234.00,195.00,104.00,0.86,-1,-1,-1
270,1,293.00,268.00,404.00,217.00,0.90,-1,-1,-1
270,14,409.00,232.00,320.00,126.00,0.86,-1,-1,-1
270,2,612.00,234.00,195.00,104.00,0.86,-1,-1,-1
271,1,293.00,268.00,404.00,217.00,0.90,-1,-1,-1
271,14,409.00,232.00,320.00,126.00,0.86,-1,-1,-1
271,2,612.00,234.00,195.00,104.00,0.86,-1,-1,-1
272,1,293.00,268.00,403.00,217.00,0.90,-1,-1,-1
272,14,409.00,232.00,320.00,126.00,0.86,-1,-1,-1
272,2,612.00,234.00,195.00,104.00,0.86,-1,-1,-1
273,1,293.00,268.00,403.00,217.00,0.90,-1,-1,-1
273,14,409.00,232.00,320.00,126.00,0.86,-1,-1,-1
273,2,612.00,234.00,195.00,104.00,0.86,-1,-1,-1
274,1,293.00,268.00,404.00,217.00,0.90,-1,-1,-1
274,14,409.00,232.00,320.00,126.00,0.86,-1,-1,-1
274,2,612.00,234.00,195.00,104.00,0.86,-1,-1,-1
275,1,293.00,268.00,404.00,217.00,0.90,-1,-1,-1
275,14,409.00,232.00,320.00,126.00,0.86,-1,-1,-1
275,2,612.00,234.00,195.00,104.00,0.86,-1,-1,-1
276,1,293.00,268.00,404.00,217.00,0.90,-1,-1,-1
276,14,409.00,232.00,321.00,126.00,0.86,-1,-1,-1
276,2,612.00,233.00,195.00,104.00,0.86,-1,-1,-1
277,1,293.00,268.00,404.00,217.00,0.90,-1,-1,-1
277,14,408.00,232.00,322.00,126.00,0.86,-1,-1,-1
277,2,612.00,233.00,194.00,104.00,0.86,-1,-1,-1
278,1,293.00,268.00,404.00,217.00,0.90,-1,-1,-1
278,14,408.00,232.00,322.00,126.00,0.86,-1,-1,-1
278,2,612.00,233.00,194.00,104.00,0.86,-1,-1,-1
279,1,293.00,268.00,404.00,217.00,0.90,-1,-1,-1
279,14,408.00,232.00,322.00,126.00,0.85,-1,-1,-1
279,2,612.00,234.00,194.00,103.00,0.86,-1,-1,-1
280,1,292.00,267.00,405.00,218.00,0.89,-1,-1,-1
280,14,408.00,232.00,322.00,126.00,0.86,-1,-1,-1
280,2,612.00,234.00,195.00,104.00,0.86,-1,-1,-1
281,1,292.00,267.00,405.00,218.00,0.89,-1,-1,-1
281,14,408.00,231.00,323.00,127.00,0.86,-1,-1,-1
281,2,612.00,233.00,195.00,104.00,0.86,-1,-1,-1
282,1,293.00,267.00,404.00,218.00,0.90,-1,-1,-1
282,14,408.00,231.00,323.00,127.00,0.86,-1,-1,-1
282,2,612.00,233.00,195.00,104.00,0.86,-1,-1,-1
283,1,293.00,267.00,404.00,218.00,0.90,-1,-1,-1
283,14,408.00,232.00,322.00,126.00,0.86,-1,-1,-1
283,2,612.00,233.00,195.00,104.00,0.86,-1,-1,-1
284,1,292.00,267.00,405.00,218.00,0.90,-1,-1,-1
284,14,408.00,231.00,322.00,127.00,0.86,-1,-1,-1
284,2,612.00,233.00,195.00,104.00,0.86,-1,-1,-1
285,1,293.00,268.00,404.00,217.00,0.90,-1,-1,-1
285,14,408.00,232.00,322.00,126.00,0.86,-1,-1,-1
285,2,612.00,233.00,195.00,104.00,0.86,-1,-1,-1
286,1,293.00,268.00,403.00,217.00,0.90,-1,-1,-1
286,14,408.00,232.00,322.00,126.00,0.86,-1,-1,-1
286,2,612.00,233.00,195.00,104.00,0.86,-1,-1,-1
287,1,294.00,269.00,402.00,216.00,0.90,-1,-1,-1
287,14,408.00,232.00,322.00,126.00,0.86,-1,-1,-1
287,2,612.00,233.00,195.00,104.00,0.86,-1,-1,-1
288,1,293.00,269.00,403.00,216.00,0.90,-1,-1,-1
288,14,408.00,232.00,322.00,126.00,0.86,-1,-1,-1
288,2,612.00,233.00,194.00,104.00,0.86,-1,-1,-1
289,1,293.00,269.00,403.00,216.00,0.90,-1,-1,-1
289,14,408.00,232.00,322.00,126.00,0.86,-1,-1,-1
289,2,612.00,233.00,194.00,104.00,0.86,-1,-1,-1
290,1,293.00,269.00,404.00,216.00,0.90,-1,-1,-1
290,14,406.00,231.00,326.00,128.00,0.86,-1,-1,-1
290,2,612.00,234.00,194.00,104.00,0.85,-1,-1,-1
291,1,293.00,269.00,404.00,217.00,0.90,-1,-1,-1
291,14,406.00,231.00,326.00,128.00,0.86,-1,-1,-1
291,2,612.00,234.00,194.00,104.00,0.85,-1,-1,-1
292,1,292.00,268.00,406.00,218.00,0.90,-1,-1,-1
292,14,406.00,231.00,326.00,128.00,0.86,-1,-1,-1
292,2,612.00,234.00,194.00,104.00,0.85,-1,-1,-1
293,1,292.00,267.00,406.00,219.00,0.90,-1,-1,-1
293,14,405.00,231.00,327.00,128.00,0.86,-1,-1,-1
293,2,612.00,234.00,194.00,104.00,0.85,-1,-1,-1
294,1,291.00,267.00,408.00,219.00,0.89,-1,-1,-1
294,14,405.00,230.00,327.00,129.00,0.86,-1,-1,-1
294,2,612.00,234.00,194.00,104.00,0.85,-1,-1,-1
295,1,291.00,266.00,408.00,220.00,0.89,-1,-1,-1
295,14,405.00,230.00,327.00,129.00,0.85,-1,-1,-1
295,2,612.00,234.00,194.00,104.00,0.85,-1,-1,-1
296,1,291.00,266.00,408.00,220.00,0.89,-1,-1,-1
296,14,405.00,230.00,327.00,129.00,0.85,-1,-1,-1
296,2,612.00,234.00,194.00,104.00,0.85,-1,-1,-1
296,32,622.00,208.00,244.00,97.00,0.34,-1,-1,-1
297,1,291.00,266.00,408.00,220.00,0.89,-1,-1,-1
297,14,406.00,230.00,326.00,129.00,0.85,-1,-1,-1
297,2,612.00,234.00,194.00,104.00,0.85,-1,-1,-1
297,32,619.00,208.00,246.00,97.00,0.34,-1,-1,-1
298,1,291.00,266.00,408.00,220.00,0.89,-1,-1,-1
298,14,405.00,230.00,327.00,129.00,0.85,-1,-1,-1
298,2,612.00,234.00,194.00,104.00,0.85,-1,-1,-1
298,32,618.00,208.00,247.00,97.00,0.35,-1,-1,-1
299,1,291.00,266.00,408.00,220.00,0.89,-1,-1,-1
299,14,405.00,230.00,327.00,129.00,0.85,-1,-1,-1
299,2,612.00,234.00,194.00,104.00,0.85,-1,-1,-1
299,32,627.00,206.00,248.00,97.00,0.19,-1,-1,-1
300,1,291.00,266.00,408.00,220.00,0.88,-1,-1,-1
300,14,405.00,230.00,327.00,129.00,0.85,-1,-1,-1
300,2,612.00,234.00,194.00,104.00,0.85,-1,-1,-1
300,32,631.00,205.00,248.00,98.00,0.19,-1,-1,-1
301,1,292.00,266.00,406.00,220.00,0.89,-1,-1,-1
301,14,405.00,230.00,327.00,129.00,0.85,-1,-1,-1
301,2,612.00,234.00,194.00,104.00,0.85,-1,-1,-1
301,32,629.00,204.00,249.00,99.00,0.11,-1,-1,-1
302,1,292.00,266.00,406.00,220.00,0.89,-1,-1,-1
302,14,405.00,230.00,327.00,129.00,0.85,-1,-1,-1
302,2,612.00,234.00,194.00,104.00,0.85,-1,-1,-1
303,1,292.00,266.00,406.00,220.00,0.89,-1,-1,-1
303,14,405.00,229.00,327.00,130.00,0.85,-1,-1,-1
303,2,612.00,234.00,194.00,103.00,0.85,-1,-1,-1
304,1,292.00,266.00,406.00,220.00,0.89,-1,-1,-1
304,14,405.00,229.00,327.00,130.00,0.86,-1,-1,-1
304,2,612.00,234.00,194.00,103.00,0.85,-1,-1,-1
305,1,292.00,266.00,406.00,220.00,0.89,-1,-1,-1
305,14,406.00,229.00,326.00,130.00,0.86,-1,-1,-1
305,2,612.00,234.00,194.00,103.00,0.85,-1,-1,-1
306,1,292.00,266.00,406.00,220.00,0.89,-1,-1,-1
306,14,406.00,230.00,325.00,129.00,0.86,-1,-1,-1
306,2,612.00,234.00,194.00,103.00,0.85,-1,-1,-1
307,1,292.00,266.00,406.00,220.00,0.89,-1,-1,-1
307,14,406.00,230.00,325.00,129.00,0.85,-1,-1,-1
307,2,612.00,233.00,194.00,104.00,0.86,-1,-1,-1
308,1,292.00,266.00,405.00,220.00,0.89,-1,-1,-1
308,14,407.00,230.00,324.00,129.00,0.85,-1,-1,-1
308,2,612.00,233.00,194.00,104.00,0.86,-1,-1,-1
309,1,292.00,266.00,405.00,220.00,0.89,-1,-1,-1
309,14,407.00,230.00,324.00,129.00,0.85,-1,-1,-1
309,2,611.00,233.00,195.00,104.00,0.86,-1,-1,-1
310,1,292.00,266.00,406.00,220.00,0.89,-1,-1,-1
310,14,407.00,230.00,324.00,129.00,0.85,-1,-1,-1
310,2,611.00,234.00,195.00,104.00,0.85,-1,-1,-1
311,1,292.00,266.00,406.00,220.00,0.89,-1,-1,-1
311,14,407.00,230.00,324.00,129.00,0.85,-1,-1,-1
311,2,611.00,234.00,195.00,103.00,0.86,-1,-1,-1
312,1,292.00,266.00,406.00,220.00,0.88,-1,-1,-1
312,14,407.00,230.00,324.00,129.00,0.86,-1,-1,-1
312,2,611.00,234.00,195.00,103.00,0.86,-1,-1,-1
313,1,292.00,265.00,406.00,221.00,0.88,-1,-1,-1
313,14,408.00,230.00,322.00,129.00,0.85,-1,-1,-1
313,2,611.00,234.00,195.00,103.00,0.85,-1,-1,-1
314,1,292.00,265.00,406.00,221.00,0.88,-1,-1,-1
314,14,408.00,230.00,322.00,129.00,0.86,-1,-1,-1
314,2,611.00,234.00,195.00,103.00,0.85,-1,-1,-1
315,1,292.00,265.00,406.00,221.00,0.88,-1,-1,-1
315,14,407.00,230.00,323.00,129.00,0.85,-1,-1,-1
315,2,611.00,234.00,195.00,103.00,0.85,-1,-1,-1
316,1,292.00,265.00,406.00,221.00,0.88,-1,-1,-1
316,14,408.00,230.00,322.00,129.00,0.86,-1,-1,-1
316,2,611.00,234.00,195.00,103.00,0.85,-1,-1,-1
317,1,292.00,265.00,406.00,221.00,0.89,-1,-1,-1
317,14,407.00,230.00,323.00,129.00,0.86,-1,-1,-1
317,2,611.00,234.00,195.00,103.00,0.85,-1,-1,-1
