2,1,295.00,277.00,382.00,206.00,0.92,-1,-1,-1
2,2,401.00,229.00,329.00,132.00,0.88,-1,-1,-1
2,3,615.00,235.00,192.00,102.00,0.84,-1,-1,-1
3,1,296.00,276.00,380.00,206.00,0.92,-1,-1,-1
3,2,401.00,229.00,329.00,132.00,0.88,-1,-1,-1
3,3,616.00,235.00,191.00,102.00,0.84,-1,-1,-1
4,1,296.00,276.00,380.00,205.00,0.92,-1,-1,-1
4,2,402.00,229.00,328.00,132.00,0.87,-1,-1,-1
4,3,615.00,235.00,192.00,102.00,0.84,-1,-1,-1
5,1,296.00,276.00,380.00,205.00,0.92,-1,-1,-1
5,2,401.00,229.00,329.00,132.00,0.87,-1,-1,-1
5,3,615.00,235.00,192.00,102.00,0.84,-1,-1,-1
6,1,295.00,276.00,382.00,206.00,0.92,-1,-1,-1
6,2,401.00,229.00,329.00,132.00,0.87,-1,-1,-1
6,3,615.00,235.00,192.00,102.00,0.84,-1,-1,-1
7,1,295.00,276.00,382.00,206.00,0.92,-1,-1,-1
7,2,402.00,229.00,328.00,132.00,0.87,-1,-1,-1
7,3,615.00,235.00,192.00,102.00,0.84,-1,-1,-1
8,1,295.00,276.00,382.00,206.00,0.92,-1,-1,-1
8,2,401.00,229.00,329.00,132.00,0.87,-1,-1,-1
8,3,615.00,235.00,192.00,102.00,0.84,-1,-1,-1
9,1,295.00,276.00,382.00,207.00,0.92,-1,-1,-1
9,2,401.00,229.00,329.00,132.00,0.87,-1,-1,-1
9,3,615.00,235.00,192.00,102.00,0.84,-1,-1,-1
10,1,294.00,276.00,384.00,207.00,0.93,-1,-1,-1
10,2,401.00,229.00,329.00,132.00,0.87,-1,-1,-1
10,3,615.00,235.00,192.00,102.00,0.84,-1,-1,-1
11,1,295.00,276.00,382.00,207.00,0.92,-1,-1,-1
11,2,401.00,229.00,329.00,132.00,0.87,-1,-1,-1
11,3,615.00,235.00,192.00,102.00,0.84,-1,-1,-1
12,1,294.00,276.00,383.00,207.00,0.92,-1,-1,-1
12,2,402.00,229.00,328.00,132.00,0.86,-1,-1,-1
12,3,615.00,235.00,192.00,102.00,0.84,-1,-1,-1
13,1,294.00,277.00,383.00,207.00,0.92,-1,-1,-1
13,2,402.00,229.00,328.00,132.00,0.86,-1,-1,-1
13,3,615.00,235.00,192.00,102.00,0.84,-1,-1,-1
14,1,295.00,276.00,383.00,208.00,0.93,-1,-1,-1
14,2,402.00,229.00,328.00,132.00,0.86,-1,-1,-1
14,3,615.00,235.00,192.00,102.00,0.84,-1,-1,-1
15,1,294.00,276.00,384.00,208.00,0.93,-1,-1,-1
15,2,402.00,229.00,328.00,132.00,0.86,-1,-1,-1
15,3,615.00,235.00,192.00,102.00,0.84,-1,-1,-1
16,1,293.00,275.00,384.00,207.00,0.89,-1,-1,-1
16,2,402.00,229.00,328.00,132.00,0.86,-1,-1,-1
16,3,615.00,235.00,192.00,102.00,0.84,-1,-1,-1
17,1,293.00,275.00,383.00,206.00,0.91,-1,-1,-1
17,2,402.00,229.00,328.00,132.00,0.86,-1,-1,-1
17,3,615.00,235.00,192.00,102.00,0.84,-1,-1,-1
18,1,293.00,275.00,384.00,206.00,0.91,-1,-1,-1
18,2,402.00,229.00,328.00,132.00,0.86,-1,-1,-1
18,3,615.00,235.00,192.00,102.00,0.84,-1,-1,-1
19,1,293.00,274.00,384.00,207.00,0.91,-1,-1,-1
19,2,402.00,229.00,328.00,132.00,0.86,-1,-1,-1
19,3,615.00,235.00,192.00,102.00,0.84,-1,-1,-1
20,1,294.00,274.00,384.00,207.00,0.91,-1,-1,-1
20,2,402.00,229.00,328.00,132.00,0.86,-1,-1,-1
20,3,615.00,235.00,192.00,102.00,0.84,-1,-1,-1
21,1,294.00,275.00,385.00,206.00,0.90,-1,-1,-1
21,2,401.00,229.00,329.00,132.00,0.86,-1,-1,-1
21,3,615.00,235.00,192.00,102.00,0.85,-1,-1,-1
22,1,294.00,275.00,385.00,207.00,0.90,-1,-1,-1
22,2,401.00,229.00,329.00,132.00,0.86,-1,-1,-1
22,3,615.00,235.00,192.00,102.00,0.85,-1,-1,-1
23,1,292.00,275.00,385.00,208.00,0.90,-1,-1,-1
23,2,402.00,229.00,328.00,132.00,0.86,-1,-1,-1
23,3,615.00,235.00,193.00,102.00,0.85,-1,-1,-1
24,1,290.00,275.00,386.00,207.00,0.90,-1,-1,-1
24,2,401.00,229.00,329.00,132.00,0.86,-1,-1,-1
24,3,615.00,235.00,193.00,102.00,0.84,-1,-1,-1
25,1,286.00,275.00,388.00,208.00,0.90,-1,-1,-1
25,2,401.00,229.00,329.00,132.00,0.86,-1,-1,-1
25,3,615.00,235.00,193.00,102.00,0.84,-1,-1,-1
26,1,282.00,275.00,390.00,209.00,0.91,-1,-1,-1
26,2,401.00,229.00,329.00,132.00,0.86,-1,-1,-1
26,3,615.00,235.00,193.00,102.00,0.84,-1,-1,-1
27,1,277.00,275.00,393.00,209.00,0.91,-1,-1,-1
27,2,401.00,229.00,329.00,132.00,0.86,-1,-1,-1
27,3,615.00,234.00,192.00,103.00,0.84,-1,-1,-1
28,1,283.00,275.00,391.00,208.00,0.90,-1,-1,-1
28,2,401.00,229.00,330.00,132.00,0.86,-1,-1,-1
28,3,615.00,234.00,192.00,103.00,0.84,-1,-1,-1
29,1,288.00,275.00,390.00,208.00,0.91,-1,-1,-1
29,2,401.00,229.00,330.00,132.00,0.86,-1,-1,-1
29,3,615.00,234.00,192.00,103.00,0.84,-1,-1,-1
30,1,292.00,275.00,389.00,208.00,0.91,-1,-1,-1
30,2,401.00,229.00,330.00,132.00,0.87,-1,-1,-1
30,3,615.00,234.00,192.00,103.00,0.84,-1,-1,-1
31,1,293.00,275.00,388.00,208.00,0.91,-1,-1,-1
31,2,401.00,229.00,330.00,132.00,0.87,-1,-1,-1
31,3,615.00,234.00,192.00,103.00,0.84,-1,-1,-1
32,1,292.00,275.00,389.00,209.00,0.91,-1,-1,-1
32,2,401.00,229.00,329.00,132.00,0.87,-1,-1,-1
32,3,614.00,235.00,192.00,102.00,0.83,-1,-1,-1
33,1,292.00,275.00,389.00,209.00,0.91,-1,-1,-1
33,2,401.00,229.00,329.00,132.00,0.87,-1,-1,-1
33,3,613.00,235.00,192.00,102.00,0.83,-1,-1,-1
34,1,292.00,275.00,389.00,209.00,0.91,-1,-1,-1
34,2,401.00,229.00,330.00,132.00,0.87,-1,-1,-1
34,3,613.00,235.00,192.00,102.00,0.83,-1,-1,-1
35,1,292.00,275.00,389.00,209.00,0.91,-1,-1,-1
35,2,401.00,228.00,330.00,133.00,0.86,-1,-1,-1
35,3,613.00,235.00,192.00,102.00,0.83,-1,-1,-1
36,1,293.00,275.00,387.00,209.00,0.91,-1,-1,-1
36,2,401.00,228.00,330.00,133.00,0.86,-1,-1,-1
36,3,613.00,235.00,192.00,102.00,0.84,-1,-1,-1
37,1,293.00,275.00,387.00,209.00,0.91,-1,-1,-1
37,2,401.00,228.00,330.00,133.00,0.86,-1,-1,-1
37,3,613.00,235.00,192.00,102.00,0.84,-1,-1,-1
38,1,293.00,275.00,387.00,209.00,0.91,-1,-1,-1
38,2,401.00,228.00,330.00,133.00,0.86,-1,-1,-1
38,3,613.00,235.00,192.00,102.00,0.84,-1,-1,-1
39,1,293.00,275.00,387.00,209.00,0.91,-1,-1,-1
39,2,401.00,228.00,330.00,133.00,0.86,-1,-1,-1
39,3,613.00,235.00,192.00,102.00,0.84,-1,-1,-1
40,1,293.00,275.00,386.00,209.00,0.91,-1,-1,-1
40,2,401.00,228.00,330.00,133.00,0.86,-1,-1,-1
40,3,612.00,235.00,194.00,102.00,0.84,-1,-1,-1
41,1,292.00,275.00,386.00,209.00,0.91,-1,-1,-1
41,2,401.00,228.00,329.00,133.00,0.86,-1,-1,-1
41,3,612.00,235.00,194.00,102.00,0.84,-1,-1,-1
42,1,293.00,275.00,386.00,209.00,0.91,-1,-1,-1
42,2,401.00,228.00,329.00,133.00,0.86,-1,-1,-1
42,3,613.00,235.00,193.00,102.00,0.84,-1,-1,-1
43,1,293.00,275.00,386.00,209.00,0.91,-1,-1,-1
43,2,401.00,228.00,329.00,133.00,0.86,-1,-1,-1
43,3,613.00,235.00,193.00,102.00,0.84,-1,-1,-1
44,1,294.00,275.00,385.00,209.00,0.91,-1,-1,-1
44,2,402.00,229.00,328.00,132.00,0.86,-1,-1,-1
44,3,613.00,235.00,193.00,102.00,0.84,-1,-1,-1
45,1,294.00,275.00,385.00,209.00,0.91,-1,-1,-1
45,2,402.00,229.00,328.00,132.00,0.86,-1,-1,-1
45,3,613.00,235.00,193.00,102.00,0.84,-1,-1,-1
46,1,294.00,275.00,385.00,209.00,0.91,-1,-1,-1
46,2,402.00,229.00,328.00,132.00,0.86,-1,-1,-1
46,3,613.00,235.00,193.00,102.00,0.84,-1,-1,-1
47,1,294.00,275.00,385.00,209.00,0.91,-1,-1,-1
47,2,402.00,229.00,328.00,132.00,0.86,-1,-1,-1
47,3,613.00,235.00,193.00,102.00,0.84,-1,-1,-1
48,1,294.00,275.00,385.00,209.00,0.91,-1,-1,-1
48,2,402.00,229.00,328.00,132.00,0.86,-1,-1,-1
48,3,613.00,235.00,193.00,102.00,0.84,-1,-1,-1
49,1,294.00,275.00,384.00,209.00,0.91,-1,-1,-1
49,2,402.00,229.00,328.00,132.00,0.86,-1,-1,-1
49,3,612.00,235.00,194.00,102.00,0.84,-1,-1,-1
50,1,294.00,275.00,384.00,209.00,0.91,-1,-1,-1
50,2,402.00,229.00,328.00,132.00,0.86,-1,-1,-1
50,3,612.00,235.00,194.00,102.00,0.84,-1,-1,-1
51,1,294.00,274.00,384.00,210.00,0.91,-1,-1,-1
51,2,402.00,229.00,328.00,132.00,0.87,-1,-1,-1
51,3,612.00,235.00,194.00,102.00,0.84,-1,-1,-1
52,1,294.00,275.00,384.00,209.00,0.91,-1,-1,-1
52,2,402.00,229.00,328.00,132.00,0.87,-1,-1,-1
52,3,612.00,235.00,194.00,102.00,0.84,-1,-1,-1
53,1,294.00,275.00,384.00,209.00,0.91,-1,-1,-1
53,2,402.00,229.00,328.00,132.00,0.87,-1,-1,-1
53,3,612.00,235.00,194.00,102.00,0.84,-1,-1,-1
54,1,294.00,275.00,384.00,209.00,0.91,-1,-1,-1
54,2,402.00,229.00,328.00,132.00,0.87,-1,-1,-1
54,3,612.00,235.00,194.00,102.00,0.84,-1,-1,-1
55,1,294.00,274.00,384.00,210.00,0.91,-1,-1,-1
55,2,402.00,229.00,328.00,132.00,0.87,-1,-1,-1
55,3,612.00,235.00,194.00,102.00,0.84,-1,-1,-1
56,1,294.00,274.00,384.00,210.00,0.91,-1,-1,-1
56,2,402.00,229.00,328.00,132.00,0.87,-1,-1,-1
56,3,612.00,235.00,194.00,102.00,0.84,-1,-1,-1
57,1,294.00,274.00,384.00,210.00,0.91,-1,-1,-1
57,2,402.00,229.00,328.00,132.00,0.87,-1,-1,-1
57,3,612.00,235.00,194.00,102.00,0.84,-1,-1,-1
58,1,295.00,274.00,383.00,210.00,0.91,-1,-1,-1
58,2,402.00,229.00,328.00,132.00,0.87,-1,-1,-1
58,3,612.00,235.00,194.00,102.00,0.84,-1,-1,-1
59,1,295.00,274.00,383.00,210.00,0.91,-1,-1,-1
59,2,402.00,229.00,328.00,132.00,0.87,-1,-1,-1
59,3,612.00,235.00,194.00,102.00,0.84,-1,-1,-1
60,1,295.00,274.00,383.00,210.00,0.91,-1,-1,-1
60,2,402.00,229.00,328.00,132.00,0.87,-1,-1,-1
60,3,612.00,235.00,194.00,102.00,0.84,-1,-1,-1
61,1,295.00,274.00,383.00,210.00,0.91,-1,-1,-1
61,2,402.00,229.00,328.00,132.00,0.87,-1,-1,-1
61,3,612.00,235.00,194.00,102.00,0.84,-1,-1,-1
62,1,295.00,275.00,383.00,209.00,0.91,-1,-1,-1
62,2,402.00,228.00,328.00,133.00,0.87,-1,-1,-1
62,3,613.00,234.00,194.00,103.00,0.85,-1,-1,-1
63,1,295.00,275.00,383.00,209.00,0.91,-1,-1,-1
63,2,402.00,228.00,328.00,133.00,0.87,-1,-1,-1
63,3,613.00,234.00,195.00,103.00,0.86,-1,-1,-1
64,1,295.00,275.00,383.00,209.00,0.91,-1,-1,-1
64,2,402.00,228.00,328.00,133.00,0.87,-1,-1,-1
64,3,613.00,234.00,195.00,103.00,0.85,-1,-1,-1
65,1,295.00,275.00,383.00,209.00,0.91,-1,-1,-1
65,2,402.00,228.00,328.00,133.00,0.87,-1,-1,-1
65,3,613.00,234.00,195.00,103.00,0.86,-1,-1,-1
66,1,295.00,275.00,383.00,209.00,0.91,-1,-1,-1
66,2,402.00,228.00,328.00,132.00,0.87,-1,-1,-1
66,3,613.00,234.00,195.00,103.00,0.86,-1,-1,-1
67,1,295.00,275.00,383.00,209.00,0.91,-1,-1,-1
67,2,402.00,228.00,328.00,132.00,0.87,-1,-1,-1
67,3,613.00,234.00,195.00,103.00,0.86,-1,-1,-1
68,1,295.00,275.00,383.00,209.00,0.91,-1,-1,-1
68,2,402.00,228.00,328.00,133.00,0.87,-1,-1,-1
68,3,613.00,234.00,195.00,103.00,0.86,-1,-1,-1
69,1,295.00,275.00,383.00,209.00,0.91,-1,-1,-1
69,2,402.00,228.00,328.00,133.00,0.87,-1,-1,-1
69,3,614.00,234.00,194.00,103.00,0.85,-1,-1,-1
70,1,295.00,275.00,383.00,209.00,0.91,-1,-1,-1
70,2,402.00,228.00,328.00,133.00,0.87,-1,-1,-1
70,3,614.00,234.00,194.00,103.00,0.85,-1,-1,-1
71,1,295.00,275.00,383.00,209.00,0.91,-1,-1,-1
71,2,402.00,228.00,328.00,133.00,0.87,-1,-1,-1
71,3,614.00,234.00,194.00,103.00,0.85,-1,-1,-1
72,1,295.00,275.00,383.00,209.00,0.91,-1,-1,-1
72,2,402.00,228.00,328.00,133.00,0.87,-1,-1,-1
72,3,614.00,234.00,194.00,103.00,0.85,-1,-1,-1
73,1,295.00,275.00,383.00,209.00,0.91,-1,-1,-1
73,2,402.00,228.00,328.00,133.00,0.87,-1,-1,-1
73,3,614.00,234.00,193.00,103.00,0.85,-1,-1,-1
74,1,295.00,275.00,383.00,209.00,0.91,-1,-1,-1
74,2,402.00,228.00,328.00,132.00,0.87,-1,-1,-1
74,3,614.00,234.00,193.00,103.00,0.85,-1,-1,-1
75,1,295.00,275.00,383.00,209.00,0.91,-1,-1,-1
75,2,402.00,228.00,328.00,132.00,0.87,-1,-1,-1
75,3,614.00,234.00,193.00,103.00,0.85,-1,-1,-1
76,1,296.00,275.00,382.00,209.00,0.91,-1,-1,-1
76,2,402.00,228.00,328.00,132.00,0.87,-1,-1,-1
76,3,614.00,234.00,193.00,103.00,0.85,-1,-1,-1
77,1,295.00,275.00,382.00,209.00,0.91,-1,-1,-1
77,2,402.00,228.00,328.00,132.00,0.87,-1,-1,-1
77,3,614.00,234.00,193.00,103.00,0.85,-1,-1,-1
78,1,295.00,275.00,382.00,209.00,0.90,-1,-1,-1
78,2,402.00,228.00,328.00,132.00,0.87,-1,-1,-1
78,3,614.00,234.00,193.00,103.00,0.85,-1,-1,-1
79,1,294.00,275.00,382.00,209.00,0.90,-1,-1,-1
79,2,402.00,228.00,328.00,133.00,0.87,-1,-1,-1
79,3,614.00,234.00,193.00,103.00,0.85,-1,-1,-1
80,1,294.00,275.00,382.00,209.00,0.90,-1,-1,-1
80,2,402.00,228.00,328.00,133.00,0.87,-1,-1,-1
80,3,614.00,234.00,193.00,103.00,0.85,-1,-1,-1
81,1,293.00,275.00,383.00,209.00,0.90,-1,-1,-1
81,2,402.00,228.00,328.00,132.00,0.86,-1,-1,-1
81,3,614.00,234.00,193.00,103.00,0.85,-1,-1,-1
82,1,293.00,275.00,383.00,209.00,0.90,-1,-1,-1
82,2,402.00,228.00,328.00,132.00,0.86,-1,-1,-1
82,3,614.00,234.00,193.00,103.00,0.85,-1,-1,-1
83,1,294.00,275.00,383.00,208.00,0.90,-1,-1,-1
83,2,402.00,228.00,328.00,132.00,0.86,-1,-1,-1
83,3,614.00,234.00,193.00,103.00,0.85,-1,-1,-1
84,1,295.00,275.00,383.00,208.00,0.90,-1,-1,-1
84,2,402.00,228.00,328.00,132.00,0.86,-1,-1,-1
84,3,614.00,234.00,193.00,103.00,0.85,-1,-1,-1
85,1,294.00,275.00,384.00,208.00,0.90,-1,-1,-1
85,2,402.00,228.00,328.00,132.00,0.86,-1,-1,-1
85,3,614.00,234.00,193.00,103.00,0.85,-1,-1,-1
86,1,293.00,275.00,384.00,209.00,0.90,-1,-1,-1
86,2,402.00,228.00,328.00,132.00,0.87,-1,-1,-1
86,3,614.00,234.00,193.00,103.00,0.85,-1,-1,-1
87,1,292.00,275.00,384.00,209.00,0.90,-1,-1,-1
87,2,402.00,228.00,328.00,132.00,0.86,-1,-1,-1
87,3,614.00,234.00,193.00,103.00,0.85,-1,-1,-1
88,1,293.00,275.00,385.00,208.00,0.90,-1,-1,-1
88,2,402.00,228.00,328.00,132.00,0.87,-1,-1,-1
88,3,614.00,234.00,193.00,103.00,0.85,-1,-1,-1
89,1,293.00,275.00,386.00,209.00,0.90,-1,-1,-1
89,2,402.00,228.00,328.00,132.00,0.87,-1,-1,-1
89,3,614.00,234.00,193.00,103.00,0.85,-1,-1,-1
90,1,294.00,275.00,385.00,209.00,0.91,-1,-1,-1
90,2,402.00,228.00,328.00,132.00,0.87,-1,-1,-1
90,3,614.00,234.00,193.00,103.00,0.86,-1,-1,-1
91,1,294.00,275.00,385.00,209.00,0.91,-1,-1,-1
91,2,402.00,228.00,328.00,132.00,0.87,-1,-1,-1
91,3,614.00,234.00,193.00,103.00,0.85,-1,-1,-1
92,1,295.00,276.00,383.00,208.00,0.91,-1,-1,-1
92,2,402.00,229.00,328.00,132.00,0.87,-1,-1,-1
92,3,613.00,235.00,194.00,103.00,0.83,-1,-1,-1
93,1,295.00,276.00,383.00,208.00,0.91,-1,-1,-1
93,2,402.00,230.00,328.00,131.00,0.87,-1,-1,-1
93,3,613.00,235.00,194.00,103.00,0.83,-1,-1,-1
94,1,296.00,276.00,382.00,208.00,0.91,-1,-1,-1
94,2,402.00,230.00,327.00,131.00,0.87,-1,-1,-1
94,3,612.00,235.00,195.00,103.00,0.83,-1,-1,-1
95,1,296.00,276.00,382.00,208.00,0.91,-1,-1,-1
95,2,402.00,230.00,327.00,131.00,0.87,-1,-1,-1
95,3,612.00,235.00,195.00,103.00,0.83,-1,-1,-1
96,1,296.00,276.00,382.00,208.00,0.91,-1,-1,-1
96,2,402.00,230.00,328.00,131.00,0.87,-1,-1,-1
96,3,612.00,235.00,195.00,103.00,0.83,-1,-1,-1
97,1,295.00,276.00,383.00,208.00,0.91,-1,-1,-1
97,2,401.00,230.00,329.00,131.00,0.87,-1,-1,-1
97,3,612.00,235.00,195.00,103.00,0.83,-1,-1,-1
98,1,295.00,276.00,383.00,208.00,0.91,-1,-1,-1
98,2,401.00,229.00,329.00,132.00,0.87,-1,-1,-1
98,3,612.00,235.00,195.00,103.00,0.83,-1,-1,-1
99,1,295.00,276.00,383.00,208.00,0.91,-1,-1,-1
99,2,401.00,229.00,329.00,132.00,0.87,-1,-1,-1
99,3,612.00,235.00,195.00,103.00,0.83,-1,-1,-1
100,1,295.00,276.00,383.00,208.00,0.91,-1,-1,-1
100,2,401.00,229.00,329.00,132.00,0.87,-1,-1,-1
100,3,612.00,235.00,195.00,103.00,0.83,-1,-1,-1
101,1,295.00,276.00,383.00,208.00,0.91,-1,-1,-1
101,2,401.00,229.00,329.00,132.00,0.87,-1,-1,-1
101,3,613.00,235.00,194.00,103.00,0.83,-1,-1,-1
102,1,295.00,276.00,383.00,208.00,0.91,-1,-1,-1
102,2,401.00,229.00,329.00,132.00,0.87,-1,-1,-1
102,3,613.00,235.00,194.00,103.00,0.83,-1,-1,-1
103,1,295.00,276.00,383.00,208.00,0.91,-1,-1,-1
103,2,402.00,230.00,328.00,131.00,0.87,-1,-1,-1
103,3,613.00,235.00,194.00,103.00,0.83,-1,-1,-1
104,1,295.00,276.00,383.00,208.00,0.91,-1,-1,-1
104,2,402.00,230.00,328.00,131.00,0.87,-1,-1,-1
104,3,613.00,235.00,194.00,103.00,0.83,-1,-1,-1
105,1,295.00,276.00,383.00,208.00,0.91,-1,-1,-1
105,2,402.00,230.00,328.00,131.00,0.87,-1,-1,-1
105,3,613.00,235.00,194.00,103.00,0.83,-1,-1,-1
106,1,295.00,276.00,383.00,208.00,0.91,-1,-1,-1
106,2,402.00,230.00,328.00,131.00,0.87,-1,-1,-1
106,3,613.00,235.00,194.00,103.00,0.83,-1,-1,-1
107,1,295.00,276.00,383.00,208.00,0.91,-1,-1,-1
107,2,402.00,230.00,328.00,131.00,0.87,-1,-1,-1
107,3,613.00,235.00,194.00,103.00,0.83,-1,-1,-1
108,1,295.00,276.00,383.00,208.00,0.91,-1,-1,-1
108,2,401.00,230.00,329.00,131.00,0.87,-1,-1,-1
108,3,613.00,235.00,194.00,103.00,0.83,-1,-1,-1
109,1,295.00,276.00,383.00,208.00,0.91,-1,-1,-1
109,2,401.00,230.00,329.00,131.00,0.87,-1,-1,-1
109,3,613.00,235.00,194.00,103.00,0.83,-1,-1,-1
110,1,295.00,276.00,383.00,208.00,0.91,-1,-1,-1
110,2,402.00,230.00,328.00,131.00,0.87,-1,-1,-1
110,3,613.00,235.00,194.00,103.00,0.83,-1,-1,-1
111,1,295.00,276.00,383.00,208.00,0.91,-1,-1,-1
111,2,401.00,230.00,329.00,131.00,0.87,-1,-1,-1
111,3,612.00,235.00,195.00,103.00,0.83,-1,-1,-1
112,1,295.00,276.00,383.00,208.00,0.91,-1,-1,-1
112,2,401.00,230.00,329.00,131.00,0.87,-1,-1,-1
112,3,612.00,235.00,195.00,103.00,0.83,-1,-1,-1
113,1,295.00,276.00,383.00,208.00,0.91,-1,-1,-1
113,2,401.00,230.00,329.00,131.00,0.87,-1,-1,-1
113,3,612.00,235.00,195.00,103.00,0.83,-1,-1,-1
114,1,294.00,276.00,383.00,208.00,0.92,-1,-1,-1
114,2,401.00,230.00,329.00,131.00,0.87,-1,-1,-1
114,3,613.00,235.00,194.00,103.00,0.83,-1,-1,-1
115,1,294.00,276.00,383.00,208.00,0.92,-1,-1,-1
115,2,401.00,230.00,329.00,131.00,0.87,-1,-1,-1
115,3,613.00,235.00,194.00,103.00,0.82,-1,-1,-1
116,1,294.00,276.00,383.00,208.00,0.93,-1,-1,-1
116,2,402.00,230.00,328.00,132.00,0.87,-1,-1,-1
116,3,612.00,235.00,195.00,103.00,0.83,-1,-1,-1
117,1,294.00,276.00,382.00,208.00,0.93,-1,-1,-1
117,2,402.00,230.00,328.00,131.00,0.87,-1,-1,-1
117,3,613.00,235.00,194.00,103.00,0.83,-1,-1,-1
118,1,294.00,276.00,382.00,208.00,0.93,-1,-1,-1
118,2,401.00,230.00,329.00,132.00,0.87,-1,-1,-1
118,3,612.00,235.00,195.00,103.00,0.83,-1,-1,-1
119,1,294.00,276.00,382.00,208.00,0.92,-1,-1,-1
119,2,402.00,230.00,328.00,132.00,0.87,-1,-1,-1
119,3,613.00,235.00,194.00,103.00,0.83,-1,-1,-1
120,1,293.00,276.00,384.00,208.00,0.93,-1,-1,-1
120,2,402.00,230.00,328.00,132.00,0.87,-1,-1,-1
120,3,613.00,235.00,194.00,103.00,0.83,-1,-1,-1
121,1,293.00,276.00,384.00,208.00,0.93,-1,-1,-1
121,2,402.00,231.00,327.00,131.00,0.87,-1,-1,-1
121,3,613.00,235.00,194.00,103.00,0.83,-1,-1,-1
122,1,292.00,275.00,385.00,209.00,0.93,-1,-1,-1
122,2,403.00,231.00,325.00,130.00,0.87,-1,-1,-1
122,3,613.00,234.00,194.00,103.00,0.86,-1,-1,-1
123,1,292.00,275.00,386.00,210.00,0.93,-1,-1,-1
123,2,404.00,232.00,324.00,129.00,0.86,-1,-1,-1
123,3,613.00,234.00,194.00,103.00,0.86,-1,-1,-1
124,1,292.00,275.00,386.00,210.00,0.93,-1,-1,-1
124,2,404.00,232.00,324.00,129.00,0.86,-1,-1,-1
124,3,613.00,234.00,194.00,103.00,0.86,-1,-1,-1
125,1,292.00,275.00,385.00,210.00,0.93,-1,-1,-1
125,2,404.00,232.00,324.00,129.00,0.86,-1,-1,-1
125,3,613.00,234.00,195.00,103.00,0.85,-1,-1,-1
126,1,292.00,274.00,385.00,211.00,0.93,-1,-1,-1
126,2,403.00,232.00,325.00,129.00,0.86,-1,-1,-1
126,3,613.00,234.00,194.00,103.00,0.86,-1,-1,-1
127,1,292.00,274.00,385.00,211.00,0.93,-1,-1,-1
127,2,403.00,232.00,325.00,129.00,0.86,-1,-1,-1
127,3,613.00,234.00,194.00,103.00,0.85,-1,-1,-1
128,1,292.00,274.00,385.00,211.00,0.93,-1,-1,-1
128,2,403.00,232.00,325.00,129.00,0.87,-1,-1,-1
128,3,614.00,234.00,194.00,103.00,0.86,-1,-1,-1
129,1,293.00,274.00,384.00,211.00,0.93,-1,-1,-1
129,2,403.00,232.00,326.00,129.00,0.86,-1,-1,-1
129,3,613.00,234.00,195.00,103.00,0.86,-1,-1,-1
130,1,293.00,274.00,384.00,211.00,0.93,-1,-1,-1
130,2,403.00,232.00,326.00,129.00,0.86,-1,-1,-1
130,3,613.00,234.00,194.00,103.00,0.86,-1,-1,-1
131,1,293.00,274.00,384.00,211.00,0.93,-1,-1,-1
131,2,402.00,231.00,328.00,130.00,0.86,-1,-1,-1
131,3,613.00,234.00,195.00,103.00,0.86,-1,-1,-1
132,1,293.00,275.00,384.00,210.00,0.93,-1,-1,-1
132,2,401.00,230.00,330.00,131.00,0.87,-1,-1,-1
132,3,613.00,234.00,195.00,103.00,0.86,-1,-1,-1
133,1,293.00,274.00,384.00,211.00,0.93,-1,-1,-1
133,2,401.00,230.00,330.00,131.00,0.87,-1,-1,-1
133,3,613.00,234.00,195.00,103.00,0.86,-1,-1,-1
134,1,293.00,275.00,384.00,210.00,0.93,-1,-1,-1
134,2,401.00,230.00,330.00,131.00,0.87,-1,-1,-1
134,3,613.00,234.00,195.00,103.00,0.86,-1,-1,-1
135,1,293.00,275.00,384.00,210.00,0.93,-1,-1,-1
135,2,401.00,230.00,330.00,131.00,0.86,-1,-1,-1
135,3,613.00,234.00,195.00,103.00,0.86,-1,-1,-1
136,1,293.00,275.00,383.00,210.00,0.93,-1,-1,-1
136,2,401.00,230.00,329.00,131.00,0.86,-1,-1,-1
136,3,613.00,234.00,195.00,103.00,0.86,-1,-1,-1
137,1,293.00,275.00,383.00,210.00,0.93,-1,-1,-1
137,2,401.00,231.00,329.00,130.00,0.86,-1,-1,-1
137,3,613.00,234.00,195.00,103.00,0.86,-1,-1,-1
138,1,293.00,275.00,383.00,210.00,0.93,-1,-1,-1
138,2,402.00,231.00,328.00,130.00,0.86,-1,-1,-1
138,3,613.00,234.00,195.00,103.00,0.86,-1,-1,-1
139,1,293.00,275.00,383.00,210.00,0.93,-1,-1,-1
139,2,402.00,231.00,328.00,130.00,0.86,-1,-1,-1
139,3,613.00,234.00,195.00,103.00,0.86,-1,-1,-1
140,1,293.00,275.00,383.00,210.00,0.93,-1,-1,-1
140,2,402.00,231.00,328.00,130.00,0.86,-1,-1,-1
140,3,613.00,234.00,194.00,103.00,0.85,-1,-1,-1
141,1,293.00,275.00,383.00,210.00,0.93,-1,-1,-1
141,2,402.00,231.00,328.00,130.00,0.86,-1,-1,-1
141,3,613.00,234.00,194.00,103.00,0.85,-1,-1,-1
142,1,293.00,275.00,383.00,210.00,0.93,-1,-1,-1
142,2,402.00,231.00,328.00,130.00,0.86,-1,-1,-1
142,3,613.00,234.00,194.00,103.00,0.86,-1,-1,-1
143,1,293.00,275.00,383.00,210.00,0.93,-1,-1,-1
143,2,402.00,231.00,328.00,130.00,0.86,-1,-1,-1
143,3,613.00,234.00,194.00,103.00,0.85,-1,-1,-1
144,1,293.00,275.00,383.00,210.00,0.93,-1,-1,-1
144,2,402.00,231.00,328.00,130.00,0.86,-1,-1,-1
144,3,613.00,234.00,195.00,103.00,0.86,-1,-1,-1
145,1,294.00,275.00,382.00,210.00,0.93,-1,-1,-1
145,2,402.00,231.00,328.00,130.00,0.86,-1,-1,-1
145,3,613.00,234.00,195.00,103.00,0.86,-1,-1,-1
146,1,293.00,275.00,383.00,210.00,0.93,-1,-1,-1
146,2,402.00,231.00,328.00,130.00,0.85,-1,-1,-1
146,3,613.00,234.00,195.00,103.00,0.86,-1,-1,-1
147,1,293.00,275.00,383.00,210.00,0.93,-1,-1,-1
147,2,401.00,230.00,330.00,131.00,0.86,-1,-1,-1
147,3,613.00,234.00,195.00,103.00,0.86,-1,-1,-1
148,1,293.00,275.00,383.00,210.00,0.93,-1,-1,-1
148,2,401.00,230.00,330.00,131.00,0.86,-1,-1,-1
148,3,613.00,234.00,195.00,103.00,0.86,-1,-1,-1
149,1,293.00,275.00,383.00,210.00,0.93,-1,-1,-1
149,2,401.00,231.00,329.00,130.00,0.86,-1,-1,-1
149,3,613.00,234.00,195.00,103.00,0.86,-1,-1,-1
150,1,293.00,275.00,383.00,210.00,0.93,-1,-1,-1
150,2,402.00,231.00,328.00,130.00,0.86,-1,-1,-1
150,3,613.00,234.00,195.00,103.00,0.86,-1,-1,-1
151,1,294.00,275.00,382.00,210.00,0.93,-1,-1,-1
151,2,402.00,231.00,328.00,130.00,0.86,-1,-1,-1
151,3,613.00,234.00,195.00,103.00,0.86,-1,-1,-1
152,1,294.00,276.00,381.00,209.00,0.93,-1,-1,-1
152,2,402.00,231.00,328.00,130.00,0.86,-1,-1,-1
152,3,613.00,234.00,196.00,104.00,0.85,-1,-1,-1
153,1,294.00,276.00,381.00,209.00,0.93,-1,-1,-1
153,2,402.00,232.00,327.00,129.00,0.86,-1,-1,-1
153,3,614.00,234.00,196.00,104.00,0.85,-1,-1,-1
154,1,294.00,276.00,381.00,209.00,0.93,-1,-1,-1
154,2,402.00,232.00,328.00,129.00,0.86,-1,-1,-1
154,3,614.00,234.00,195.00,104.00,0.85,-1,-1,-1
155,1,294.00,276.00,382.00,209.00,0.93,-1,-1,-1
155,2,402.00,232.00,327.00,129.00,0.86,-1,-1,-1
155,3,614.00,234.00,195.00,104.00,0.85,-1,-1,-1
156,1,294.00,276.00,382.00,209.00,0.93,-1,-1,-1
156,2,402.00,232.00,327.00,129.00,0.86,-1,-1,-1
156,3,615.00,234.00,195.00,103.00,0.85,-1,-1,-1
157,1,294.00,276.00,382.00,209.00,0.93,-1,-1,-1
157,2,402.00,232.00,327.00,129.00,0.86,-1,-1,-1
157,3,615.00,234.00,195.00,103.00,0.85,-1,-1,-1
158,1,294.00,276.00,382.00,209.00,0.93,-1,-1,-1
158,2,402.00,232.00,327.00,129.00,0.86,-1,-1,-1
158,3,615.00,234.00,194.00,104.00,0.85,-1,-1,-1
159,1,294.00,276.00,381.00,209.00,0.93,-1,-1,-1
159,2,402.00,232.00,327.00,129.00,0.86,-1,-1,-1
159,3,615.00,234.00,194.00,103.00,0.85,-1,-1,-1
160,1,294.00,276.00,382.00,209.00,0.93,-1,-1,-1
160,2,402.00,232.00,327.00,129.00,0.86,-1,-1,-1
160,3,615.00,234.00,194.00,103.00,0.85,-1,-1,-1
161,1,294.00,276.00,382.00,209.00,0.93,-1,-1,-1
161,2,402.00,232.00,328.00,129.00,0.86,-1,-1,-1
161,3,615.00,234.00,194.00,103.00,0.85,-1,-1,-1
162,1,294.00,276.00,382.00,209.00,0.92,-1,-1,-1
162,2,401.00,232.00,329.00,129.00,0.86,-1,-1,-1
162,3,615.00,233.00,194.00,104.00,0.85,-1,-1,-1
163,1,294.00,276.00,382.00,209.00,0.93,-1,-1,-1
163,2,400.00,232.00,330.00,129.00,0.86,-1,-1,-1
163,3,615.00,233.00,194.00,104.00,0.85,-1,-1,-1
164,1,294.00,276.00,382.00,209.00,0.92,-1,-1,-1
164,2,401.00,232.00,329.00,129.00,0.86,-1,-1,-1
164,3,615.00,233.00,194.00,104.00,0.85,-1,-1,-1
165,1,294.00,276.00,382.00,209.00,0.93,-1,-1,-1
165,2,401.00,232.00,329.00,129.00,0.86,-1,-1,-1
165,3,616.00,234.00,193.00,103.00,0.85,-1,-1,-1
166,1,294.00,276.00,382.00,209.00,0.93,-1,-1,-1
166,2,401.00,232.00,329.00,129.00,0.86,-1,-1,-1
166,3,616.00,234.00,193.00,103.00,0.85,-1,-1,-1
167,1,294.00,277.00,381.00,208.00,0.92,-1,-1,-1
167,2,400.00,232.00,330.00,129.00,0.85,-1,-1,-1
167,3,616.00,234.00,192.00,103.00,0.85,-1,-1,-1
168,1,294.00,276.00,381.00,209.00,0.92,-1,-1,-1
168,2,401.00,232.00,329.00,129.00,0.85,-1,-1,-1
168,3,616.00,234.00,192.00,103.00,0.85,-1,-1,-1
169,1,294.00,276.00,382.00,209.00,0.92,-1,-1,-1
169,2,401.00,232.00,329.00,129.00,0.85,-1,-1,-1
169,3,616.00,234.00,192.00,103.00,0.85,-1,-1,-1
170,1,294.00,276.00,382.00,209.00,0.92,-1,-1,-1
170,2,401.00,232.00,329.00,129.00,0.85,-1,-1,-1
170,3,616.00,234.00,192.00,103.00,0.85,-1,-1,-1
171,1,294.00,276.00,382.00,209.00,0.92,-1,-1,-1
171,2,401.00,232.00,329.00,129.00,0.85,-1,-1,-1
171,3,616.00,234.00,192.00,103.00,0.85,-1,-1,-1
172,1,293.00,276.00,383.00,209.00,0.92,-1,-1,-1
172,2,401.00,232.00,329.00,129.00,0.85,-1,-1,-1
172,3,616.00,233.00,193.00,104.00,0.85,-1,-1,-1
173,1,293.00,276.00,383.00,209.00,0.92,-1,-1,-1
173,2,401.00,232.00,329.00,129.00,0.85,-1,-1,-1
173,3,616.00,233.00,193.00,104.00,0.85,-1,-1,-1
174,1,293.00,276.00,383.00,209.00,0.92,-1,-1,-1
174,2,400.00,232.00,330.00,129.00,0.85,-1,-1,-1
174,3,616.00,234.00,192.00,103.00,0.85,-1,-1,-1
175,1,293.00,276.00,383.00,209.00,0.92,-1,-1,-1
175,2,400.00,231.00,331.00,130.00,0.85,-1,-1,-1
175,3,616.00,234.00,192.00,103.00,0.85,-1,-1,-1
176,1,293.00,276.00,383.00,209.00,0.92,-1,-1,-1
176,2,400.00,232.00,330.00,129.00,0.85,-1,-1,-1
176,3,616.00,233.00,192.00,104.00,0.85,-1,-1,-1
177,1,293.00,276.00,383.00,209.00,0.92,-1,-1,-1
177,2,400.00,232.00,330.00,129.00,0.85,-1,-1,-1
177,3,615.00,233.00,193.00,105.00,0.85,-1,-1,-1
178,1,293.00,276.00,383.00,209.00,0.93,-1,-1,-1
178,2,400.00,231.00,331.00,130.00,0.85,-1,-1,-1
178,3,615.00,233.00,193.00,104.00,0.86,-1,-1,-1
179,1,293.00,276.00,383.00,209.00,0.93,-1,-1,-1
179,2,400.00,231.00,331.00,130.00,0.85,-1,-1,-1
179,3,615.00,233.00,193.00,104.00,0.85,-1,-1,-1
180,1,293.00,276.00,383.00,209.00,0.93,-1,-1,-1
180,2,400.00,231.00,331.00,130.00,0.85,-1,-1,-1
180,3,616.00,233.00,192.00,104.00,0.85,-1,-1,-1
181,1,293.00,276.00,383.00,209.00,0.93,-1,-1,-1
181,2,400.00,231.00,331.00,130.00,0.84,-1,-1,-1
181,3,615.00,234.00,193.00,104.00,0.85,-1,-1,-1
182,1,293.00,275.00,383.00,209.00,0.93,-1,-1,-1
182,2,399.00,230.00,333.00,131.00,0.86,-1,-1,-1
182,3,615.00,233.00,192.00,104.00,0.85,-1,-1,-1
183,1,293.00,275.00,383.00,209.00,0.93,-1,-1,-1
183,2,398.00,229.00,335.00,132.00,0.86,-1,-1,-1
183,3,614.00,233.00,193.00,104.00,0.85,-1,-1,-1
184,1,293.00,275.00,383.00,209.00,0.93,-1,-1,-1
184,2,398.00,229.00,335.00,132.00,0.86,-1,-1,-1
184,3,614.00,233.00,193.00,104.00,0.86,-1,-1,-1
185,1,293.00,275.00,383.00,209.00,0.93,-1,-1,-1
185,2,398.00,228.00,335.00,133.00,0.86,-1,-1,-1
185,3,614.00,234.00,193.00,104.00,0.85,-1,-1,-1
186,1,293.00,275.00,383.00,209.00,0.93,-1,-1,-1
186,2,399.00,229.00,333.00,132.00,0.86,-1,-1,-1
186,3,614.00,233.00,193.00,104.00,0.85,-1,-1,-1
187,1,293.00,275.00,383.00,209.00,0.93,-1,-1,-1
187,2,399.00,229.00,333.00,132.00,0.86,-1,-1,-1
187,3,614.00,233.00,193.00,104.00,0.85,-1,-1,-1
188,1,293.00,275.00,383.00,209.00,0.93,-1,-1,-1
188,2,399.00,229.00,333.00,132.00,0.86,-1,-1,-1
188,3,614.00,233.00,193.00,104.00,0.85,-1,-1,-1
189,1,293.00,275.00,383.00,209.00,0.93,-1,-1,-1
189,2,399.00,229.00,333.00,132.00,0.86,-1,-1,-1
189,3,614.00,233.00,193.00,104.00,0.85,-1,-1,-1
190,1,293.00,275.00,383.00,209.00,0.93,-1,-1,-1
190,2,400.00,229.00,332.00,132.00,0.86,-1,-1,-1
190,3,614.00,233.00,193.00,104.00,0.85,-1,-1,-1
191,1,293.00,275.00,383.00,209.00,0.93,-1,-1,-1
191,2,400.00,228.00,332.00,133.00,0.86,-1,-1,-1
191,3,615.00,233.00,192.00,104.00,0.85,-1,-1,-1
192,1,293.00,275.00,383.00,209.00,0.93,-1,-1,-1
192,2,400.00,228.00,332.00,133.00,0.86,-1,-1,-1
192,3,615.00,234.00,192.00,103.00,0.85,-1,-1,-1
193,1,293.00,275.00,383.00,209.00,0.93,-1,-1,-1
193,2,400.00,228.00,332.00,133.00,0.86,-1,-1,-1
193,3,615.00,234.00,192.00,103.00,0.85,-1,-1,-1
194,1,293.00,275.00,383.00,209.00,0.93,-1,-1,-1
194,2,400.00,228.00,331.00,133.00,0.86,-1,-1,-1
194,3,615.00,233.00,193.00,104.00,0.85,-1,-1,-1
195,1,294.00,275.00,383.00,209.00,0.92,-1,-1,-1
195,2,400.00,229.00,331.00,132.00,0.86,-1,-1,-1
195,3,615.00,233.00,193.00,104.00,0.85,-1,-1,-1
196,1,295.00,275.00,382.00,209.00,0.92,-1,-1,-1
196,2,400.00,229.00,331.00,132.00,0.87,-1,-1,-1
196,3,615.00,233.00,193.00,104.00,0.85,-1,-1,-1
197,1,295.00,275.00,382.00,209.00,0.91,-1,-1,-1
197,2,400.00,229.00,331.00,132.00,0.86,-1,-1,-1
197,3,615.00,234.00,193.00,103.00,0.85,-1,-1,-1
198,1,296.00,275.00,381.00,209.00,0.91,-1,-1,-1
198,2,400.00,228.00,331.00,133.00,0.86,-1,-1,-1
198,3,615.00,234.00,193.00,103.00,0.85,-1,-1,-1
199,1,296.00,275.00,381.00,209.00,0.91,-1,-1,-1
199,2,400.00,228.00,331.00,133.00,0.86,-1,-1,-1
199,3,615.00,234.00,193.00,103.00,0.85,-1,-1,-1
200,1,296.00,275.00,381.00,209.00,0.91,-1,-1,-1
200,2,400.00,228.00,331.00,133.00,0.86,-1,-1,-1
200,3,614.00,233.00,194.00,105.00,0.85,-1,-1,-1
201,1,296.00,275.00,381.00,209.00,0.91,-1,-1,-1
201,2,401.00,228.00,330.00,133.00,0.86,-1,-1,-1
201,3,614.00,234.00,194.00,104.00,0.85,-1,-1,-1
202,1,295.00,275.00,382.00,209.00,0.91,-1,-1,-1
202,2,401.00,229.00,329.00,132.00,0.86,-1,-1,-1
202,3,614.00,234.00,194.00,104.00,0.85,-1,-1,-1
203,1,295.00,275.00,382.00,210.00,0.91,-1,-1,-1
203,2,401.00,229.00,330.00,132.00,0.86,-1,-1,-1
203,3,614.00,234.00,194.00,104.00,0.85,-1,-1,-1
204,1,295.00,275.00,382.00,210.00,0.91,-1,-1,-1
204,2,401.00,228.00,330.00,133.00,0.86,-1,-1,-1
204,3,614.00,233.00,194.00,105.00,0.85,-1,-1,-1
205,1,295.00,275.00,382.00,210.00,0.91,-1,-1,-1
205,2,401.00,228.00,330.00,133.00,0.86,-1,-1,-1
205,3,614.00,233.00,194.00,105.00,0.85,-1,-1,-1
206,1,295.00,275.00,382.00,210.00,0.91,-1,-1,-1
206,2,401.00,229.00,329.00,132.00,0.86,-1,-1,-1
206,3,614.00,233.00,194.00,105.00,0.85,-1,-1,-1
207,1,296.00,275.00,382.00,210.00,0.91,-1,-1,-1
207,2,402.00,229.00,328.00,132.00,0.86,-1,-1,-1
207,3,614.00,233.00,194.00,105.00,0.85,-1,-1,-1
208,1,296.00,275.00,382.00,210.00,0.91,-1,-1,-1
208,2,401.00,229.00,329.00,132.00,0.85,-1,-1,-1
208,3,614.00,233.00,194.00,105.00,0.85,-1,-1,-1
209,1,296.00,276.00,381.00,209.00,0.90,-1,-1,-1
209,2,401.00,228.00,330.00,133.00,0.85,-1,-1,-1
209,3,614.00,233.00,194.00,105.00,0.84,-1,-1,-1
210,1,297.00,276.00,380.00,208.00,0.90,-1,-1,-1
210,2,400.00,228.00,331.00,133.00,0.84,-1,-1,-1
210,3,614.00,233.00,194.00,105.00,0.85,-1,-1,-1
211,1,296.00,276.00,381.00,208.00,0.90,-1,-1,-1
211,2,401.00,228.00,330.00,133.00,0.85,-1,-1,-1
211,3,614.00,233.00,194.00,105.00,0.85,-1,-1,-1
212,1,296.00,276.00,379.00,207.00,0.89,-1,-1,-1
212,2,402.00,229.00,328.00,132.00,0.81,-1,-1,-1
212,3,614.00,233.00,192.00,104.00,0.84,-1,-1,-1
213,1,296.00,275.00,379.00,207.00,0.89,-1,-1,-1
213,2,402.00,228.00,328.00,133.00,0.81,-1,-1,-1
213,3,615.00,233.00,191.00,104.00,0.84,-1,-1,-1
214,1,296.00,275.00,380.00,207.00,0.88,-1,-1,-1
214,2,400.00,227.00,331.00,134.00,0.80,-1,-1,-1
214,3,614.00,233.00,192.00,103.00,0.85,-1,-1,-1
215,1,296.00,275.00,381.00,207.00,0.90,-1,-1,-1
215,2,400.00,226.00,332.00,134.00,0.83,-1,-1,-1
215,3,614.00,233.00,192.00,103.00,0.85,-1,-1,-1
216,1,296.00,275.00,381.00,207.00,0.91,-1,-1,-1
216,2,401.00,228.00,329.00,132.00,0.84,-1,-1,-1
216,3,614.00,233.00,192.00,103.00,0.85,-1,-1,-1
217,1,294.00,275.00,383.00,207.00,0.91,-1,-1,-1
217,2,402.00,228.00,328.00,132.00,0.84,-1,-1,-1
217,3,614.00,233.00,192.00,103.00,0.84,-1,-1,-1
218,1,292.00,275.00,385.00,209.00,0.90,-1,-1,-1
218,2,402.00,228.00,328.00,132.00,0.84,-1,-1,-1
218,3,614.00,233.00,192.00,103.00,0.84,-1,-1,-1
219,1,293.00,275.00,385.00,210.00,0.91,-1,-1,-1
219,2,402.00,228.00,328.00,133.00,0.84,-1,-1,-1
219,3,614.00,233.00,192.00,103.00,0.84,-1,-1,-1
220,1,294.00,275.00,385.00,209.00,0.92,-1,-1,-1
220,2,402.00,228.00,328.00,133.00,0.84,-1,-1,-1
220,3,614.00,233.00,192.00,103.00,0.84,-1,-1,-1
221,1,295.00,276.00,383.00,209.00,0.92,-1,-1,-1
221,2,402.00,229.00,328.00,132.00,0.84,-1,-1,-1
221,3,614.00,233.00,192.00,103.00,0.85,-1,-1,-1
222,1,296.00,277.00,381.00,208.00,0.92,-1,-1,-1
222,2,402.00,229.00,328.00,132.00,0.84,-1,-1,-1
222,3,614.00,233.00,192.00,104.00,0.84,-1,-1,-1
223,1,295.00,277.00,383.00,208.00,0.92,-1,-1,-1
223,2,402.00,229.00,328.00,132.00,0.85,-1,-1,-1
223,3,614.00,233.00,192.00,104.00,0.84,-1,-1,-1
224,1,295.00,277.00,382.00,208.00,0.92,-1,-1,-1
224,2,402.00,229.00,328.00,132.00,0.85,-1,-1,-1
224,3,614.00,233.00,192.00,103.00,0.84,-1,-1,-1
225,1,296.00,277.00,381.00,208.00,0.92,-1,-1,-1
225,2,403.00,229.00,326.00,132.00,0.85,-1,-1,-1
225,3,614.00,233.00,192.00,103.00,0.84,-1,-1,-1
226,1,296.00,278.00,381.00,206.00,0.92,-1,-1,-1
226,2,402.00,229.00,328.00,132.00,0.86,-1,-1,-1
226,3,614.00,233.00,192.00,103.00,0.85,-1,-1,-1
227,1,296.00,277.00,381.00,207.00,0.92,-1,-1,-1
227,2,402.00,229.00,328.00,132.00,0.85,-1,-1,-1
227,3,614.00,233.00,192.00,103.00,0.84,-1,-1,-1
228,1,296.00,277.00,381.00,207.00,0.92,-1,-1,-1
228,2,402.00,229.00,328.00,132.00,0.86,-1,-1,-1
228,3,614.00,233.00,192.00,103.00,0.84,-1,-1,-1
229,1,296.00,277.00,381.00,207.00,0.92,-1,-1,-1
229,2,402.00,228.00,329.00,133.00,0.86,-1,-1,-1
229,3,614.00,233.00,192.00,103.00,0.84,-1,-1,-1
230,1,297.00,278.00,379.00,206.00,0.92,-1,-1,-1
230,2,402.00,228.00,329.00,133.00,0.86,-1,-1,-1
230,3,614.00,233.00,192.00,103.00,0.84,-1,-1,-1
231,1,298.00,278.00,377.00,204.00,0.92,-1,-1,-1
231,2,402.00,228.00,329.00,133.00,0.86,-1,-1,-1
231,3,614.00,233.00,192.00,103.00,0.84,-1,-1,-1
232,1,297.00,277.00,379.00,206.00,0.92,-1,-1,-1
232,2,402.00,228.00,329.00,133.00,0.86,-1,-1,-1
232,3,614.00,233.00,192.00,103.00,0.84,-1,-1,-1
233,1,296.00,277.00,382.00,207.00,0.92,-1,-1,-1
233,2,402.00,229.00,328.00,132.00,0.86,-1,-1,-1
233,3,614.00,233.00,192.00,103.00,0.84,-1,-1,-1
234,1,298.00,276.00,378.00,205.00,0.92,-1,-1,-1
234,2,402.00,229.00,328.00,132.00,0.86,-1,-1,-1
234,3,613.00,233.00,194.00,104.00,0.84,-1,-1,-1
235,1,299.00,276.00,376.00,203.00,0.92,-1,-1,-1
235,2,402.00,229.00,328.00,132.00,0.85,-1,-1,-1
235,3,613.00,233.00,194.00,104.00,0.84,-1,-1,-1
236,1,300.00,276.00,374.00,201.00,0.92,-1,-1,-1
236,2,402.00,229.00,329.00,132.00,0.86,-1,-1,-1
236,3,613.00,233.00,194.00,104.00,0.84,-1,-1,-1
237,1,302.00,275.00,371.00,199.00,0.92,-1,-1,-1
237,2,402.00,229.00,329.00,132.00,0.86,-1,-1,-1
237,3,613.00,233.00,194.00,104.00,0.84,-1,-1,-1
238,1,302.00,275.00,371.00,198.00,0.92,-1,-1,-1
238,2,401.00,229.00,330.00,132.00,0.85,-1,-1,-1
238,3,613.00,233.00,194.00,104.00,0.84,-1,-1,-1
239,1,300.00,275.00,375.00,200.00,0.91,-1,-1,-1
239,2,401.00,228.00,330.00,133.00,0.83,-1,-1,-1
239,3,614.00,233.00,193.00,104.00,0.84,-1,-1,-1
240,1,299.00,275.00,377.00,201.00,0.87,-1,-1,-1
240,2,401.00,228.00,330.00,133.00,0.83,-1,-1,-1
240,3,614.00,233.00,193.00,103.00,0.84,-1,-1,-1
241,1,297.00,275.00,380.00,202.00,0.89,-1,-1,-1
241,2,401.00,228.00,330.00,133.00,0.84,-1,-1,-1
241,3,614.00,234.00,192.00,102.00,0.84,-1,-1,-1
242,1,293.00,275.00,387.00,206.00,0.91,-1,-1,-1
242,2,401.00,228.00,330.00,133.00,0.86,-1,-1,-1
242,3,613.00,233.00,193.00,104.00,0.86,-1,-1,-1
243,1,290.00,275.00,392.00,209.00,0.88,-1,-1,-1
243,2,401.00,228.00,330.00,133.00,0.87,-1,-1,-1
243,3,612.00,233.00,194.00,104.00,0.85,-1,-1,-1
244,1,289.00,274.00,393.00,211.00,0.80,-1,-1,-1
244,2,402.00,228.00,328.00,133.00,0.87,-1,-1,-1
244,3,612.00,233.00,193.00,104.00,0.86,-1,-1,-1
245,1,280.00,273.00,390.00,211.00,0.71,-1,-1,-1
245,2,403.00,228.00,326.00,131.00,0.87,-1,-1,-1
245,3,612.00,233.00,193.00,104.00,0.85,-1,-1,-1
246,1,284.00,273.00,389.00,211.00,0.77,-1,-1,-1
246,2,404.00,228.00,324.00,131.00,0.88,-1,-1,-1
246,3,612.00,234.00,193.00,103.00,0.85,-1,-1,-1
247,1,289.00,273.00,388.00,210.00,0.87,-1,-1,-1
247,2,401.00,228.00,330.00,133.00,0.86,-1,-1,-1
247,3,612.00,234.00,193.00,103.00,0.85,-1,-1,-1
248,1,288.00,274.00,385.00,210.00,0.89,-1,-1,-1
248,2,404.00,228.00,324.00,130.00,0.83,-1,-1,-1
248,3,612.00,234.00,193.00,103.00,0.85,-1,-1,-1
249,1,286.00,274.00,383.00,209.00,0.85,-1,-1,-1
249,2,408.00,228.00,316.00,126.00,0.84,-1,-1,-1
249,3,612.00,234.00,193.00,103.00,0.84,-1,-1,-1
249,11,624.00,189.00,229.00,112.00,0.11,-1,-1,-1
250,1,292.00,274.00,383.00,209.00,0.88,-1,-1,-1
250,2,409.00,228.00,314.00,125.00,0.86,-1,-1,-1
250,3,612.00,233.00,193.00,104.00,0.84,-1,-1,-1
250,11,622.00,189.00,233.00,112.00,0.10,-1,-1,-1
251,1,292.00,275.00,383.00,209.00,0.92,-1,-1,-1
251,2,408.00,228.00,315.00,125.00,0.85,-1,-1,-1
251,3,612.00,234.00,193.00,103.00,0.84,-1,-1,-1
251,11,634.00,203.00,212.00,98.00,0.17,-1,-1,-1
252,1,293.00,275.00,383.00,209.00,0.93,-1,-1,-1
252,2,407.00,228.00,317.00,125.00,0.85,-1,-1,-1
252,3,612.00,234.00,193.00,103.00,0.85,-1,-1,-1
252,11,636.00,208.00,207.00,93.00,0.16,-1,-1,-1
253,1,293.00,275.00,383.00,209.00,0.93,-1,-1,-1
253,2,406.00,228.00,318.00,125.00,0.85,-1,-1,-1
253,3,612.00,233.00,194.00,104.00,0.84,-1,-1,-1
253,11,635.00,210.00,210.00,91.00,0.17,-1,-1,-1
254,1,293.00,275.00,382.00,209.00,0.93,-1,-1,-1
254,2,399.00,228.00,334.00,132.00,0.86,-1,-1,-1
254,3,612.00,233.00,193.00,104.00,0.85,-1,-1,-1
254,11,642.00,210.00,211.00,91.00,0.15,-1,-1,-1
255,1,293.00,275.00,382.00,209.00,0.93,-1,-1,-1
255,2,394.00,228.00,344.00,137.00,0.86,-1,-1,-1
255,3,612.00,233.00,193.00,104.00,0.85,-1,-1,-1
256,1,293.00,275.00,382.00,209.00,0.93,-1,-1,-1
256,2,396.00,228.00,340.00,136.00,0.86,-1,-1,-1
256,3,612.00,233.00,193.00,104.00,0.85,-1,-1,-1
257,1,293.00,275.00,382.00,209.00,0.93,-1,-1,-1
257,2,398.00,228.00,337.00,135.00,0.86,-1,-1,-1
257,3,612.00,233.00,193.00,104.00,0.85,-1,-1,-1
258,1,293.00,275.00,382.00,209.00,0.93,-1,-1,-1
258,2,398.00,228.00,336.00,135.00,0.86,-1,-1,-1
258,3,612.00,233.00,194.00,104.00,0.85,-1,-1,-1
259,1,293.00,275.00,382.00,209.00,0.93,-1,-1,-1
259,2,399.00,228.00,335.00,134.00,0.86,-1,-1,-1
259,3,612.00,234.00,193.00,103.00,0.85,-1,-1,-1
260,1,293.00,275.00,383.00,209.00,0.93,-1,-1,-1
260,2,399.00,228.00,334.00,134.00,0.86,-1,-1,-1
260,3,612.00,234.00,193.00,103.00,0.84,-1,-1,-1
261,1,293.00,275.00,382.00,209.00,0.93,-1,-1,-1
261,2,399.00,228.00,333.00,134.00,0.86,-1,-1,-1
261,3,613.00,234.00,192.00,103.00,0.84,-1,-1,-1
262,1,293.00,275.00,382.00,209.00,0.93,-1,-1,-1
262,2,399.00,228.00,333.00,134.00,0.86,-1,-1,-1
262,3,613.00,234.00,192.00,103.00,0.85,-1,-1,-1
263,1,293.00,275.00,382.00,209.00,0.93,-1,-1,-1
263,2,400.00,228.00,332.00,134.00,0.86,-1,-1,-1
263,3,613.00,234.00,192.00,103.00,0.85,-1,-1,-1
264,1,293.00,275.00,383.00,209.00,0.93,-1,-1,-1
264,2,400.00,228.00,332.00,134.00,0.86,-1,-1,-1
264,3,613.00,234.00,192.00,103.00,0.85,-1,-1,-1
265,1,293.00,275.00,383.00,209.00,0.93,-1,-1,-1
265,2,400.00,228.00,332.00,134.00,0.85,-1,-1,-1
265,3,614.00,234.00,191.00,103.00,0.84,-1,-1,-1
266,1,293.00,275.00,383.00,209.00,0.93,-1,-1,-1
266,2,400.00,228.00,331.00,134.00,0.85,-1,-1,-1
266,3,614.00,234.00,191.00,103.00,0.85,-1,-1,-1
267,1,293.00,275.00,383.00,209.00,0.93,-1,-1,-1
267,2,401.00,228.00,330.00,134.00,0.85,-1,-1,-1
267,3,613.00,234.00,193.00,102.00,0.83,-1,-1,-1
268,1,293.00,275.00,383.00,209.00,0.93,-1,-1,-1
268,2,401.00,228.00,330.00,134.00,0.85,-1,-1,-1
268,3,613.00,234.00,193.00,102.00,0.83,-1,-1,-1
268,15,607.00,205.00,265.00,99.00,0.38,-1,-1,-1
269,1,293.00,275.00,383.00,209.00,0.93,-1,-1,-1
269,2,401.00,228.00,330.00,134.00,0.86,-1,-1,-1
269,3,614.00,234.00,191.00,102.00,0.83,-1,-1,-1
269,15,609.00,207.00,258.00,96.00,0.42,-1,-1,-1
270,1,293.00,275.00,383.00,209.00,0.93,-1,-1,-1
270,2,401.00,229.00,330.00,133.00,0.86,-1,-1,-1
270,3,614.00,234.00,192.00,102.00,0.83,-1,-1,-1
270,15,604.00,204.00,267.00,99.00,0.37,-1,-1,-1
271,1,293.00,275.00,383.00,209.00,0.93,-1,-1,-1
271,2,402.00,229.00,328.00,133.00,0.86,-1,-1,-1
271,3,614.00,234.00,192.00,103.00,0.83,-1,-1,-1
271,15,603.00,204.00,270.00,100.00,0.31,-1,-1,-1
272,1,294.00,275.00,384.00,210.00,0.91,-1,-1,-1
272,2,402.00,229.00,327.00,133.00,0.87,-1,-1,-1
272,3,614.00,234.00,193.00,103.00,0.86,-1,-1,-1
272,15,615.00,207.00,256.00,95.00,0.21,-1,-1,-1
273,1,294.00,275.00,384.00,210.00,0.91,-1,-1,-1
273,2,403.00,229.00,326.00,132.00,0.87,-1,-1,-1
273,3,615.00,234.00,193.00,103.00,0.85,-1,-1,-1
273,15,614.00,208.00,253.00,93.00,0.20,-1,-1,-1
274,1,294.00,275.00,384.00,210.00,0.91,-1,-1,-1
274,2,403.00,229.00,326.00,132.00,0.87,-1,-1,-1
274,3,615.00,234.00,193.00,103.00,0.85,-1,-1,-1
274,15,614.00,208.00,253.00,93.00,0.22,-1,-1,-1
275,1,294.00,275.00,384.00,210.00,0.91,-1,-1,-1
275,2,403.00,229.00,326.00,132.00,0.87,-1,-1,-1
275,3,615.00,234.00,192.00,103.00,0.85,-1,-1,-1
275,15,613.00,208.00,254.00,93.00,0.20,-1,-1,-1
276,1,294.00,275.00,384.00,210.00,0.91,-1,-1,-1
276,2,402.00,229.00,327.00,132.00,0.87,-1,-1,-1
276,3,614.00,234.00,193.00,103.00,0.84,-1,-1,-1
276,15,617.00,207.00,259.00,96.00,0.33,-1,-1,-1
277,1,293.00,276.00,384.00,209.00,0.91,-1,-1,-1
277,2,402.00,229.00,327.00,132.00,0.87,-1,-1,-1
277,3,614.00,234.00,193.00,103.00,0.84,-1,-1,-1
277,15,613.00,207.00,257.00,95.00,0.24,-1,-1,-1
278,1,294.00,275.00,384.00,210.00,0.91,-1,-1,-1
278,2,402.00,229.00,327.00,132.00,0.87,-1,-1,-1
278,3,614.00,235.00,192.00,102.00,0.84,-1,-1,-1
278,15,613.00,207.00,256.00,94.00,0.28,-1,-1,-1
279,1,294.00,275.00,384.00,210.00,0.91,-1,-1,-1
279,2,402.00,229.00,328.00,132.00,0.86,-1,-1,-1
279,3,614.00,235.00,192.00,102.00,0.85,-1,-1,-1
279,15,610.00,206.00,258.00,94.00,0.13,-1,-1,-1
280,1,294.00,275.00,384.00,210.00,0.91,-1,-1,-1
280,2,402.00,229.00,328.00,132.00,0.86,-1,-1,-1
280,3,614.00,235.00,192.00,102.00,0.85,-1,-1,-1
280,15,609.00,206.00,258.00,94.00,0.13,-1,-1,-1
281,1,294.00,275.00,384.00,210.00,0.91,-1,-1,-1
281,2,402.00,229.00,328.00,132.00,0.86,-1,-1,-1
281,3,613.00,234.00,193.00,103.00,0.85,-1,-1,-1
281,15,608.00,205.00,261.00,95.00,0.17,-1,-1,-1
282,1,294.00,275.00,384.00,210.00,0.91,-1,-1,-1
282,2,402.00,229.00,328.00,132.00,0.87,-1,-1,-1
282,3,612.00,234.00,195.00,103.00,0.86,-1,-1,-1
282,15,609.00,205.00,262.00,95.00,0.18,-1,-1,-1
283,1,294.00,275.00,384.00,210.00,0.91,-1,-1,-1
283,2,402.00,229.00,328.00,132.00,0.87,-1,-1,-1
283,3,612.00,234.00,195.00,103.00,0.85,-1,-1,-1
283,15,620.00,206.00,259.00,95.00,0.54,-1,-1,-1
284,1,294.00,275.00,384.00,210.00,0.91,-1,-1,-1
284,2,402.00,230.00,328.00,131.00,0.87,-1,-1,-1
284,3,611.00,234.00,196.00,103.00,0.84,-1,-1,-1
284,15,621.00,207.00,257.00,94.00,0.35,-1,-1,-1
285,1,294.00,275.00,384.00,210.00,0.91,-1,-1,-1
285,2,402.00,230.00,328.00,131.00,0.86,-1,-1,-1
285,3,613.00,234.00,194.00,103.00,0.84,-1,-1,-1
285,15,621.00,207.00,260.00,96.00,0.47,-1,-1,-1
286,1,294.00,275.00,384.00,210.00,0.91,-1,-1,-1
286,2,402.00,230.00,327.00,131.00,0.86,-1,-1,-1
286,3,613.00,234.00,195.00,103.00,0.84,-1,-1,-1
286,15,616.00,205.00,259.00,96.00,0.20,-1,-1,-1
287,1,294.00,275.00,384.00,210.00,0.91,-1,-1,-1
287,2,403.00,230.00,326.00,131.00,0.87,-1,-1,-1
287,3,615.00,234.00,193.00,103.00,0.85,-1,-1,-1
287,15,618.00,207.00,256.00,94.00,0.35,-1,-1,-1
288,1,294.00,275.00,384.00,210.00,0.91,-1,-1,-1
288,2,403.00,230.00,326.00,131.00,0.86,-1,-1,-1
288,3,615.00,234.00,193.00,103.00,0.85,-1,-1,-1
288,15,617.00,208.00,254.00,93.00,0.23,-1,-1,-1
289,1,294.00,275.00,384.00,210.00,0.91,-1,-1,-1
289,2,402.00,230.00,327.00,131.00,0.87,-1,-1,-1
289,3,616.00,234.00,193.00,103.00,0.84,-1,-1,-1
289,15,618.00,208.00,254.00,93.00,0.31,-1,-1,-1
290,1,294.00,275.00,384.00,210.00,0.91,-1,-1,-1
290,2,403.00,231.00,326.00,130.00,0.86,-1,-1,-1
290,3,617.00,234.00,193.00,103.00,0.84,-1,-1,-1
290,15,613.00,209.00,255.00,92.00,0.18,-1,-1,-1
291,1,295.00,275.00,383.00,210.00,0.91,-1,-1,-1
291,2,403.00,231.00,326.00,130.00,0.86,-1,-1,-1
291,3,617.00,234.00,193.00,103.00,0.87,-1,-1,-1
291,15,613.00,207.00,256.00,93.00,0.21,-1,-1,-1
292,1,295.00,275.00,383.00,210.00,0.91,-1,-1,-1
292,2,402.00,231.00,327.00,130.00,0.86,-1,-1,-1
292,3,617.00,233.00,192.00,104.00,0.86,-1,-1,-1
292,15,609.00,206.00,259.00,93.00,0.14,-1,-1,-1
293,1,295.00,275.00,383.00,210.00,0.91,-1,-1,-1
293,2,402.00,231.00,327.00,130.00,0.86,-1,-1,-1
293,3,617.00,234.00,191.00,103.00,0.85,-1,-1,-1
293,15,609.00,205.00,262.00,95.00,0.16,-1,-1,-1
294,1,295.00,275.00,383.00,210.00,0.91,-1,-1,-1
294,2,403.00,231.00,326.00,130.00,0.86,-1,-1,-1
294,3,615.00,233.00,192.00,104.00,0.85,-1,-1,-1
294,15,608.00,204.00,263.00,96.00,0.13,-1,-1,-1
295,1,295.00,275.00,383.00,210.00,0.91,-1,-1,-1
295,2,404.00,232.00,324.00,129.00,0.86,-1,-1,-1
295,3,614.00,233.00,192.00,104.00,0.85,-1,-1,-1
295,15,607.00,204.00,265.00,96.00,0.12,-1,-1,-1
296,1,295.00,275.00,383.00,210.00,0.91,-1,-1,-1
296,2,403.00,232.00,326.00,129.00,0.87,-1,-1,-1
296,3,613.00,233.00,193.00,104.00,0.85,-1,-1,-1
296,15,611.00,206.00,265.00,96.00,0.44,-1,-1,-1
297,1,295.00,275.00,383.00,210.00,0.91,-1,-1,-1
297,2,402.00,231.00,328.00,130.00,0.87,-1,-1,-1
297,3,613.00,233.00,193.00,104.00,0.85,-1,-1,-1
297,15,614.00,207.00,264.00,96.00,0.45,-1,-1,-1
298,1,295.00,276.00,383.00,209.00,0.91,-1,-1,-1
298,2,402.00,231.00,327.00,130.00,0.86,-1,-1,-1
298,3,612.00,233.00,194.00,104.00,0.85,-1,-1,-1
298,15,615.00,207.00,263.00,96.00,0.46,-1,-1,-1
299,1,295.00,276.00,383.00,209.00,0.91,-1,-1,-1
299,2,401.00,230.00,329.00,131.00,0.86,-1,-1,-1
299,3,612.00,233.00,194.00,104.00,0.85,-1,-1,-1
299,15,615.00,208.00,259.00,94.00,0.35,-1,-1,-1
300,1,295.00,276.00,383.00,209.00,0.91,-1,-1,-1
300,2,400.00,230.00,331.00,131.00,0.87,-1,-1,-1
300,3,612.00,233.00,194.00,104.00,0.85,-1,-1,-1
300,15,612.00,206.00,260.00,94.00,0.17,-1,-1,-1
301,1,295.00,275.00,383.00,210.00,0.91,-1,-1,-1
301,2,399.00,229.00,332.00,132.00,0.86,-1,-1,-1
301,3,612.00,233.00,194.00,104.00,0.85,-1,-1,-1
301,15,613.00,207.00,258.00,94.00,0.34,-1,-1,-1
302,1,295.00,275.00,383.00,209.00,0.90,-1,-1,-1
302,2,402.00,231.00,327.00,130.00,0.86,-1,-1,-1
302,3,614.00,234.00,193.00,102.00,0.86,-1,-1,-1
303,1,295.00,275.00,383.00,209.00,0.90,-1,-1,-1
303,2,402.00,231.00,328.00,130.00,0.87,-1,-1,-1
303,3,615.00,234.00,192.00,102.00,0.86,-1,-1,-1
304,1,294.00,275.00,383.00,209.00,0.90,-1,-1,-1
304,2,401.00,230.00,330.00,131.00,0.87,-1,-1,-1
304,3,616.00,234.00,191.00,102.00,0.87,-1,-1,-1
305,1,294.00,276.00,382.00,208.00,0.90,-1,-1,-1
305,2,400.00,230.00,330.00,131.00,0.86,-1,-1,-1
305,3,616.00,234.00,191.00,102.00,0.87,-1,-1,-1
306,1,294.00,276.00,382.00,208.00,0.90,-1,-1,-1
306,2,400.00,230.00,330.00,131.00,0.86,-1,-1,-1
306,3,616.00,234.00,191.00,102.00,0.87,-1,-1,-1
307,1,294.00,276.00,382.00,208.00,0.90,-1,-1,-1
307,2,401.00,231.00,328.00,130.00,0.86,-1,-1,-1
307,3,616.00,234.00,191.00,102.00,0.87,-1,-1,-1
308,1,295.00,276.00,382.00,208.00,0.90,-1,-1,-1
308,2,401.00,231.00,329.00,130.00,0.86,-1,-1,-1
308,3,616.00,234.00,191.00,102.00,0.87,-1,-1,-1
309,1,295.00,276.00,382.00,208.00,0.90,-1,-1,-1
309,2,401.00,231.00,329.00,130.00,0.86,-1,-1,-1
309,3,616.00,234.00,191.00,102.00,0.87,-1,-1,-1
310,1,295.00,276.00,382.00,208.00,0.90,-1,-1,-1
310,2,400.00,230.00,331.00,131.00,0.86,-1,-1,-1
310,3,616.00,234.00,191.00,102.00,0.87,-1,-1,-1
311,1,296.00,276.00,382.00,208.00,0.90,-1,-1,-1
311,2,401.00,231.00,329.00,130.00,0.86,-1,-1,-1
311,3,616.00,234.00,191.00,102.00,0.87,-1,-1,-1
312,1,295.00,276.00,382.00,208.00,0.89,-1,-1,-1
312,2,402.00,232.00,327.00,129.00,0.86,-1,-1,-1
312,3,616.00,234.00,191.00,102.00,0.87,-1,-1,-1
313,1,294.00,276.00,382.00,208.00,0.90,-1,-1,-1
313,2,402.00,232.00,327.00,129.00,0.86,-1,-1,-1
313,3,616.00,234.00,191.00,102.00,0.86,-1,-1,-1
314,1,294.00,276.00,382.00,208.00,0.90,-1,-1,-1
314,2,402.00,232.00,327.00,129.00,0.86,-1,-1,-1
314,3,616.00,234.00,191.00,102.00,0.87,-1,-1,-1
315,1,293.00,276.00,383.00,208.00,0.89,-1,-1,-1
315,2,401.00,231.00,329.00,130.00,0.85,-1,-1,-1
315,3,616.00,234.00,191.00,102.00,0.86,-1,-1,-1
316,1,292.00,276.00,383.00,208.00,0.86,-1,-1,-1
316,2,401.00,230.00,330.00,131.00,0.85,-1,-1,-1
316,3,616.00,234.00,191.00,102.00,0.87,-1,-1,-1
317,1,293.00,276.00,384.00,209.00,0.87,-1,-1,-1
317,2,400.00,230.00,331.00,131.00,0.85,-1,-1,-1
317,3,616.00,234.00,191.00,102.00,0.86,-1,-1,-1
318,1,292.00,275.00,385.00,210.00,0.88,-1,-1,-1
318,2,400.00,230.00,331.00,131.00,0.85,-1,-1,-1
318,3,616.00,234.00,191.00,102.00,0.86,-1,-1,-1
319,1,293.00,274.00,385.00,210.00,0.90,-1,-1,-1
319,2,401.00,230.00,330.00,131.00,0.85,-1,-1,-1
319,3,616.00,234.00,191.00,102.00,0.87,-1,-1,-1
320,1,293.00,274.00,386.00,210.00,0.91,-1,-1,-1
320,2,401.00,230.00,330.00,131.00,0.85,-1,-1,-1
320,3,616.00,234.00,191.00,102.00,0.87,-1,-1,-1
321,1,294.00,275.00,384.00,210.00,0.93,-1,-1,-1
321,2,401.00,230.00,330.00,131.00,0.85,-1,-1,-1
321,3,616.00,234.00,191.00,102.00,0.87,-1,-1,-1
322,1,295.00,275.00,384.00,210.00,0.93,-1,-1,-1
322,2,401.00,230.00,330.00,131.00,0.85,-1,-1,-1
322,3,616.00,234.00,191.00,102.00,0.87,-1,-1,-1
323,1,295.00,275.00,384.00,210.00,0.93,-1,-1,-1
323,2,402.00,230.00,329.00,131.00,0.85,-1,-1,-1
323,3,616.00,234.00,191.00,102.00,0.87,-1,-1,-1
324,1,294.00,275.00,384.00,210.00,0.93,-1,-1,-1
324,2,402.00,231.00,328.00,130.00,0.85,-1,-1,-1
324,3,616.00,234.00,191.00,102.00,0.87,-1,-1,-1
325,1,294.00,276.00,384.00,210.00,0.93,-1,-1,-1
325,2,402.00,231.00,328.00,130.00,0.85,-1,-1,-1
325,3,616.00,234.00,191.00,102.00,0.87,-1,-1,-1
326,1,294.00,276.00,383.00,210.00,0.93,-1,-1,-1
326,2,402.00,231.00,328.00,130.00,0.86,-1,-1,-1
326,3,616.00,234.00,191.00,102.00,0.87,-1,-1,-1
327,1,295.00,276.00,383.00,210.00,0.93,-1,-1,-1
327,2,402.00,231.00,328.00,130.00,0.86,-1,-1,-1
327,3,616.00,234.00,191.00,102.00,0.87,-1,-1,-1
328,1,294.00,276.00,383.00,210.00,0.93,-1,-1,-1
328,2,402.00,231.00,328.00,130.00,0.86,-1,-1,-1
328,3,616.00,234.00,191.00,102.00,0.87,-1,-1,-1
329,1,295.00,276.00,382.00,210.00,0.93,-1,-1,-1
329,2,402.00,231.00,328.00,130.00,0.87,-1,-1,-1
329,3,616.00,234.00,191.00,102.00,0.86,-1,-1,-1
330,1,295.00,276.00,382.00,209.00,0.92,-1,-1,-1
330,2,402.00,231.00,328.00,130.00,0.87,-1,-1,-1
330,3,616.00,234.00,191.00,102.00,0.86,-1,-1,-1
331,1,295.00,276.00,382.00,209.00,0.93,-1,-1,-1
331,2,402.00,231.00,328.00,130.00,0.87,-1,-1,-1
331,3,616.00,234.00,191.00,102.00,0.86,-1,-1,-1
332,1,295.00,276.00,382.00,210.00,0.92,-1,-1,-1
332,2,402.00,231.00,328.00,130.00,0.87,-1,-1,-1
332,3,615.00,235.00,192.00,102.00,0.83,-1,-1,-1
333,1,295.00,276.00,382.00,209.00,0.92,-1,-1,-1
333,2,402.00,231.00,328.00,130.00,0.87,-1,-1,-1
333,3,615.00,235.00,192.00,102.00,0.83,-1,-1,-1
334,1,296.00,277.00,381.00,208.00,0.92,-1,-1,-1
334,2,402.00,231.00,328.00,130.00,0.87,-1,-1,-1
334,3,615.00,235.00,192.00,102.00,0.84,-1,-1,-1
335,1,295.00,277.00,382.00,209.00,0.92,-1,-1,-1
335,2,402.00,232.00,328.00,129.00,0.87,-1,-1,-1
335,3,615.00,234.00,192.00,103.00,0.84,-1,-1,-1
336,1,295.00,276.00,383.00,210.00,0.92,-1,-1,-1
336,2,402.00,231.00,328.00,130.00,0.87,-1,-1,-1
336,3,615.00,235.00,192.00,102.00,0.84,-1,-1,-1
337,1,296.00,276.00,381.00,208.00,0.92,-1,-1,-1
337,2,402.00,231.00,328.00,130.00,0.87,-1,-1,-1
337,3,615.00,235.00,192.00,102.00,0.84,-1,-1,-1
338,1,301.00,275.00,372.00,202.00,0.94,-1,-1,-1
338,2,402.00,231.00,328.00,130.00,0.87,-1,-1,-1
338,3,615.00,235.00,192.00,102.00,0.83,-1,-1,-1
339,1,303.00,275.00,367.00,199.00,0.93,-1,-1,-1
339,2,402.00,231.00,328.00,130.00,0.87,-1,-1,-1
339,3,615.00,235.00,192.00,102.00,0.83,-1,-1,-1
340,1,300.00,275.00,372.00,200.00,0.91,-1,-1,-1
340,2,402.00,231.00,329.00,130.00,0.87,-1,-1,-1
340,3,615.00,234.00,192.00,103.00,0.83,-1,-1,-1
341,1,299.00,275.00,375.00,201.00,0.94,-1,-1,-1
341,2,402.00,231.00,329.00,130.00,0.86,-1,-1,-1
341,3,615.00,234.00,192.00,103.00,0.84,-1,-1,-1
342,1,298.00,274.00,378.00,203.00,0.94,-1,-1,-1
342,2,402.00,231.00,329.00,130.00,0.87,-1,-1,-1
342,3,615.00,234.00,192.00,103.00,0.83,-1,-1,-1
343,1,296.00,274.00,382.00,206.00,0.94,-1,-1,-1
343,2,402.00,231.00,328.00,130.00,0.87,-1,-1,-1
343,3,615.00,234.00,193.00,103.00,0.83,-1,-1,-1
344,1,294.00,275.00,385.00,207.00,0.93,-1,-1,-1
344,2,401.00,231.00,329.00,130.00,0.88,-1,-1,-1
344,3,615.00,234.00,193.00,103.00,0.84,-1,-1,-1
345,1,293.00,275.00,387.00,208.00,0.90,-1,-1,-1
345,2,400.00,231.00,330.00,131.00,0.87,-1,-1,-1
345,3,615.00,234.00,193.00,103.00,0.83,-1,-1,-1
346,1,292.00,276.00,387.00,208.00,0.92,-1,-1,-1
346,2,400.00,231.00,331.00,131.00,0.87,-1,-1,-1
346,3,615.00,234.00,193.00,103.00,0.83,-1,-1,-1
347,1,288.00,275.00,386.00,209.00,0.92,-1,-1,-1
347,2,400.00,231.00,330.00,130.00,0.87,-1,-1,-1
347,3,615.00,234.00,192.00,103.00,0.83,-1,-1,-1
348,1,288.00,275.00,385.00,209.00,0.92,-1,-1,-1
348,2,400.00,231.00,329.00,130.00,0.87,-1,-1,-1
348,3,615.00,234.00,192.00,103.00,0.84,-1,-1,-1
349,1,289.00,275.00,384.00,209.00,0.92,-1,-1,-1
349,2,400.00,231.00,330.00,131.00,0.86,-1,-1,-1
349,3,614.00,234.00,193.00,103.00,0.84,-1,-1,-1
350,1,291.00,276.00,384.00,208.00,0.92,-1,-1,-1
350,2,400.00,231.00,331.00,131.00,0.86,-1,-1,-1
350,3,614.00,235.00,193.00,102.00,0.83,-1,-1,-1
351,1,292.00,275.00,384.00,209.00,0.93,-1,-1,-1
351,2,401.00,231.00,329.00,131.00,0.86,-1,-1,-1
351,3,614.00,235.00,193.00,102.00,0.83,-1,-1,-1
352,1,292.00,275.00,384.00,209.00,0.91,-1,-1,-1
352,2,402.00,231.00,328.00,130.00,0.86,-1,-1,-1
352,3,615.00,234.00,192.00,103.00,0.83,-1,-1,-1
353,1,293.00,275.00,384.00,209.00,0.91,-1,-1,-1
353,2,402.00,232.00,327.00,129.00,0.86,-1,-1,-1
353,3,615.00,234.00,192.00,103.00,0.83,-1,-1,-1
354,1,294.00,275.00,383.00,209.00,0.91,-1,-1,-1
354,2,403.00,232.00,326.00,129.00,0.86,-1,-1,-1
354,3,614.00,234.00,193.00,103.00,0.83,-1,-1,-1
355,1,294.00,275.00,383.00,208.00,0.91,-1,-1,-1
355,2,403.00,232.00,326.00,129.00,0.86,-1,-1,-1
355,3,614.00,234.00,193.00,103.00,0.83,-1,-1,-1
356,1,294.00,275.00,384.00,209.00,0.91,-1,-1,-1
356,2,403.00,232.00,326.00,129.00,0.86,-1,-1,-1
356,3,614.00,234.00,193.00,103.00,0.83,-1,-1,-1
357,1,294.00,275.00,384.00,209.00,0.91,-1,-1,-1
357,2,403.00,232.00,326.00,129.00,0.86,-1,-1,-1
357,3,614.00,234.00,193.00,103.00,0.83,-1,-1,-1
358,1,294.00,275.00,384.00,209.00,0.91,-1,-1,-1
358,2,403.00,232.00,326.00,129.00,0.86,-1,-1,-1
358,3,614.00,234.00,193.00,103.00,0.83,-1,-1,-1
359,1,293.00,275.00,384.00,209.00,0.92,-1,-1,-1
359,2,403.00,232.00,326.00,129.00,0.86,-1,-1,-1
359,3,614.00,234.00,193.00,103.00,0.83,-1,-1,-1
360,1,293.00,275.00,384.00,209.00,0.92,-1,-1,-1
360,2,403.00,232.00,326.00,129.00,0.86,-1,-1,-1
360,3,614.00,234.00,193.00,103.00,0.84,-1,-1,-1
361,1,293.00,275.00,383.00,209.00,0.92,-1,-1,-1
361,2,403.00,233.00,326.00,128.00,0.86,-1,-1,-1
361,3,614.00,234.00,193.00,103.00,0.84,-1,-1,-1
362,1,293.00,275.00,384.00,209.00,0.93,-1,-1,-1
362,2,401.00,232.00,329.00,129.00,0.86,-1,-1,-1
362,3,612.00,234.00,194.00,103.00,0.86,-1,-1,-1
363,1,292.00,275.00,385.00,210.00,0.93,-1,-1,-1
363,2,400.00,231.00,331.00,130.00,0.86,-1,-1,-1
363,3,612.00,234.00,194.00,103.00,0.86,-1,-1,-1
364,1,293.00,275.00,384.00,210.00,0.92,-1,-1,-1
364,2,400.00,230.00,332.00,131.00,0.85,-1,-1,-1
364,3,612.00,234.00,194.00,103.00,0.86,-1,-1,-1
365,1,293.00,276.00,384.00,209.00,0.92,-1,-1,-1
365,2,400.00,230.00,332.00,131.00,0.85,-1,-1,-1
365,3,612.00,234.00,194.00,103.00,0.86,-1,-1,-1
366,1,293.00,276.00,384.00,209.00,0.92,-1,-1,-1
366,2,400.00,230.00,332.00,131.00,0.86,-1,-1,-1
366,3,611.00,233.00,194.00,104.00,0.86,-1,-1,-1
367,1,293.00,276.00,383.00,209.00,0.92,-1,-1,-1
367,2,400.00,230.00,332.00,131.00,0.86,-1,-1,-1
367,3,611.00,233.00,194.00,104.00,0.86,-1,-1,-1
368,1,293.00,276.00,383.00,209.00,0.92,-1,-1,-1
368,2,399.00,229.00,333.00,132.00,0.87,-1,-1,-1
368,3,611.00,233.00,194.00,104.00,0.86,-1,-1,-1
369,1,294.00,276.00,382.00,209.00,0.92,-1,-1,-1
369,2,399.00,229.00,334.00,132.00,0.86,-1,-1,-1
369,3,612.00,233.00,193.00,104.00,0.85,-1,-1,-1
370,1,294.00,276.00,382.00,209.00,0.92,-1,-1,-1
370,2,399.00,229.00,333.00,132.00,0.86,-1,-1,-1
370,3,612.00,234.00,193.00,103.00,0.85,-1,-1,-1
371,1,294.00,275.00,384.00,210.00,0.91,-1,-1,-1
371,2,399.00,229.00,333.00,132.00,0.86,-1,-1,-1
371,3,612.00,234.00,193.00,103.00,0.85,-1,-1,-1
372,1,294.00,275.00,384.00,210.00,0.91,-1,-1,-1
372,2,399.00,228.00,334.00,133.00,0.87,-1,-1,-1
372,3,611.00,233.00,194.00,104.00,0.85,-1,-1,-1
373,1,294.00,275.00,384.00,210.00,0.91,-1,-1,-1
373,2,399.00,228.00,334.00,133.00,0.86,-1,-1,-1
373,3,611.00,233.00,194.00,104.00,0.85,-1,-1,-1
374,1,294.00,275.00,384.00,210.00,0.91,-1,-1,-1
374,2,400.00,229.00,332.00,132.00,0.86,-1,-1,-1
374,3,611.00,233.00,194.00,104.00,0.86,-1,-1,-1
375,1,295.00,275.00,383.00,210.00,0.91,-1,-1,-1
375,2,400.00,229.00,332.00,132.00,0.86,-1,-1,-1
375,3,611.00,233.00,194.00,104.00,0.86,-1,-1,-1
376,1,295.00,275.00,383.00,210.00,0.91,-1,-1,-1
376,2,400.00,229.00,332.00,132.00,0.86,-1,-1,-1
376,3,611.00,233.00,194.00,104.00,0.86,-1,-1,-1
377,1,295.00,275.00,383.00,210.00,0.91,-1,-1,-1
377,2,400.00,229.00,331.00,132.00,0.86,-1,-1,-1
377,3,611.00,233.00,194.00,104.00,0.86,-1,-1,-1
378,1,296.00,275.00,382.00,210.00,0.91,-1,-1,-1
378,2,400.00,229.00,331.00,132.00,0.86,-1,-1,-1
378,3,611.00,233.00,194.00,104.00,0.86,-1,-1,-1
379,1,295.00,275.00,383.00,210.00,0.91,-1,-1,-1
379,2,400.00,229.00,331.00,132.00,0.86,-1,-1,-1
379,3,611.00,233.00,194.00,104.00,0.86,-1,-1,-1
380,1,294.00,275.00,382.00,210.00,0.92,-1,-1,-1
380,2,401.00,229.00,330.00,132.00,0.85,-1,-1,-1
380,3,612.00,233.00,193.00,104.00,0.86,-1,-1,-1
381,1,294.00,275.00,382.00,210.00,0.92,-1,-1,-1
381,2,401.00,229.00,330.00,132.00,0.85,-1,-1,-1
381,3,611.00,233.00,194.00,104.00,0.86,-1,-1,-1
382,1,294.00,275.00,382.00,210.00,0.91,-1,-1,-1
382,2,401.00,229.00,330.00,132.00,0.85,-1,-1,-1
382,3,612.00,233.00,193.00,104.00,0.86,-1,-1,-1
383,1,295.00,275.00,382.00,209.00,0.91,-1,-1,-1
383,2,402.00,229.00,328.00,132.00,0.85,-1,-1,-1
383,3,612.00,233.00,193.00,104.00,0.86,-1,-1,-1
384,1,294.00,275.00,382.00,210.00,0.92,-1,-1,-1
384,2,401.00,229.00,330.00,132.00,0.85,-1,-1,-1
384,3,611.00,233.00,194.00,104.00,0.86,-1,-1,-1
385,1,294.00,275.00,382.00,210.00,0.93,-1,-1,-1
385,2,402.00,229.00,328.00,132.00,0.85,-1,-1,-1
385,3,611.00,233.00,194.00,104.00,0.86,-1,-1,-1
386,1,294.00,276.00,382.00,209.00,0.93,-1,-1,-1
386,2,401.00,229.00,330.00,132.00,0.86,-1,-1,-1
386,3,612.00,233.00,193.00,104.00,0.86,-1,-1,-1
387,1,294.00,276.00,382.00,209.00,0.93,-1,-1,-1
387,2,401.00,229.00,330.00,132.00,0.85,-1,-1,-1
387,3,612.00,233.00,193.00,104.00,0.86,-1,-1,-1
388,1,294.00,276.00,382.00,209.00,0.93,-1,-1,-1
388,2,401.00,229.00,330.00,132.00,0.85,-1,-1,-1
388,3,612.00,233.00,193.00,104.00,0.85,-1,-1,-1
389,1,294.00,276.00,382.00,209.00,0.93,-1,-1,-1
389,2,401.00,229.00,330.00,132.00,0.86,-1,-1,-1
389,3,612.00,233.00,193.00,104.00,0.85,-1,-1,-1
390,1,294.00,276.00,381.00,209.00,0.92,-1,-1,-1
390,2,401.00,229.00,329.00,132.00,0.85,-1,-1,-1
390,3,612.00,233.00,193.00,104.00,0.85,-1,-1,-1
391,1,294.00,276.00,381.00,208.00,0.92,-1,-1,-1
391,2,401.00,229.00,329.00,132.00,0.85,-1,-1,-1
391,3,612.00,233.00,194.00,104.00,0.85,-1,-1,-1
392,1,294.00,276.00,382.00,208.00,0.91,-1,-1,-1
392,2,402.00,230.00,328.00,131.00,0.85,-1,-1,-1
392,3,612.00,233.00,194.00,104.00,0.84,-1,-1,-1
393,1,293.00,275.00,383.00,209.00,0.91,-1,-1,-1
393,2,402.00,230.00,328.00,131.00,0.85,-1,-1,-1
393,3,612.00,233.00,194.00,104.00,0.83,-1,-1,-1
394,1,293.00,275.00,382.00,209.00,0.91,-1,-1,-1
394,2,403.00,230.00,327.00,131.00,0.85,-1,-1,-1
394,3,612.00,234.00,194.00,103.00,0.84,-1,-1,-1
395,1,294.00,275.00,382.00,209.00,0.91,-1,-1,-1
395,2,402.00,230.00,327.00,131.00,0.85,-1,-1,-1
395,3,612.00,234.00,194.00,103.00,0.84,-1,-1,-1
396,1,295.00,275.00,382.00,209.00,0.91,-1,-1,-1
396,2,402.00,230.00,328.00,131.00,0.85,-1,-1,-1
396,3,612.00,234.00,194.00,103.00,0.84,-1,-1,-1
397,1,295.00,275.00,382.00,209.00,0.91,-1,-1,-1
397,2,402.00,230.00,328.00,131.00,0.85,-1,-1,-1
397,3,612.00,234.00,194.00,103.00,0.84,-1,-1,-1
398,1,295.00,275.00,382.00,209.00,0.91,-1,-1,-1
398,2,402.00,230.00,328.00,131.00,0.85,-1,-1,-1
398,3,612.00,234.00,194.00,103.00,0.84,-1,-1,-1
399,1,295.00,275.00,382.00,209.00,0.91,-1,-1,-1
399,2,402.00,229.00,328.00,132.00,0.85,-1,-1,-1
399,3,612.00,234.00,194.00,103.00,0.84,-1,-1,-1
400,1,295.00,275.00,382.00,209.00,0.91,-1,-1,-1
400,2,402.00,229.00,328.00,132.00,0.85,-1,-1,-1
400,3,612.00,234.00,194.00,103.00,0.84,-1,-1,-1
401,1,294.00,275.00,383.00,209.00,0.91,-1,-1,-1
401,2,402.00,229.00,328.00,132.00,0.86,-1,-1,-1
401,3,612.00,234.00,194.00,103.00,0.84,-1,-1,-1
402,1,294.00,275.00,383.00,209.00,0.91,-1,-1,-1
402,2,402.00,229.00,328.00,132.00,0.86,-1,-1,-1
402,3,612.00,234.00,194.00,103.00,0.84,-1,-1,-1
403,1,293.00,275.00,384.00,210.00,0.91,-1,-1,-1
403,2,402.00,229.00,328.00,132.00,0.86,-1,-1,-1
403,3,612.00,234.00,194.00,103.00,0.84,-1,-1,-1
404,1,294.00,275.00,383.00,210.00,0.91,-1,-1,-1
404,2,402.00,229.00,328.00,132.00,0.85,-1,-1,-1
404,3,612.00,234.00,194.00,103.00,0.84,-1,-1,-1
405,1,293.00,275.00,383.00,210.00,0.91,-1,-1,-1
405,2,402.00,229.00,328.00,132.00,0.85,-1,-1,-1
405,3,612.00,234.00,194.00,103.00,0.84,-1,-1,-1
406,1,293.00,275.00,383.00,210.00,0.92,-1,-1,-1
406,2,402.00,229.00,328.00,132.00,0.85,-1,-1,-1
406,3,612.00,234.00,194.00,103.00,0.84,-1,-1,-1
407,1,293.00,275.00,383.00,210.00,0.92,-1,-1,-1
407,2,402.00,229.00,328.00,132.00,0.85,-1,-1,-1
407,3,612.00,234.00,194.00,103.00,0.84,-1,-1,-1
408,1,293.00,275.00,383.00,210.00,0.92,-1,-1,-1
408,2,402.00,230.00,328.00,131.00,0.85,-1,-1,-1
408,3,612.00,234.00,194.00,103.00,0.84,-1,-1,-1
409,1,293.00,275.00,383.00,210.00,0.93,-1,-1,-1
409,2,402.00,229.00,328.00,132.00,0.85,-1,-1,-1
409,3,612.00,234.00,194.00,103.00,0.84,-1,-1,-1
410,1,293.00,275.00,383.00,210.00,0.92,-1,-1,-1
410,2,401.00,229.00,330.00,132.00,0.85,-1,-1,-1
410,3,612.00,234.00,194.00,103.00,0.84,-1,-1,-1
411,1,293.00,275.00,383.00,210.00,0.93,-1,-1,-1
411,2,401.00,229.00,330.00,132.00,0.86,-1,-1,-1
411,3,612.00,234.00,194.00,103.00,0.84,-1,-1,-1
412,1,293.00,275.00,383.00,210.00,0.93,-1,-1,-1
412,2,402.00,229.00,328.00,132.00,0.86,-1,-1,-1
412,3,612.00,234.00,194.00,103.00,0.84,-1,-1,-1
413,1,293.00,275.00,383.00,210.00,0.93,-1,-1,-1
413,2,402.00,230.00,328.00,131.00,0.85,-1,-1,-1
413,3,612.00,234.00,194.00,103.00,0.84,-1,-1,-1
414,1,293.00,275.00,383.00,210.00,0.93,-1,-1,-1
414,2,402.00,230.00,328.00,131.00,0.85,-1,-1,-1
414,3,612.00,234.00,194.00,103.00,0.84,-1,-1,-1
415,1,293.00,275.00,383.00,210.00,0.93,-1,-1,-1
415,2,402.00,230.00,328.00,131.00,0.86,-1,-1,-1
415,3,612.00,234.00,194.00,103.00,0.84,-1,-1,-1
416,1,293.00,275.00,383.00,210.00,0.93,-1,-1,-1
416,2,402.00,230.00,328.00,131.00,0.86,-1,-1,-1
416,3,612.00,234.00,194.00,103.00,0.84,-1,-1,-1
417,1,293.00,275.00,383.00,210.00,0.93,-1,-1,-1
417,2,402.00,230.00,328.00,131.00,0.85,-1,-1,-1
417,3,612.00,234.00,194.00,103.00,0.84,-1,-1,-1
418,1,293.00,275.00,383.00,210.00,0.93,-1,-1,-1
418,2,402.00,230.00,328.00,131.00,0.85,-1,-1,-1
418,3,612.00,234.00,194.00,103.00,0.84,-1,-1,-1
419,1,293.00,275.00,383.00,210.00,0.92,-1,-1,-1
419,2,402.00,230.00,328.00,131.00,0.85,-1,-1,-1
419,3,612.00,234.00,194.00,103.00,0.84,-1,-1,-1
420,1,293.00,275.00,383.00,210.00,0.92,-1,-1,-1
420,2,402.00,230.00,328.00,131.00,0.84,-1,-1,-1
420,3,612.00,234.00,194.00,103.00,0.83,-1,-1,-1
421,1,293.00,275.00,383.00,210.00,0.92,-1,-1,-1
421,2,402.00,230.00,328.00,131.00,0.85,-1,-1,-1
421,3,612.00,234.00,194.00,103.00,0.84,-1,-1,-1
422,1,294.00,275.00,381.00,209.00,0.93,-1,-1,-1
422,2,403.00,230.00,327.00,131.00,0.86,-1,-1,-1
422,3,612.00,233.00,194.00,104.00,0.86,-1,-1,-1
423,1,294.00,275.00,381.00,209.00,0.93,-1,-1,-1
423,2,402.00,230.00,328.00,131.00,0.86,-1,-1,-1
423,3,611.00,233.00,195.00,104.00,0.86,-1,-1,-1
424,1,294.00,275.00,381.00,209.00,0.93,-1,-1,-1
424,2,402.00,230.00,328.00,131.00,0.87,-1,-1,-1
424,3,611.00,233.00,195.00,104.00,0.86,-1,-1,-1
425,1,294.00,276.00,381.00,208.00,0.93,-1,-1,-1
425,2,402.00,230.00,328.00,131.00,0.86,-1,-1,-1
425,3,611.00,233.00,195.00,104.00,0.86,-1,-1,-1
426,1,294.00,276.00,381.00,208.00,0.93,-1,-1,-1
426,2,402.00,230.00,328.00,131.00,0.86,-1,-1,-1
426,3,611.00,233.00,195.00,104.00,0.86,-1,-1,-1
427,1,294.00,276.00,382.00,208.00,0.93,-1,-1,-1
427,2,402.00,230.00,328.00,131.00,0.86,-1,-1,-1
427,3,612.00,233.00,194.00,104.00,0.86,-1,-1,-1
428,1,294.00,276.00,382.00,208.00,0.93,-1,-1,-1
428,2,402.00,230.00,328.00,131.00,0.86,-1,-1,-1
428,3,612.00,233.00,194.00,104.00,0.86,-1,-1,-1
429,1,294.00,276.00,382.00,208.00,0.92,-1,-1,-1
429,2,402.00,230.00,328.00,131.00,0.86,-1,-1,-1
429,3,612.00,233.00,194.00,104.00,0.86,-1,-1,-1
430,1,294.00,276.00,382.00,208.00,0.92,-1,-1,-1
430,2,402.00,231.00,328.00,130.00,0.86,-1,-1,-1
430,3,612.00,233.00,194.00,104.00,0.86,-1,-1,-1
431,1,294.00,276.00,382.00,208.00,0.93,-1,-1,-1
431,2,403.00,231.00,327.00,130.00,0.86,-1,-1,-1
431,3,611.00,233.00,195.00,104.00,0.86,-1,-1,-1
432,1,294.00,276.00,382.00,208.00,0.93,-1,-1,-1
432,2,403.00,231.00,327.00,130.00,0.86,-1,-1,-1
432,3,611.00,233.00,195.00,104.00,0.86,-1,-1,-1
433,1,293.00,276.00,383.00,208.00,0.92,-1,-1,-1
433,2,402.00,231.00,328.00,130.00,0.86,-1,-1,-1
433,3,611.00,233.00,195.00,104.00,0.86,-1,-1,-1
434,1,293.00,275.00,383.00,209.00,0.93,-1,-1,-1
434,2,402.00,231.00,328.00,130.00,0.86,-1,-1,-1
434,3,612.00,233.00,194.00,104.00,0.86,-1,-1,-1
435,1,293.00,275.00,383.00,209.00,0.92,-1,-1,-1
435,2,402.00,231.00,328.00,130.00,0.85,-1,-1,-1
435,3,612.00,233.00,194.00,104.00,0.86,-1,-1,-1
436,1,293.00,275.00,383.00,209.00,0.93,-1,-1,-1
436,2,402.00,231.00,328.00,130.00,0.86,-1,-1,-1
436,3,612.00,233.00,194.00,104.00,0.86,-1,-1,-1
437,1,293.00,275.00,383.00,209.00,0.93,-1,-1,-1
437,2,402.00,231.00,328.00,130.00,0.86,-1,-1,-1
437,3,611.00,233.00,195.00,104.00,0.86,-1,-1,-1
438,1,293.00,275.00,383.00,209.00,0.92,-1,-1,-1
438,2,402.00,231.00,328.00,130.00,0.86,-1,-1,-1
438,3,611.00,233.00,195.00,104.00,0.86,-1,-1,-1
439,1,293.00,275.00,383.00,209.00,0.92,-1,-1,-1
439,2,402.00,231.00,328.00,130.00,0.86,-1,-1,-1
439,3,612.00,233.00,194.00,104.00,0.86,-1,-1,-1
440,1,293.00,275.00,384.00,209.00,0.93,-1,-1,-1
440,2,403.00,231.00,327.00,130.00,0.86,-1,-1,-1
440,3,612.00,233.00,194.00,104.00,0.86,-1,-1,-1
441,1,293.00,275.00,384.00,209.00,0.93,-1,-1,-1
441,2,403.00,232.00,327.00,129.00,0.85,-1,-1,-1
441,3,612.00,233.00,194.00,104.00,0.86,-1,-1,-1
442,1,293.00,275.00,384.00,209.00,0.93,-1,-1,-1
442,2,403.00,232.00,327.00,129.00,0.85,-1,-1,-1
442,3,612.00,233.00,194.00,104.00,0.86,-1,-1,-1
443,1,293.00,275.00,384.00,209.00,0.92,-1,-1,-1
443,2,403.00,232.00,327.00,129.00,0.85,-1,-1,-1
443,3,612.00,233.00,194.00,104.00,0.86,-1,-1,-1
444,1,293.00,275.00,384.00,209.00,0.92,-1,-1,-1
444,2,403.00,232.00,327.00,129.00,0.85,-1,-1,-1
444,3,611.00,233.00,195.00,104.00,0.86,-1,-1,-1
445,1,293.00,275.00,384.00,209.00,0.92,-1,-1,-1
445,2,402.00,232.00,328.00,129.00,0.86,-1,-1,-1
445,3,612.00,233.00,194.00,104.00,0.86,-1,-1,-1
446,1,292.00,275.00,385.00,210.00,0.91,-1,-1,-1
446,2,402.00,231.00,328.00,130.00,0.86,-1,-1,-1
446,3,612.00,233.00,194.00,104.00,0.86,-1,-1,-1
447,1,294.00,275.00,383.00,208.00,0.91,-1,-1,-1
447,2,402.00,231.00,328.00,130.00,0.86,-1,-1,-1
447,3,612.00,233.00,194.00,104.00,0.86,-1,-1,-1
448,1,294.00,275.00,383.00,208.00,0.92,-1,-1,-1
448,2,402.00,231.00,328.00,130.00,0.86,-1,-1,-1
448,3,612.00,233.00,194.00,104.00,0.86,-1,-1,-1
449,1,294.00,275.00,383.00,208.00,0.92,-1,-1,-1
449,2,402.00,231.00,329.00,130.00,0.86,-1,-1,-1
449,3,612.00,233.00,194.00,104.00,0.86,-1,-1,-1
450,1,294.00,275.00,383.00,207.00,0.92,-1,-1,-1
450,2,401.00,230.00,330.00,131.00,0.86,-1,-1,-1
450,3,611.00,233.00,195.00,104.00,0.86,-1,-1,-1
451,1,294.00,275.00,384.00,207.00,0.92,-1,-1,-1
451,2,401.00,230.00,330.00,131.00,0.86,-1,-1,-1
451,3,611.00,233.00,195.00,104.00,0.86,-1,-1,-1
452,1,293.00,275.00,386.00,208.00,0.91,-1,-1,-1
452,2,400.00,230.00,332.00,131.00,0.87,-1,-1,-1
452,3,613.00,234.00,192.00,102.00,0.83,-1,-1,-1
453,1,293.00,275.00,386.00,208.00,0.90,-1,-1,-1
453,2,400.00,230.00,332.00,131.00,0.86,-1,-1,-1
453,3,613.00,234.00,192.00,102.00,0.83,-1,-1,-1
454,1,293.00,275.00,386.00,208.00,0.90,-1,-1,-1
454,2,400.00,230.00,332.00,131.00,0.86,-1,-1,-1
454,3,613.00,234.00,193.00,102.00,0.84,-1,-1,-1
455,1,293.00,275.00,385.00,207.00,0.91,-1,-1,-1
455,2,400.00,229.00,332.00,132.00,0.86,-1,-1,-1
455,3,614.00,234.00,192.00,102.00,0.84,-1,-1,-1
456,1,293.00,275.00,385.00,207.00,0.91,-1,-1,-1
456,2,400.00,229.00,332.00,132.00,0.87,-1,-1,-1
456,3,614.00,234.00,192.00,102.00,0.84,-1,-1,-1
457,1,293.00,275.00,385.00,207.00,0.91,-1,-1,-1
457,2,400.00,229.00,332.00,132.00,0.87,-1,-1,-1
457,3,614.00,234.00,192.00,102.00,0.84,-1,-1,-1
458,1,293.00,275.00,385.00,206.00,0.90,-1,-1,-1
458,2,400.00,229.00,332.00,132.00,0.87,-1,-1,-1
458,3,614.00,234.00,192.00,102.00,0.84,-1,-1,-1
459,1,294.00,275.00,383.00,204.00,0.90,-1,-1,-1
459,2,401.00,229.00,331.00,132.00,0.87,-1,-1,-1
459,3,614.00,234.00,192.00,102.00,0.84,-1,-1,-1
460,1,295.00,274.00,381.00,204.00,0.91,-1,-1,-1
460,2,401.00,229.00,330.00,132.00,0.87,-1,-1,-1
460,3,614.00,234.00,192.00,102.00,0.84,-1,-1,-1
461,1,295.00,274.00,381.00,203.00,0.91,-1,-1,-1
461,2,401.00,229.00,330.00,132.00,0.87,-1,-1,-1
461,3,614.00,234.00,192.00,102.00,0.84,-1,-1,-1
462,1,295.00,274.00,381.00,204.00,0.91,-1,-1,-1
462,2,401.00,229.00,330.00,132.00,0.87,-1,-1,-1
462,3,614.00,234.00,192.00,102.00,0.84,-1,-1,-1
463,1,295.00,274.00,381.00,203.00,0.91,-1,-1,-1
463,2,401.00,230.00,330.00,131.00,0.87,-1,-1,-1
463,3,614.00,234.00,192.00,102.00,0.84,-1,-1,-1
464,1,294.00,274.00,383.00,203.00,0.92,-1,-1,-1
464,2,402.00,230.00,328.00,131.00,0.87,-1,-1,-1
464,3,614.00,234.00,192.00,102.00,0.84,-1,-1,-1
465,1,295.00,274.00,381.00,203.00,0.92,-1,-1,-1
465,2,403.00,231.00,327.00,130.00,0.87,-1,-1,-1
465,3,614.00,234.00,192.00,102.00,0.84,-1,-1,-1
466,1,295.00,274.00,381.00,202.00,0.92,-1,-1,-1
466,2,402.00,231.00,328.00,130.00,0.87,-1,-1,-1
466,3,614.00,234.00,192.00,102.00,0.84,-1,-1,-1
467,1,295.00,275.00,381.00,201.00,0.92,-1,-1,-1
467,2,403.00,231.00,326.00,130.00,0.86,-1,-1,-1
467,3,614.00,234.00,192.00,102.00,0.84,-1,-1,-1
468,1,294.00,275.00,382.00,202.00,0.92,-1,-1,-1
468,2,402.00,230.00,328.00,131.00,0.86,-1,-1,-1
468,3,614.00,234.00,192.00,102.00,0.84,-1,-1,-1
469,1,292.00,275.00,386.00,203.00,0.92,-1,-1,-1
469,2,402.00,230.00,328.00,131.00,0.87,-1,-1,-1
469,3,614.00,234.00,192.00,102.00,0.84,-1,-1,-1
470,1,293.00,275.00,384.00,202.00,0.91,-1,-1,-1
470,2,402.00,230.00,328.00,131.00,0.86,-1,-1,-1
470,3,614.00,234.00,192.00,102.00,0.85,-1,-1,-1
471,1,293.00,274.00,383.00,202.00,0.90,-1,-1,-1
471,2,401.00,229.00,330.00,132.00,0.87,-1,-1,-1
471,3,614.00,234.00,192.00,102.00,0.84,-1,-1,-1
472,1,293.00,274.00,383.00,202.00,0.91,-1,-1,-1
472,2,401.00,229.00,330.00,132.00,0.87,-1,-1,-1
472,3,614.00,234.00,192.00,102.00,0.84,-1,-1,-1
473,1,293.00,274.00,385.00,203.00,0.91,-1,-1,-1
473,2,401.00,229.00,330.00,132.00,0.86,-1,-1,-1
473,3,614.00,234.00,192.00,102.00,0.84,-1,-1,-1
474,1,291.00,274.00,388.00,204.00,0.90,-1,-1,-1
474,2,401.00,229.00,330.00,132.00,0.87,-1,-1,-1
474,3,614.00,234.00,192.00,102.00,0.84,-1,-1,-1
475,1,291.00,274.00,388.00,205.00,0.91,-1,-1,-1
475,2,401.00,229.00,330.00,132.00,0.87,-1,-1,-1
475,3,614.00,234.00,192.00,102.00,0.84,-1,-1,-1
476,1,294.00,275.00,384.00,202.00,0.93,-1,-1,-1
476,2,401.00,229.00,330.00,132.00,0.87,-1,-1,-1
476,3,614.00,234.00,192.00,102.00,0.84,-1,-1,-1
477,1,296.00,275.00,381.00,201.00,0.93,-1,-1,-1
477,2,401.00,229.00,330.00,132.00,0.87,-1,-1,-1
477,3,614.00,234.00,192.00,102.00,0.84,-1,-1,-1
478,1,297.00,275.00,380.00,200.00,0.93,-1,-1,-1
478,2,402.00,229.00,329.00,132.00,0.87,-1,-1,-1
478,3,614.00,234.00,192.00,102.00,0.84,-1,-1,-1
479,1,297.00,275.00,380.00,199.00,0.93,-1,-1,-1
479,2,402.00,229.00,329.00,132.00,0.87,-1,-1,-1
479,3,614.00,234.00,192.00,102.00,0.84,-1,-1,-1
480,1,297.00,275.00,380.00,200.00,0.93,-1,-1,-1
480,2,402.00,229.00,329.00,132.00,0.87,-1,-1,-1
480,3,614.00,234.00,192.00,102.00,0.84,-1,-1,-1
481,1,296.00,275.00,382.00,201.00,0.93,-1,-1,-1
481,2,402.00,229.00,329.00,132.00,0.87,-1,-1,-1
481,3,614.00,234.00,192.00,102.00,0.84,-1,-1,-1
482,1,292.00,275.00,387.00,203.00,0.91,-1,-1,-1
482,2,401.00,229.00,330.00,132.00,0.87,-1,-1,-1
482,3,612.00,234.00,194.00,103.00,0.84,-1,-1,-1
483,1,291.00,274.00,389.00,205.00,0.91,-1,-1,-1
483,2,401.00,229.00,330.00,132.00,0.87,-1,-1,-1
483,3,612.00,234.00,194.00,103.00,0.84,-1,-1,-1
483,18,611.00,206.00,261.00,99.00,0.36,-1,-1,-1
484,1,290.00,274.00,390.00,206.00,0.91,-1,-1,-1
484,2,401.00,229.00,330.00,132.00,0.87,-1,-1,-1
484,3,612.00,233.00,194.00,104.00,0.84,-1,-1,-1
484,18,610.00,205.00,261.00,100.00,0.38,-1,-1,-1
485,1,291.00,274.00,389.00,205.00,0.91,-1,-1,-1
485,2,401.00,229.00,330.00,132.00,0.87,-1,-1,-1
485,3,612.00,234.00,194.00,103.00,0.84,-1,-1,-1
485,18,620.00,206.00,259.00,99.00,0.37,-1,-1,-1
486,1,291.00,274.00,388.00,205.00,0.91,-1,-1,-1
486,2,402.00,229.00,329.00,132.00,0.87,-1,-1,-1
486,3,612.00,233.00,194.00,104.00,0.84,-1,-1,-1
486,18,600.00,199.00,281.00,107.00,0.17,-1,-1,-1
487,1,291.00,274.00,387.00,204.00,0.91,-1,-1,-1
487,2,402.00,229.00,329.00,132.00,0.87,-1,-1,-1
487,3,612.00,233.00,194.00,104.00,0.84,-1,-1,-1
487,18,606.00,203.00,268.00,102.00,0.33,-1,-1,-1
488,1,292.00,274.00,386.00,203.00,0.91,-1,-1,-1
488,2,401.00,229.00,330.00,132.00,0.86,-1,-1,-1
488,3,612.00,233.00,194.00,104.00,0.84,-1,-1,-1
488,18,609.00,205.00,262.00,100.00,0.37,-1,-1,-1
489,1,293.00,274.00,384.00,203.00,0.90,-1,-1,-1
489,2,401.00,229.00,330.00,132.00,0.87,-1,-1,-1
489,3,612.00,233.00,194.00,104.00,0.84,-1,-1,-1
489,18,610.00,205.00,261.00,100.00,0.38,-1,-1,-1
490,1,293.00,274.00,384.00,202.00,0.91,-1,-1,-1
490,2,401.00,229.00,330.00,132.00,0.87,-1,-1,-1
490,3,612.00,233.00,194.00,104.00,0.84,-1,-1,-1
490,18,611.00,206.00,261.00,99.00,0.37,-1,-1,-1
491,1,293.00,274.00,384.00,202.00,0.91,-1,-1,-1
491,2,401.00,229.00,330.00,132.00,0.88,-1,-1,-1
491,3,612.00,233.00,194.00,104.00,0.84,-1,-1,-1
491,18,612.00,206.00,260.00,99.00,0.38,-1,-1,-1
492,1,294.00,275.00,383.00,201.00,0.91,-1,-1,-1
492,2,401.00,229.00,330.00,132.00,0.88,-1,-1,-1
492,3,612.00,233.00,194.00,104.00,0.84,-1,-1,-1
492,18,611.00,206.00,261.00,99.00,0.38,-1,-1,-1
493,1,294.00,275.00,382.00,201.00,0.91,-1,-1,-1
493,2,401.00,229.00,330.00,132.00,0.87,-1,-1,-1
493,3,612.00,233.00,194.00,104.00,0.84,-1,-1,-1
493,18,611.00,206.00,261.00,99.00,0.38,-1,-1,-1
494,1,294.00,275.00,382.00,200.00,0.91,-1,-1,-1
494,2,401.00,229.00,330.00,132.00,0.88,-1,-1,-1
494,3,612.00,234.00,194.00,103.00,0.84,-1,-1,-1
494,18,610.00,206.00,262.00,99.00,0.36,-1,-1,-1
495,1,294.00,275.00,383.00,200.00,0.90,-1,-1,-1
495,2,401.00,228.00,330.00,133.00,0.87,-1,-1,-1
495,3,612.00,234.00,194.00,103.00,0.84,-1,-1,-1
495,18,610.00,206.00,262.00,99.00,0.36,-1,-1,-1
496,1,293.00,274.00,384.00,202.00,0.91,-1,-1,-1
496,2,401.00,228.00,330.00,133.00,0.87,-1,-1,-1
496,3,612.00,234.00,194.00,103.00,0.84,-1,-1,-1
496,18,610.00,206.00,262.00,99.00,0.36,-1,-1,-1
497,1,293.00,274.00,384.00,201.00,0.90,-1,-1,-1
497,2,401.00,228.00,330.00,133.00,0.87,-1,-1,-1
497,3,612.00,234.00,194.00,103.00,0.84,-1,-1,-1
497,18,610.00,206.00,262.00,99.00,0.35,-1,-1,-1
498,1,293.00,274.00,384.00,201.00,0.90,-1,-1,-1
498,2,402.00,229.00,329.00,132.00,0.87,-1,-1,-1
498,3,612.00,234.00,194.00,103.00,0.84,-1,-1,-1
498,18,609.00,205.00,263.00,100.00,0.37,-1,-1,-1
499,1,292.00,274.00,385.00,202.00,0.90,-1,-1,-1
499,2,402.00,229.00,329.00,133.00,0.87,-1,-1,-1
499,3,612.00,234.00,194.00,103.00,0.83,-1,-1,-1
499,18,609.00,205.00,263.00,100.00,0.36,-1,-1,-1
500,1,294.00,274.00,383.00,201.00,0.93,-1,-1,-1
500,2,402.00,229.00,329.00,133.00,0.87,-1,-1,-1
500,3,612.00,234.00,194.00,103.00,0.83,-1,-1,-1
500,18,608.00,205.00,264.00,100.00,0.35,-1,-1,-1
501,1,293.00,274.00,384.00,201.00,0.91,-1,-1,-1
501,2,403.00,229.00,327.00,133.00,0.87,-1,-1,-1
501,3,612.00,234.00,194.00,103.00,0.83,-1,-1,-1
501,18,608.00,205.00,264.00,100.00,0.37,-1,-1,-1
502,1,292.00,274.00,385.00,201.00,0.91,-1,-1,-1
502,2,403.00,229.00,327.00,133.00,0.87,-1,-1,-1
502,3,612.00,234.00,194.00,103.00,0.83,-1,-1,-1
502,18,607.00,205.00,265.00,100.00,0.42,-1,-1,-1
503,1,293.00,274.00,384.00,201.00,0.91,-1,-1,-1
503,2,403.00,230.00,327.00,132.00,0.86,-1,-1,-1
503,3,612.00,234.00,194.00,103.00,0.84,-1,-1,-1
503,18,608.00,206.00,264.00,99.00,0.36,-1,-1,-1
504,1,292.00,274.00,385.00,201.00,0.91,-1,-1,-1
504,2,402.00,229.00,328.00,133.00,0.86,-1,-1,-1
504,3,612.00,234.00,194.00,103.00,0.84,-1,-1,-1
504,18,608.00,206.00,264.00,99.00,0.34,-1,-1,-1
505,1,292.00,274.00,385.00,201.00,0.91,-1,-1,-1
505,2,402.00,230.00,328.00,132.00,0.86,-1,-1,-1
505,3,612.00,234.00,194.00,103.00,0.84,-1,-1,-1
505,18,607.00,206.00,265.00,99.00,0.36,-1,-1,-1
506,1,292.00,274.00,385.00,201.00,0.91,-1,-1,-1
506,2,402.00,229.00,329.00,133.00,0.87,-1,-1,-1
506,3,612.00,234.00,194.00,103.00,0.84,-1,-1,-1
506,18,608.00,206.00,264.00,99.00,0.37,-1,-1,-1
507,1,292.00,274.00,385.00,202.00,0.91,-1,-1,-1
507,2,402.00,229.00,329.00,133.00,0.87,-1,-1,-1
507,3,612.00,234.00,194.00,103.00,0.84,-1,-1,-1
507,18,609.00,206.00,264.00,99.00,0.35,-1,-1,-1
508,1,292.00,274.00,385.00,202.00,0.91,-1,-1,-1
508,2,401.00,229.00,330.00,133.00,0.87,-1,-1,-1
508,3,612.00,233.00,194.00,104.00,0.84,-1,-1,-1
508,18,608.00,206.00,265.00,99.00,0.36,-1,-1,-1
509,1,292.00,274.00,385.00,202.00,0.91,-1,-1,-1
509,2,401.00,229.00,330.00,133.00,0.87,-1,-1,-1
509,3,612.00,233.00,194.00,104.00,0.84,-1,-1,-1
509,18,608.00,206.00,265.00,99.00,0.38,-1,-1,-1
510,1,295.00,275.00,381.00,199.00,0.92,-1,-1,-1
510,2,401.00,228.00,330.00,134.00,0.87,-1,-1,-1
510,3,612.00,233.00,194.00,104.00,0.84,-1,-1,-1
510,18,609.00,206.00,264.00,99.00,0.36,-1,-1,-1
511,1,296.00,275.00,380.00,199.00,0.93,-1,-1,-1
511,2,401.00,228.00,330.00,134.00,0.87,-1,-1,-1
511,3,612.00,233.00,194.00,104.00,0.84,-1,-1,-1
511,18,610.00,206.00,263.00,99.00,0.36,-1,-1,-1
512,1,296.00,275.00,380.00,199.00,0.93,-1,-1,-1
512,2,402.00,230.00,327.00,132.00,0.86,-1,-1,-1
512,3,613.00,234.00,192.00,103.00,0.86,-1,-1,-1
513,1,297.00,275.00,378.00,197.00,0.92,-1,-1,-1
513,2,403.00,231.00,325.00,131.00,0.87,-1,-1,-1
513,3,613.00,234.00,192.00,103.00,0.86,-1,-1,-1
514,1,296.00,275.00,380.00,198.00,0.92,-1,-1,-1
514,2,403.00,231.00,326.00,131.00,0.86,-1,-1,-1
514,3,613.00,234.00,192.00,103.00,0.86,-1,-1,-1
515,1,291.00,274.00,390.00,204.00,0.90,-1,-1,-1
515,2,404.00,231.00,325.00,131.00,0.86,-1,-1,-1
515,3,613.00,234.00,192.00,102.00,0.86,-1,-1,-1
516,1,289.00,274.00,393.00,205.00,0.91,-1,-1,-1
516,2,403.00,231.00,326.00,131.00,0.86,-1,-1,-1
516,3,613.00,234.00,192.00,102.00,0.86,-1,-1,-1
517,1,289.00,273.00,393.00,207.00,0.90,-1,-1,-1
517,2,403.00,231.00,326.00,131.00,0.86,-1,-1,-1
517,3,613.00,234.00,192.00,102.00,0.85,-1,-1,-1
518,1,290.00,273.00,391.00,205.00,0.91,-1,-1,-1
518,2,403.00,231.00,326.00,131.00,0.86,-1,-1,-1
518,3,613.00,234.00,192.00,102.00,0.85,-1,-1,-1
519,1,291.00,273.00,389.00,204.00,0.91,-1,-1,-1
519,2,403.00,231.00,326.00,131.00,0.86,-1,-1,-1
519,3,613.00,234.00,192.00,103.00,0.85,-1,-1,-1
520,1,291.00,273.00,389.00,204.00,0.91,-1,-1,-1
520,2,403.00,232.00,326.00,130.00,0.86,-1,-1,-1
520,3,613.00,234.00,192.00,103.00,0.85,-1,-1,-1
521,1,290.00,273.00,390.00,205.00,0.90,-1,-1,-1
521,2,403.00,232.00,326.00,130.00,0.86,-1,-1,-1
521,3,613.00,234.00,192.00,103.00,0.86,-1,-1,-1
522,1,290.00,273.00,391.00,206.00,0.91,-1,-1,-1
522,2,403.00,232.00,326.00,130.00,0.86,-1,-1,-1
522,3,613.00,234.00,192.00,103.00,0.86,-1,-1,-1
523,1,290.00,273.00,391.00,206.00,0.90,-1,-1,-1
523,2,403.00,232.00,327.00,130.00,0.86,-1,-1,-1
523,3,613.00,234.00,192.00,103.00,0.85,-1,-1,-1
524,1,289.00,273.00,393.00,208.00,0.90,-1,-1,-1
524,2,403.00,232.00,327.00,130.00,0.86,-1,-1,-1
524,3,612.00,234.00,193.00,103.00,0.86,-1,-1,-1
525,1,289.00,273.00,393.00,209.00,0.90,-1,-1,-1
525,2,402.00,231.00,328.00,131.00,0.86,-1,-1,-1
525,3,613.00,234.00,193.00,103.00,0.86,-1,-1,-1
526,1,289.00,273.00,393.00,209.00,0.90,-1,-1,-1
526,2,402.00,231.00,329.00,131.00,0.86,-1,-1,-1
526,3,612.00,234.00,193.00,103.00,0.86,-1,-1,-1
527,1,290.00,273.00,391.00,208.00,0.90,-1,-1,-1
527,2,401.00,230.00,330.00,132.00,0.86,-1,-1,-1
527,3,612.00,234.00,194.00,103.00,0.86,-1,-1,-1
528,1,290.00,273.00,390.00,208.00,0.90,-1,-1,-1
528,2,401.00,230.00,331.00,132.00,0.86,-1,-1,-1
528,3,612.00,234.00,194.00,103.00,0.86,-1,-1,-1
529,1,291.00,273.00,388.00,207.00,0.90,-1,-1,-1
529,2,401.00,229.00,331.00,133.00,0.86,-1,-1,-1
529,3,612.00,234.00,194.00,103.00,0.86,-1,-1,-1
530,1,293.00,273.00,384.00,204.00,0.90,-1,-1,-1
530,2,401.00,229.00,331.00,133.00,0.86,-1,-1,-1
530,3,612.00,234.00,194.00,103.00,0.86,-1,-1,-1
531,1,294.00,273.00,382.00,202.00,0.90,-1,-1,-1
531,2,401.00,229.00,331.00,133.00,0.86,-1,-1,-1
531,3,613.00,234.00,193.00,103.00,0.86,-1,-1,-1
532,1,295.00,273.00,380.00,202.00,0.90,-1,-1,-1
532,2,401.00,229.00,331.00,133.00,0.86,-1,-1,-1
532,3,613.00,234.00,193.00,103.00,0.86,-1,-1,-1
533,1,295.00,273.00,381.00,202.00,0.90,-1,-1,-1
533,2,401.00,229.00,330.00,133.00,0.86,-1,-1,-1
533,3,613.00,234.00,193.00,103.00,0.86,-1,-1,-1
534,1,295.00,273.00,380.00,201.00,0.90,-1,-1,-1
534,2,401.00,229.00,330.00,133.00,0.86,-1,-1,-1
534,3,613.00,234.00,193.00,103.00,0.86,-1,-1,-1
535,1,295.00,273.00,380.00,201.00,0.91,-1,-1,-1
535,2,401.00,230.00,330.00,132.00,0.85,-1,-1,-1
535,3,613.00,234.00,193.00,103.00,0.86,-1,-1,-1
536,1,295.00,273.00,380.00,200.00,0.91,-1,-1,-1
536,2,401.00,230.00,330.00,132.00,0.86,-1,-1,-1
536,3,612.00,234.00,194.00,103.00,0.86,-1,-1,-1
537,1,295.00,273.00,380.00,200.00,0.91,-1,-1,-1
537,2,401.00,230.00,330.00,132.00,0.85,-1,-1,-1
537,3,612.00,234.00,194.00,103.00,0.86,-1,-1,-1
538,1,295.00,273.00,380.00,200.00,0.91,-1,-1,-1
538,2,402.00,230.00,329.00,132.00,0.86,-1,-1,-1
538,3,612.00,234.00,194.00,103.00,0.86,-1,-1,-1
539,1,295.00,273.00,380.00,200.00,0.91,-1,-1,-1
539,2,402.00,230.00,328.00,132.00,0.86,-1,-1,-1
539,3,612.00,234.00,194.00,103.00,0.86,-1,-1,-1
540,1,295.00,274.00,381.00,199.00,0.91,-1,-1,-1
540,2,402.00,230.00,328.00,132.00,0.86,-1,-1,-1
540,3,612.00,234.00,194.00,103.00,0.86,-1,-1,-1
541,1,294.00,274.00,383.00,200.00,0.91,-1,-1,-1
541,2,402.00,230.00,328.00,132.00,0.86,-1,-1,-1
541,3,612.00,234.00,194.00,103.00,0.86,-1,-1,-1
542,1,295.00,275.00,381.00,198.00,0.92,-1,-1,-1
542,2,401.00,229.00,330.00,133.00,0.87,-1,-1,-1
542,3,611.00,234.00,195.00,103.00,0.85,-1,-1,-1
542,18,608.00,206.00,264.00,98.00,0.38,-1,-1,-1
543,1,294.00,275.00,382.00,199.00,0.91,-1,-1,-1
543,2,400.00,229.00,331.00,133.00,0.87,-1,-1,-1
543,3,611.00,234.00,195.00,103.00,0.85,-1,-1,-1
543,18,609.00,206.00,263.00,98.00,0.37,-1,-1,-1
544,1,293.00,275.00,384.00,200.00,0.91,-1,-1,-1
544,2,401.00,229.00,330.00,133.00,0.87,-1,-1,-1
544,3,611.00,234.00,195.00,103.00,0.85,-1,-1,-1
544,18,609.00,206.00,264.00,98.00,0.38,-1,-1,-1
545,1,293.00,275.00,385.00,200.00,0.92,-1,-1,-1
545,2,401.00,229.00,330.00,133.00,0.87,-1,-1,-1
545,3,611.00,234.00,194.00,103.00,0.85,-1,-1,-1
545,18,610.00,206.00,263.00,98.00,0.39,-1,-1,-1
546,1,292.00,275.00,387.00,201.00,0.92,-1,-1,-1
546,2,400.00,229.00,331.00,133.00,0.87,-1,-1,-1
546,3,611.00,234.00,194.00,103.00,0.85,-1,-1,-1
546,18,610.00,206.00,263.00,98.00,0.39,-1,-1,-1
547,1,291.00,275.00,389.00,202.00,0.91,-1,-1,-1
547,2,400.00,229.00,331.00,133.00,0.87,-1,-1,-1
547,3,611.00,234.00,194.00,103.00,0.85,-1,-1,-1
547,18,610.00,206.00,263.00,98.00,0.39,-1,-1,-1
548,1,290.00,275.00,391.00,203.00,0.92,-1,-1,-1
548,2,401.00,229.00,330.00,133.00,0.87,-1,-1,-1
548,3,611.00,233.00,194.00,104.00,0.85,-1,-1,-1
548,18,610.00,206.00,263.00,98.00,0.39,-1,-1,-1
549,1,290.00,275.00,392.00,204.00,0.92,-1,-1,-1
549,2,400.00,229.00,331.00,133.00,0.87,-1,-1,-1
549,3,611.00,233.00,194.00,104.00,0.85,-1,-1,-1
549,18,609.00,206.00,264.00,98.00,0.39,-1,-1,-1
550,1,289.00,275.00,393.00,204.00,0.92,-1,-1,-1
550,2,401.00,229.00,330.00,133.00,0.86,-1,-1,-1
550,3,611.00,233.00,194.00,104.00,0.85,-1,-1,-1
550,18,609.00,206.00,264.00,98.00,0.38,-1,-1,-1
551,1,289.00,275.00,393.00,205.00,0.92,-1,-1,-1
551,2,401.00,229.00,330.00,133.00,0.86,-1,-1,-1
551,3,611.00,233.00,194.00,104.00,0.85,-1,-1,-1
551,18,609.00,206.00,264.00,98.00,0.39,-1,-1,-1
552,1,290.00,275.00,392.00,205.00,0.92,-1,-1,-1
552,2,401.00,229.00,330.00,133.00,0.86,-1,-1,-1
552,3,611.00,233.00,194.00,104.00,0.85,-1,-1,-1
552,18,609.00,206.00,264.00,98.00,0.40,-1,-1,-1
553,1,290.00,275.00,392.00,205.00,0.92,-1,-1,-1
553,2,401.00,229.00,330.00,133.00,0.86,-1,-1,-1
553,3,611.00,233.00,194.00,104.00,0.85,-1,-1,-1
553,18,609.00,206.00,264.00,98.00,0.39,-1,-1,-1
554,1,290.00,275.00,392.00,205.00,0.92,-1,-1,-1
554,2,401.00,229.00,330.00,133.00,0.86,-1,-1,-1
554,3,611.00,233.00,194.00,104.00,0.85,-1,-1,-1
554,18,609.00,206.00,264.00,98.00,0.40,-1,-1,-1
555,1,290.00,275.00,392.00,204.00,0.92,-1,-1,-1
555,2,402.00,229.00,328.00,133.00,0.86,-1,-1,-1
555,3,612.00,233.00,193.00,104.00,0.85,-1,-1,-1
555,18,610.00,206.00,264.00,98.00,0.37,-1,-1,-1
556,1,290.00,275.00,391.00,204.00,0.92,-1,-1,-1
556,2,402.00,229.00,328.00,133.00,0.86,-1,-1,-1
556,3,612.00,234.00,193.00,103.00,0.85,-1,-1,-1
556,18,615.00,206.00,262.00,98.00,0.36,-1,-1,-1
557,1,290.00,275.00,391.00,204.00,0.92,-1,-1,-1
557,2,402.00,229.00,328.00,133.00,0.86,-1,-1,-1
557,3,612.00,234.00,193.00,103.00,0.85,-1,-1,-1
557,18,618.00,206.00,259.00,98.00,0.38,-1,-1,-1
558,1,290.00,275.00,391.00,204.00,0.92,-1,-1,-1
558,2,401.00,229.00,330.00,133.00,0.86,-1,-1,-1
558,3,612.00,234.00,193.00,103.00,0.85,-1,-1,-1
558,18,623.00,207.00,257.00,97.00,0.38,-1,-1,-1
559,1,291.00,275.00,390.00,204.00,0.92,-1,-1,-1
559,2,401.00,229.00,330.00,133.00,0.86,-1,-1,-1
559,3,612.00,234.00,193.00,103.00,0.85,-1,-1,-1
559,18,615.00,207.00,256.00,95.00,0.23,-1,-1,-1
560,1,291.00,275.00,390.00,204.00,0.92,-1,-1,-1
560,2,401.00,229.00,330.00,133.00,0.86,-1,-1,-1
560,3,612.00,234.00,193.00,103.00,0.85,-1,-1,-1
560,18,612.00,207.00,255.00,95.00,0.24,-1,-1,-1
561,1,291.00,275.00,390.00,204.00,0.92,-1,-1,-1
561,2,401.00,229.00,329.00,133.00,0.86,-1,-1,-1
561,3,612.00,234.00,193.00,103.00,0.85,-1,-1,-1
561,18,611.00,207.00,255.00,94.00,0.22,-1,-1,-1
562,1,291.00,275.00,390.00,204.00,0.92,-1,-1,-1
562,2,401.00,229.00,329.00,133.00,0.86,-1,-1,-1
562,3,612.00,234.00,193.00,103.00,0.85,-1,-1,-1
562,18,610.00,207.00,257.00,94.00,0.26,-1,-1,-1
563,1,291.00,275.00,390.00,204.00,0.92,-1,-1,-1
563,2,401.00,229.00,329.00,133.00,0.86,-1,-1,-1
563,3,612.00,234.00,193.00,103.00,0.85,-1,-1,-1
563,18,608.00,207.00,260.00,94.00,0.25,-1,-1,-1
564,1,291.00,275.00,390.00,204.00,0.92,-1,-1,-1
564,2,402.00,229.00,328.00,133.00,0.86,-1,-1,-1
564,3,612.00,234.00,193.00,103.00,0.85,-1,-1,-1
564,18,607.00,207.00,261.00,94.00,0.24,-1,-1,-1
565,1,291.00,275.00,390.00,204.00,0.92,-1,-1,-1
565,2,402.00,229.00,328.00,133.00,0.86,-1,-1,-1
565,3,612.00,234.00,193.00,103.00,0.85,-1,-1,-1
565,18,607.00,207.00,261.00,94.00,0.23,-1,-1,-1
566,1,291.00,275.00,390.00,204.00,0.92,-1,-1,-1
566,2,402.00,229.00,328.00,133.00,0.86,-1,-1,-1
566,3,612.00,234.00,193.00,103.00,0.85,-1,-1,-1
566,18,607.00,207.00,262.00,94.00,0.26,-1,-1,-1
567,1,291.00,275.00,390.00,204.00,0.92,-1,-1,-1
567,2,401.00,229.00,329.00,133.00,0.86,-1,-1,-1
567,3,612.00,234.00,193.00,103.00,0.85,-1,-1,-1
567,18,606.00,207.00,263.00,94.00,0.23,-1,-1,-1
568,1,291.00,275.00,390.00,204.00,0.92,-1,-1,-1
568,2,401.00,229.00,329.00,133.00,0.86,-1,-1,-1
568,3,612.00,234.00,193.00,103.00,0.85,-1,-1,-1
568,18,606.00,207.00,263.00,94.00,0.24,-1,-1,-1
569,1,290.00,275.00,391.00,205.00,0.92,-1,-1,-1
569,2,401.00,229.00,329.00,133.00,0.86,-1,-1,-1
569,3,612.00,234.00,193.00,103.00,0.85,-1,-1,-1
569,18,606.00,207.00,264.00,94.00,0.24,-1,-1,-1
570,1,290.00,275.00,391.00,205.00,0.92,-1,-1,-1
570,2,401.00,229.00,329.00,133.00,0.86,-1,-1,-1
570,3,612.00,234.00,193.00,103.00,0.86,-1,-1,-1
570,18,605.00,207.00,265.00,94.00,0.23,-1,-1,-1
571,1,290.00,275.00,391.00,205.00,0.92,-1,-1,-1
571,2,402.00,229.00,328.00,133.00,0.86,-1,-1,-1
571,3,612.00,234.00,193.00,103.00,0.86,-1,-1,-1
571,18,605.00,207.00,265.00,94.00,0.24,-1,-1,-1
572,1,289.00,275.00,393.00,206.00,0.92,-1,-1,-1
572,2,402.00,229.00,328.00,133.00,0.88,-1,-1,-1
572,3,613.00,234.00,192.00,103.00,0.85,-1,-1,-1
572,18,593.00,198.00,287.00,102.00,0.12,-1,-1,-1
