2,1,762.00,321.00,449.00,395.00,0.90,-1,-1,-1
2,2,245.00,140.00,327.00,158.00,0.90,-1,-1,-1
2,6,370.00,149.00,548.00,342.00,0.63,-1,-1,-1
3,1,762.00,321.00,449.00,395.00,0.90,-1,-1,-1
3,2,245.00,140.00,327.00,158.00,0.90,-1,-1,-1
3,6,370.00,149.00,549.00,342.00,0.60,-1,-1,-1
4,1,762.00,321.00,449.00,395.00,0.90,-1,-1,-1
4,2,245.00,140.00,327.00,158.00,0.90,-1,-1,-1
4,6,369.00,148.00,551.00,343.00,0.63,-1,-1,-1
5,1,762.00,321.00,449.00,395.00,0.90,-1,-1,-1
5,2,245.00,140.00,327.00,158.00,0.90,-1,-1,-1
5,6,369.00,148.00,550.00,343.00,0.62,-1,-1,-1
6,1,762.00,321.00,449.00,395.00,0.90,-1,-1,-1
6,2,245.00,140.00,327.00,158.00,0.90,-1,-1,-1
6,6,369.00,148.00,550.00,343.00,0.60,-1,-1,-1
7,1,763.00,321.00,448.00,395.00,0.90,-1,-1,-1
7,2,245.00,140.00,328.00,159.00,0.90,-1,-1,-1
7,6,370.00,149.00,548.00,342.00,0.64,-1,-1,-1
8,1,763.00,321.00,448.00,395.00,0.90,-1,-1,-1
8,2,246.00,140.00,327.00,158.00,0.90,-1,-1,-1
8,6,370.00,150.00,548.00,341.00,0.67,-1,-1,-1
9,1,763.00,321.00,449.00,395.00,0.90,-1,-1,-1
9,2,246.00,140.00,327.00,158.00,0.90,-1,-1,-1
9,6,370.00,150.00,548.00,341.00,0.66,-1,-1,-1
10,1,763.00,321.00,449.00,395.00,0.90,-1,-1,-1
10,2,245.00,140.00,328.00,158.00,0.90,-1,-1,-1
10,6,370.00,150.00,548.00,341.00,0.65,-1,-1,-1
11,1,762.00,321.00,449.00,395.00,0.90,-1,-1,-1
11,2,246.00,140.00,327.00,158.00,0.90,-1,-1,-1
11,6,370.00,150.00,548.00,341.00,0.65,-1,-1,-1
12,1,762.00,321.00,450.00,395.00,0.90,-1,-1,-1
12,2,246.00,140.00,327.00,158.00,0.90,-1,-1,-1
12,6,370.00,150.00,548.00,341.00,0.64,-1,-1,-1
13,1,762.00,321.00,450.00,395.00,0.90,-1,-1,-1
13,2,246.00,140.00,327.00,158.00,0.90,-1,-1,-1
13,6,370.00,150.00,548.00,341.00,0.64,-1,-1,-1
14,1,762.00,321.00,450.00,395.00,0.91,-1,-1,-1
14,2,246.00,140.00,327.00,158.00,0.90,-1,-1,-1
14,6,370.00,149.00,548.00,342.00,0.64,-1,-1,-1
15,1,762.00,321.00,450.00,395.00,0.91,-1,-1,-1
15,2,246.00,140.00,327.00,158.00,0.90,-1,-1,-1
15,6,370.00,149.00,548.00,342.00,0.64,-1,-1,-1
16,1,762.00,321.00,450.00,395.00,0.91,-1,-1,-1
16,2,246.00,140.00,326.00,158.00,0.90,-1,-1,-1
16,6,370.00,149.00,549.00,342.00,0.66,-1,-1,-1
17,1,762.00,321.00,450.00,395.00,0.91,-1,-1,-1
17,2,246.00,140.00,326.00,158.00,0.90,-1,-1,-1
17,6,370.00,149.00,549.00,342.00,0.66,-1,-1,-1
18,1,762.00,321.00,450.00,395.00,0.91,-1,-1,-1
18,2,245.00,140.00,327.00,158.00,0.90,-1,-1,-1
18,6,369.00,149.00,550.00,342.00,0.67,-1,-1,-1
19,1,762.00,321.00,450.00,395.00,0.91,-1,-1,-1
19,2,245.00,140.00,327.00,158.00,0.90,-1,-1,-1
19,6,369.00,148.00,550.00,343.00,0.67,-1,-1,-1
20,1,762.00,321.00,450.00,395.00,0.90,-1,-1,-1
20,2,245.00,140.00,328.00,159.00,0.90,-1,-1,-1
20,6,370.00,149.00,549.00,342.00,0.66,-1,-1,-1
21,1,762.00,321.00,450.00,395.00,0.90,-1,-1,-1
21,2,244.00,140.00,329.00,159.00,0.90,-1,-1,-1
21,6,369.00,149.00,550.00,342.00,0.67,-1,-1,-1
22,1,762.00,321.00,450.00,395.00,0.91,-1,-1,-1
22,2,245.00,140.00,328.00,159.00,0.90,-1,-1,-1
22,6,370.00,149.00,548.00,342.00,0.69,-1,-1,-1
23,1,762.00,321.00,450.00,395.00,0.91,-1,-1,-1
23,2,245.00,140.00,328.00,159.00,0.90,-1,-1,-1
23,6,370.00,150.00,548.00,341.00,0.70,-1,-1,-1
24,1,762.00,321.00,450.00,395.00,0.91,-1,-1,-1
24,2,245.00,140.00,328.00,159.00,0.90,-1,-1,-1
24,6,370.00,150.00,548.00,341.00,0.72,-1,-1,-1
25,1,762.00,321.00,450.00,395.00,0.91,-1,-1,-1
25,2,245.00,140.00,328.00,159.00,0.90,-1,-1,-1
25,6,369.00,149.00,550.00,342.00,0.73,-1,-1,-1
26,1,762.00,321.00,450.00,395.00,0.91,-1,-1,-1
26,2,245.00,140.00,328.00,159.00,0.90,-1,-1,-1
26,6,369.00,148.00,550.00,344.00,0.73,-1,-1,-1
27,1,762.00,321.00,450.00,395.00,0.91,-1,-1,-1
27,2,245.00,140.00,328.00,159.00,0.90,-1,-1,-1
27,6,368.00,147.00,552.00,345.00,0.72,-1,-1,-1
28,1,762.00,321.00,450.00,395.00,0.91,-1,-1,-1
28,2,245.00,140.00,327.00,158.00,0.90,-1,-1,-1
28,6,369.00,147.00,551.00,345.00,0.72,-1,-1,-1
29,1,762.00,321.00,450.00,395.00,0.91,-1,-1,-1
29,2,246.00,140.00,326.00,158.00,0.90,-1,-1,-1
29,6,368.00,147.00,552.00,345.00,0.72,-1,-1,-1
30,1,762.00,321.00,450.00,395.00,0.91,-1,-1,-1
30,2,246.00,140.00,326.00,158.00,0.90,-1,-1,-1
30,6,369.00,147.00,551.00,345.00,0.72,-1,-1,-1
31,1,762.00,321.00,450.00,395.00,0.91,-1,-1,-1
31,2,246.00,140.00,326.00,158.00,0.90,-1,-1,-1
31,6,369.00,148.00,550.00,344.00,0.72,-1,-1,-1
32,1,763.00,321.00,449.00,395.00,0.92,-1,-1,-1
32,2,245.00,140.00,328.00,159.00,0.90,-1,-1,-1
32,6,370.00,150.00,547.00,341.00,0.49,-1,-1,-1
33,1,763.00,321.00,450.00,395.00,0.92,-1,-1,-1
33,2,245.00,140.00,328.00,159.00,0.90,-1,-1,-1
33,6,371.00,151.00,545.00,340.00,0.50,-1,-1,-1
33,21,370.00,150.00,549.00,341.00,0.45,-1,-1,-1
34,1,763.00,321.00,450.00,395.00,0.92,-1,-1,-1
34,2,245.00,140.00,328.00,159.00,0.90,-1,-1,-1
34,6,371.00,151.00,545.00,340.00,0.50,-1,-1,-1
34,21,369.00,150.00,550.00,341.00,0.46,-1,-1,-1
35,1,763.00,321.00,450.00,395.00,0.92,-1,-1,-1
35,2,245.00,140.00,328.00,159.00,0.90,-1,-1,-1
35,6,371.00,151.00,546.00,340.00,0.49,-1,-1,-1
35,21,369.00,150.00,550.00,341.00,0.47,-1,-1,-1
36,1,763.00,321.00,450.00,395.00,0.92,-1,-1,-1
36,2,245.00,140.00,328.00,159.00,0.90,-1,-1,-1
36,6,370.00,151.00,547.00,340.00,0.50,-1,-1,-1
36,21,369.00,150.00,551.00,341.00,0.47,-1,-1,-1
37,1,763.00,321.00,450.00,395.00,0.92,-1,-1,-1
37,2,244.00,140.00,329.00,159.00,0.90,-1,-1,-1
37,6,370.00,151.00,547.00,340.00,0.51,-1,-1,-1
37,21,369.00,150.00,551.00,341.00,0.47,-1,-1,-1
38,1,763.00,321.00,450.00,395.00,0.92,-1,-1,-1
38,2,244.00,140.00,329.00,159.00,0.90,-1,-1,-1
38,6,370.00,151.00,547.00,340.00,0.51,-1,-1,-1
38,21,369.00,150.00,551.00,341.00,0.46,-1,-1,-1
39,1,763.00,321.00,450.00,395.00,0.92,-1,-1,-1
39,2,244.00,140.00,329.00,159.00,0.90,-1,-1,-1
39,6,370.00,151.00,547.00,340.00,0.51,-1,-1,-1
39,21,369.00,150.00,550.00,341.00,0.46,-1,-1,-1
40,1,763.00,321.00,450.00,395.00,0.92,-1,-1,-1
40,2,244.00,140.00,329.00,159.00,0.90,-1,-1,-1
40,6,370.00,151.00,547.00,340.00,0.51,-1,-1,-1
40,21,370.00,150.00,549.00,341.00,0.47,-1,-1,-1
41,1,763.00,321.00,450.00,395.00,0.92,-1,-1,-1
41,2,245.00,140.00,328.00,159.00,0.90,-1,-1,-1
41,6,370.00,151.00,548.00,340.00,0.51,-1,-1,-1
41,21,370.00,150.00,549.00,341.00,0.48,-1,-1,-1
42,1,763.00,321.00,450.00,395.00,0.92,-1,-1,-1
42,2,245.00,140.00,328.00,159.00,0.90,-1,-1,-1
42,6,370.00,151.00,548.00,340.00,0.51,-1,-1,-1
42,21,370.00,150.00,549.00,341.00,0.47,-1,-1,-1
43,1,763.00,321.00,450.00,395.00,0.92,-1,-1,-1
43,2,245.00,140.00,328.00,159.00,0.90,-1,-1,-1
43,6,370.00,151.00,548.00,340.00,0.52,-1,-1,-1
43,21,370.00,150.00,549.00,341.00,0.46,-1,-1,-1
44,1,763.00,321.00,450.00,395.00,0.91,-1,-1,-1
44,2,245.00,140.00,328.00,159.00,0.90,-1,-1,-1
44,6,370.00,151.00,548.00,340.00,0.50,-1,-1,-1
44,21,369.00,150.00,550.00,341.00,0.48,-1,-1,-1
45,1,763.00,321.00,450.00,395.00,0.91,-1,-1,-1
45,2,245.00,140.00,327.00,159.00,0.90,-1,-1,-1
45,6,370.00,151.00,548.00,340.00,0.50,-1,-1,-1
45,21,369.00,150.00,550.00,341.00,0.47,-1,-1,-1
46,1,763.00,321.00,450.00,395.00,0.91,-1,-1,-1
46,2,245.00,140.00,326.00,158.00,0.90,-1,-1,-1
46,6,370.00,151.00,548.00,340.00,0.52,-1,-1,-1
46,21,370.00,150.00,549.00,341.00,0.45,-1,-1,-1
47,1,763.00,321.00,450.00,395.00,0.91,-1,-1,-1
47,2,244.00,140.00,328.00,159.00,0.90,-1,-1,-1
47,6,370.00,151.00,548.00,340.00,0.48,-1,-1,-1
47,21,370.00,150.00,549.00,341.00,0.48,-1,-1,-1
48,1,763.00,321.00,450.00,395.00,0.91,-1,-1,-1
48,2,244.00,140.00,327.00,159.00,0.90,-1,-1,-1
48,6,370.00,151.00,548.00,340.00,0.52,-1,-1,-1
48,21,370.00,150.00,549.00,341.00,0.45,-1,-1,-1
49,1,763.00,321.00,450.00,395.00,0.91,-1,-1,-1
49,2,243.00,140.00,328.00,159.00,0.89,-1,-1,-1
49,6,370.00,151.00,548.00,340.00,0.51,-1,-1,-1
49,21,370.00,150.00,549.00,341.00,0.45,-1,-1,-1
50,1,763.00,321.00,450.00,395.00,0.91,-1,-1,-1
50,2,244.00,140.00,328.00,159.00,0.89,-1,-1,-1
50,6,370.00,151.00,548.00,340.00,0.48,-1,-1,-1
50,21,370.00,150.00,549.00,341.00,0.48,-1,-1,-1
51,1,763.00,321.00,450.00,395.00,0.91,-1,-1,-1
51,2,244.00,140.00,328.00,159.00,0.89,-1,-1,-1
51,6,370.00,151.00,548.00,340.00,0.45,-1,-1,-1
51,21,370.00,151.00,549.00,340.00,0.51,-1,-1,-1
52,1,763.00,321.00,450.00,395.00,0.91,-1,-1,-1
52,2,246.00,140.00,326.00,158.00,0.89,-1,-1,-1
52,6,370.00,151.00,548.00,340.00,0.48,-1,-1,-1
52,21,370.00,151.00,549.00,340.00,0.48,-1,-1,-1
53,1,763.00,321.00,450.00,395.00,0.91,-1,-1,-1
53,2,246.00,140.00,325.00,157.00,0.89,-1,-1,-1
53,6,370.00,151.00,548.00,340.00,0.48,-1,-1,-1
53,21,370.00,151.00,549.00,340.00,0.47,-1,-1,-1
54,1,763.00,321.00,450.00,395.00,0.91,-1,-1,-1
54,2,245.00,141.00,325.00,157.00,0.89,-1,-1,-1
54,6,370.00,151.00,548.00,340.00,0.46,-1,-1,-1
54,21,370.00,151.00,549.00,340.00,0.49,-1,-1,-1
55,1,763.00,321.00,450.00,395.00,0.91,-1,-1,-1
55,2,243.00,140.00,327.00,158.00,0.89,-1,-1,-1
55,6,370.00,151.00,548.00,340.00,0.46,-1,-1,-1
55,21,370.00,151.00,549.00,340.00,0.50,-1,-1,-1
56,1,763.00,321.00,450.00,395.00,0.91,-1,-1,-1
56,2,243.00,140.00,328.00,158.00,0.89,-1,-1,-1
56,6,370.00,151.00,548.00,340.00,0.48,-1,-1,-1
56,21,370.00,151.00,549.00,340.00,0.48,-1,-1,-1
57,1,763.00,321.00,450.00,395.00,0.91,-1,-1,-1
57,2,244.00,140.00,328.00,158.00,0.89,-1,-1,-1
57,6,370.00,151.00,548.00,340.00,0.46,-1,-1,-1
57,21,370.00,151.00,549.00,340.00,0.50,-1,-1,-1
58,1,763.00,321.00,450.00,395.00,0.91,-1,-1,-1
58,2,244.00,140.00,328.00,158.00,0.89,-1,-1,-1
58,6,370.00,151.00,548.00,340.00,0.42,-1,-1,-1
58,21,370.00,151.00,549.00,340.00,0.55,-1,-1,-1
59,1,763.00,321.00,450.00,395.00,0.91,-1,-1,-1
59,2,245.00,140.00,328.00,159.00,0.89,-1,-1,-1
59,6,370.00,151.00,548.00,340.00,0.43,-1,-1,-1
59,21,370.00,151.00,549.00,340.00,0.53,-1,-1,-1
60,1,763.00,321.00,450.00,395.00,0.91,-1,-1,-1
60,2,245.00,140.00,328.00,159.00,0.89,-1,-1,-1
60,6,370.00,151.00,548.00,340.00,0.42,-1,-1,-1
60,21,370.00,151.00,549.00,340.00,0.54,-1,-1,-1
61,1,763.00,321.00,450.00,395.00,0.91,-1,-1,-1
61,2,245.00,140.00,328.00,159.00,0.89,-1,-1,-1
61,6,370.00,151.00,548.00,340.00,0.43,-1,-1,-1
61,21,370.00,151.00,549.00,340.00,0.52,-1,-1,-1
62,1,762.00,321.00,451.00,395.00,0.90,-1,-1,-1
62,2,245.00,140.00,327.00,158.00,0.89,-1,-1,-1
62,6,370.00,151.00,548.00,340.00,0.65,-1,-1,-1
63,1,762.00,321.00,451.00,395.00,0.91,-1,-1,-1
63,2,246.00,141.00,325.00,157.00,0.89,-1,-1,-1
63,6,370.00,151.00,548.00,340.00,0.63,-1,-1,-1
64,1,762.00,321.00,451.00,395.00,0.91,-1,-1,-1
64,2,246.00,141.00,325.00,156.00,0.89,-1,-1,-1
64,6,370.00,151.00,548.00,340.00,0.64,-1,-1,-1
65,1,762.00,321.00,451.00,395.00,0.90,-1,-1,-1
65,2,246.00,141.00,325.00,156.00,0.89,-1,-1,-1
65,6,370.00,151.00,548.00,340.00,0.65,-1,-1,-1
66,1,762.00,321.00,451.00,395.00,0.91,-1,-1,-1
66,2,246.00,140.00,325.00,157.00,0.89,-1,-1,-1
66,6,370.00,151.00,548.00,340.00,0.65,-1,-1,-1
67,1,762.00,321.00,451.00,395.00,0.91,-1,-1,-1
67,2,245.00,140.00,326.00,158.00,0.89,-1,-1,-1
67,6,370.00,151.00,548.00,340.00,0.65,-1,-1,-1
68,1,762.00,321.00,451.00,395.00,0.90,-1,-1,-1
68,2,244.00,140.00,328.00,158.00,0.90,-1,-1,-1
68,6,370.00,151.00,548.00,340.00,0.67,-1,-1,-1
69,1,762.00,321.00,451.00,395.00,0.90,-1,-1,-1
69,2,244.00,140.00,328.00,158.00,0.90,-1,-1,-1
69,6,370.00,151.00,548.00,340.00,0.66,-1,-1,-1
70,1,762.00,321.00,451.00,395.00,0.90,-1,-1,-1
70,2,244.00,140.00,328.00,159.00,0.90,-1,-1,-1
70,6,370.00,151.00,548.00,340.00,0.64,-1,-1,-1
71,1,762.00,321.00,451.00,395.00,0.90,-1,-1,-1
71,2,243.00,140.00,329.00,159.00,0.90,-1,-1,-1
71,6,370.00,151.00,548.00,340.00,0.67,-1,-1,-1
72,1,762.00,321.00,451.00,395.00,0.90,-1,-1,-1
72,2,243.00,140.00,329.00,159.00,0.90,-1,-1,-1
72,6,369.00,151.00,549.00,340.00,0.66,-1,-1,-1
73,1,762.00,321.00,451.00,395.00,0.90,-1,-1,-1
73,2,243.00,140.00,329.00,159.00,0.90,-1,-1,-1
73,6,369.00,151.00,549.00,340.00,0.65,-1,-1,-1
74,1,762.00,321.00,451.00,395.00,0.91,-1,-1,-1
74,2,242.00,140.00,330.00,159.00,0.90,-1,-1,-1
74,6,369.00,151.00,549.00,340.00,0.65,-1,-1,-1
75,1,762.00,321.00,451.00,395.00,0.91,-1,-1,-1
75,2,243.00,140.00,329.00,159.00,0.90,-1,-1,-1
75,6,369.00,151.00,549.00,340.00,0.66,-1,-1,-1
76,1,762.00,321.00,451.00,395.00,0.91,-1,-1,-1
76,2,243.00,140.00,329.00,159.00,0.90,-1,-1,-1
76,6,369.00,151.00,549.00,340.00,0.68,-1,-1,-1
77,1,762.00,321.00,451.00,395.00,0.91,-1,-1,-1
77,2,244.00,140.00,328.00,159.00,0.90,-1,-1,-1
77,6,369.00,151.00,549.00,340.00,0.68,-1,-1,-1
78,1,762.00,321.00,451.00,395.00,0.91,-1,-1,-1
78,2,244.00,140.00,328.00,159.00,0.90,-1,-1,-1
78,6,369.00,151.00,549.00,340.00,0.68,-1,-1,-1
79,1,762.00,321.00,450.00,395.00,0.91,-1,-1,-1
79,2,244.00,140.00,328.00,159.00,0.90,-1,-1,-1
79,6,369.00,151.00,549.00,340.00,0.66,-1,-1,-1
80,1,762.00,321.00,450.00,395.00,0.91,-1,-1,-1
80,2,245.00,140.00,327.00,159.00,0.90,-1,-1,-1
80,6,369.00,151.00,549.00,340.00,0.65,-1,-1,-1
81,1,762.00,321.00,450.00,395.00,0.91,-1,-1,-1
81,2,245.00,140.00,327.00,159.00,0.90,-1,-1,-1
81,6,369.00,151.00,549.00,340.00,0.66,-1,-1,-1
82,1,762.00,321.00,451.00,395.00,0.91,-1,-1,-1
82,2,245.00,140.00,327.00,159.00,0.90,-1,-1,-1
82,6,369.00,151.00,549.00,340.00,0.66,-1,-1,-1
83,1,762.00,321.00,451.00,395.00,0.91,-1,-1,-1
83,2,245.00,140.00,327.00,159.00,0.90,-1,-1,-1
83,6,369.00,151.00,549.00,340.00,0.66,-1,-1,-1
84,1,762.00,321.00,451.00,395.00,0.91,-1,-1,-1
84,2,245.00,140.00,327.00,159.00,0.90,-1,-1,-1
84,6,369.00,151.00,549.00,340.00,0.65,-1,-1,-1
85,1,762.00,321.00,451.00,395.00,0.91,-1,-1,-1
85,2,245.00,140.00,327.00,159.00,0.90,-1,-1,-1
85,6,369.00,151.00,549.00,340.00,0.66,-1,-1,-1
86,1,762.00,321.00,451.00,395.00,0.91,-1,-1,-1
86,2,245.00,140.00,327.00,159.00,0.90,-1,-1,-1
86,6,369.00,151.00,549.00,340.00,0.68,-1,-1,-1
87,1,762.00,321.00,451.00,395.00,0.91,-1,-1,-1
87,2,245.00,140.00,327.00,159.00,0.90,-1,-1,-1
87,6,369.00,151.00,549.00,340.00,0.69,-1,-1,-1
88,1,762.00,321.00,451.00,395.00,0.91,-1,-1,-1
88,2,246.00,141.00,325.00,157.00,0.90,-1,-1,-1
88,6,369.00,151.00,549.00,340.00,0.70,-1,-1,-1
89,1,762.00,321.00,451.00,395.00,0.91,-1,-1,-1
89,2,246.00,141.00,325.00,157.00,0.90,-1,-1,-1
89,6,369.00,151.00,549.00,340.00,0.67,-1,-1,-1
90,1,762.00,321.00,450.00,395.00,0.91,-1,-1,-1
90,2,245.00,140.00,327.00,158.00,0.90,-1,-1,-1
90,6,369.00,151.00,549.00,340.00,0.66,-1,-1,-1
91,1,762.00,321.00,450.00,395.00,0.91,-1,-1,-1
91,2,245.00,140.00,327.00,159.00,0.90,-1,-1,-1
91,6,369.00,151.00,549.00,340.00,0.65,-1,-1,-1
92,1,762.00,321.00,451.00,395.00,0.92,-1,-1,-1
92,2,244.00,140.00,329.00,159.00,0.90,-1,-1,-1
92,6,370.00,151.00,549.00,340.00,0.62,-1,-1,-1
93,1,762.00,321.00,451.00,395.00,0.92,-1,-1,-1
93,2,244.00,140.00,329.00,159.00,0.90,-1,-1,-1
93,6,370.00,151.00,549.00,340.00,0.61,-1,-1,-1
94,1,762.00,321.00,451.00,395.00,0.92,-1,-1,-1
94,2,244.00,140.00,329.00,159.00,0.90,-1,-1,-1
94,6,370.00,151.00,549.00,340.00,0.62,-1,-1,-1
95,1,762.00,321.00,451.00,395.00,0.92,-1,-1,-1
95,2,244.00,140.00,329.00,159.00,0.90,-1,-1,-1
95,6,370.00,151.00,549.00,340.00,0.60,-1,-1,-1
96,1,762.00,321.00,451.00,395.00,0.92,-1,-1,-1
96,2,244.00,140.00,328.00,159.00,0.90,-1,-1,-1
96,6,370.00,151.00,549.00,340.00,0.60,-1,-1,-1
