2,1,596.00,310.00,395.00,207.00,0.93,-1,-1,-1
2,2,398.00,254.00,279.00,128.00,0.88,-1,-1,-1
3,1,596.00,310.00,395.00,207.00,0.93,-1,-1,-1
3,2,398.00,254.00,279.00,128.00,0.88,-1,-1,-1
4,1,596.00,310.00,395.00,207.00,0.93,-1,-1,-1
4,2,398.00,254.00,279.00,128.00,0.88,-1,-1,-1
5,1,597.00,310.00,394.00,207.00,0.93,-1,-1,-1
5,2,398.00,254.00,279.00,128.00,0.88,-1,-1,-1
6,1,596.00,310.00,395.00,207.00,0.93,-1,-1,-1
6,2,398.00,254.00,279.00,128.00,0.88,-1,-1,-1
7,1,596.00,310.00,395.00,207.00,0.93,-1,-1,-1
7,2,398.00,254.00,279.00,128.00,0.88,-1,-1,-1
8,1,597.00,310.00,394.00,207.00,0.93,-1,-1,-1
8,2,398.00,254.00,279.00,128.00,0.88,-1,-1,-1
9,1,597.00,310.00,394.00,207.00,0.93,-1,-1,-1
9,2,398.00,254.00,279.00,128.00,0.88,-1,-1,-1
10,1,597.00,310.00,394.00,207.00,0.93,-1,-1,-1
10,2,398.00,254.00,279.00,128.00,0.88,-1,-1,-1
11,1,597.00,310.00,394.00,207.00,0.93,-1,-1,-1
11,2,398.00,254.00,279.00,128.00,0.88,-1,-1,-1
12,1,597.00,310.00,394.00,207.00,0.93,-1,-1,-1
12,2,398.00,254.00,279.00,128.00,0.88,-1,-1,-1
13,1,597.00,310.00,394.00,207.00,0.93,-1,-1,-1
13,2,398.00,254.00,279.00,128.00,0.88,-1,-1,-1
14,1,597.00,310.00,394.00,207.00,0.93,-1,-1,-1
14,2,398.00,254.00,280.00,128.00,0.88,-1,-1,-1
15,1,596.00,310.00,395.00,207.00,0.93,-1,-1,-1
15,2,398.00,254.00,280.00,128.00,0.88,-1,-1,-1
16,1,596.00,310.00,395.00,207.00,0.93,-1,-1,-1
16,2,398.00,254.00,280.00,128.00,0.88,-1,-1,-1
17,1,597.00,311.00,394.00,206.00,0.93,-1,-1,-1
17,2,398.00,254.00,280.00,128.00,0.88,-1,-1,-1
18,1,597.00,311.00,394.00,206.00,0.93,-1,-1,-1
18,2,398.00,254.00,280.00,128.00,0.88,-1,-1,-1
19,1,597.00,311.00,393.00,206.00,0.93,-1,-1,-1
19,2,397.00,254.00,281.00,128.00,0.88,-1,-1,-1
20,1,596.00,311.00,394.00,206.00,0.93,-1,-1,-1
20,2,397.00,254.00,280.00,129.00,0.88,-1,-1,-1
21,1,596.00,311.00,394.00,206.00,0.93,-1,-1,-1
21,2,398.00,254.00,279.00,128.00,0.89,-1,-1,-1
22,1,596.00,311.00,394.00,206.00,0.93,-1,-1,-1
22,2,397.00,254.00,280.00,129.00,0.88,-1,-1,-1
23,1,596.00,311.00,394.00,206.00,0.93,-1,-1,-1
23,2,398.00,254.00,279.00,128.00,0.88,-1,-1,-1
24,1,596.00,311.00,395.00,206.00,0.93,-1,-1,-1
24,2,397.00,254.00,280.00,129.00,0.88,-1,-1,-1
25,1,596.00,311.00,395.00,206.00,0.93,-1,-1,-1
25,2,397.00,254.00,280.00,129.00,0.88,-1,-1,-1
26,1,596.00,311.00,395.00,206.00,0.93,-1,-1,-1
26,2,397.00,254.00,280.00,129.00,0.88,-1,-1,-1
27,1,596.00,311.00,394.00,206.00,0.93,-1,-1,-1
27,2,397.00,254.00,280.00,129.00,0.88,-1,-1,-1
28,1,596.00,310.00,395.00,207.00,0.93,-1,-1,-1
28,2,397.00,254.00,280.00,129.00,0.88,-1,-1,-1
29,1,596.00,310.00,395.00,207.00,0.93,-1,-1,-1
29,2,397.00,254.00,280.00,129.00,0.88,-1,-1,-1
30,1,596.00,310.00,395.00,207.00,0.93,-1,-1,-1
30,2,397.00,254.00,280.00,129.00,0.88,-1,-1,-1
31,1,596.00,310.00,395.00,207.00,0.93,-1,-1,-1
31,2,397.00,254.00,280.00,129.00,0.88,-1,-1,-1
32,1,596.00,310.00,395.00,207.00,0.93,-1,-1,-1
32,2,396.00,253.00,283.00,130.00,0.88,-1,-1,-1
33,1,597.00,310.00,394.00,207.00,0.93,-1,-1,-1
33,2,396.00,252.00,284.00,131.00,0.89,-1,-1,-1
34,1,597.00,310.00,394.00,207.00,0.93,-1,-1,-1
34,2,396.00,252.00,284.00,132.00,0.89,-1,-1,-1
35,1,597.00,310.00,394.00,207.00,0.93,-1,-1,-1
35,2,396.00,252.00,283.00,132.00,0.89,-1,-1,-1
36,1,597.00,311.00,394.00,206.00,0.93,-1,-1,-1
36,2,396.00,252.00,283.00,132.00,0.89,-1,-1,-1
37,1,597.00,311.00,394.00,206.00,0.93,-1,-1,-1
37,2,396.00,252.00,283.00,131.00,0.89,-1,-1,-1
38,1,597.00,311.00,394.00,206.00,0.93,-1,-1,-1
38,2,397.00,252.00,282.00,131.00,0.89,-1,-1,-1
39,1,597.00,311.00,394.00,206.00,0.93,-1,-1,-1
39,2,397.00,252.00,282.00,131.00,0.89,-1,-1,-1
40,1,597.00,310.00,394.00,207.00,0.93,-1,-1,-1
40,2,397.00,252.00,281.00,131.00,0.89,-1,-1,-1
41,1,596.00,310.00,395.00,207.00,0.93,-1,-1,-1
41,2,397.00,252.00,281.00,131.00,0.89,-1,-1,-1
42,1,596.00,310.00,395.00,207.00,0.93,-1,-1,-1
42,2,397.00,252.00,281.00,131.00,0.89,-1,-1,-1
43,1,596.00,310.00,394.00,207.00,0.93,-1,-1,-1
43,2,397.00,252.00,281.00,131.00,0.89,-1,-1,-1
44,1,596.00,310.00,394.00,207.00,0.93,-1,-1,-1
44,2,397.00,252.00,281.00,131.00,0.89,-1,-1,-1
45,1,596.00,310.00,394.00,207.00,0.93,-1,-1,-1
45,2,398.00,252.00,280.00,131.00,0.89,-1,-1,-1
46,1,596.00,310.00,394.00,207.00,0.93,-1,-1,-1
46,2,398.00,252.00,280.00,131.00,0.89,-1,-1,-1
47,1,596.00,310.00,394.00,207.00,0.93,-1,-1,-1
47,2,398.00,252.00,280.00,131.00,0.89,-1,-1,-1
48,1,596.00,311.00,394.00,206.00,0.93,-1,-1,-1
48,2,398.00,252.00,280.00,131.00,0.89,-1,-1,-1
49,1,596.00,311.00,394.00,206.00,0.93,-1,-1,-1
49,2,398.00,252.00,280.00,131.00,0.89,-1,-1,-1
50,1,596.00,311.00,394.00,206.00,0.93,-1,-1,-1
50,2,398.00,252.00,280.00,131.00,0.89,-1,-1,-1
51,1,596.00,311.00,394.00,206.00,0.93,-1,-1,-1
51,2,398.00,253.00,280.00,130.00,0.89,-1,-1,-1
52,1,596.00,311.00,394.00,206.00,0.93,-1,-1,-1
52,2,398.00,253.00,280.00,130.00,0.89,-1,-1,-1
53,1,596.00,311.00,394.00,206.00,0.93,-1,-1,-1
53,2,398.00,252.00,280.00,131.00,0.89,-1,-1,-1
54,1,596.00,311.00,394.00,206.00,0.93,-1,-1,-1
54,2,398.00,252.00,280.00,131.00,0.89,-1,-1,-1
55,1,596.00,311.00,394.00,206.00,0.93,-1,-1,-1
55,2,398.00,252.00,280.00,131.00,0.89,-1,-1,-1
56,1,596.00,311.00,394.00,206.00,0.93,-1,-1,-1
56,2,398.00,252.00,280.00,131.00,0.89,-1,-1,-1
57,1,596.00,311.00,394.00,206.00,0.93,-1,-1,-1
57,2,398.00,252.00,280.00,131.00,0.89,-1,-1,-1
58,1,596.00,311.00,394.00,206.00,0.93,-1,-1,-1
58,2,398.00,252.00,280.00,131.00,0.89,-1,-1,-1
59,1,596.00,311.00,394.00,206.00,0.93,-1,-1,-1
59,2,398.00,252.00,279.00,131.00,0.89,-1,-1,-1
60,1,596.00,311.00,394.00,206.00,0.93,-1,-1,-1
60,2,398.00,252.00,279.00,131.00,0.89,-1,-1,-1
61,1,596.00,311.00,394.00,206.00,0.93,-1,-1,-1
61,2,398.00,253.00,279.00,130.00,0.89,-1,-1,-1
62,1,596.00,310.00,394.00,207.00,0.93,-1,-1,-1
62,2,398.00,252.00,279.00,131.00,0.89,-1,-1,-1
63,1,596.00,310.00,394.00,207.00,0.93,-1,-1,-1
63,2,397.00,252.00,280.00,131.00,0.89,-1,-1,-1
64,1,596.00,310.00,394.00,207.00,0.93,-1,-1,-1
64,2,397.00,252.00,280.00,131.00,0.89,-1,-1,-1
65,1,596.00,310.00,394.00,207.00,0.93,-1,-1,-1
65,2,397.00,252.00,280.00,132.00,0.89,-1,-1,-1
66,1,596.00,310.00,394.00,207.00,0.93,-1,-1,-1
66,2,397.00,252.00,280.00,132.00,0.89,-1,-1,-1
67,1,596.00,310.00,394.00,207.00,0.93,-1,-1,-1
67,2,397.00,252.00,280.00,132.00,0.89,-1,-1,-1
68,1,596.00,310.00,394.00,207.00,0.93,-1,-1,-1
68,2,397.00,252.00,280.00,132.00,0.89,-1,-1,-1
69,1,596.00,310.00,394.00,207.00,0.93,-1,-1,-1
69,2,397.00,252.00,280.00,132.00,0.89,-1,-1,-1
70,1,596.00,310.00,394.00,207.00,0.93,-1,-1,-1
70,2,397.00,252.00,280.00,132.00,0.89,-1,-1,-1
71,1,596.00,310.00,394.00,207.00,0.93,-1,-1,-1
71,2,397.00,252.00,280.00,132.00,0.89,-1,-1,-1
72,1,596.00,310.00,394.00,207.00,0.93,-1,-1,-1
72,2,397.00,252.00,280.00,132.00,0.89,-1,-1,-1
73,1,596.00,310.00,394.00,207.00,0.93,-1,-1,-1
73,2,397.00,252.00,280.00,132.00,0.89,-1,-1,-1
74,1,596.00,310.00,394.00,207.00,0.93,-1,-1,-1
74,2,397.00,252.00,280.00,132.00,0.89,-1,-1,-1
75,1,596.00,310.00,394.00,207.00,0.93,-1,-1,-1
75,2,397.00,252.00,280.00,132.00,0.89,-1,-1,-1
76,1,596.00,310.00,394.00,207.00,0.93,-1,-1,-1
76,2,397.00,252.00,280.00,132.00,0.89,-1,-1,-1
77,1,596.00,310.00,394.00,207.00,0.93,-1,-1,-1
77,2,397.00,252.00,280.00,132.00,0.89,-1,-1,-1
78,1,596.00,310.00,394.00,207.00,0.93,-1,-1,-1
78,2,397.00,252.00,280.00,132.00,0.89,-1,-1,-1
79,1,596.00,310.00,394.00,207.00,0.93,-1,-1,-1
79,2,397.00,252.00,280.00,132.00,0.89,-1,-1,-1
80,1,596.00,310.00,394.00,207.00,0.93,-1,-1,-1
80,2,397.00,252.00,280.00,132.00,0.89,-1,-1,-1
81,1,596.00,310.00,394.00,207.00,0.93,-1,-1,-1
81,2,397.00,252.00,280.00,132.00,0.89,-1,-1,-1
82,1,596.00,310.00,394.00,207.00,0.93,-1,-1,-1
82,2,397.00,252.00,280.00,132.00,0.89,-1,-1,-1
83,1,596.00,310.00,394.00,207.00,0.93,-1,-1,-1
83,2,397.00,252.00,280.00,132.00,0.89,-1,-1,-1
84,1,596.00,310.00,394.00,207.00,0.93,-1,-1,-1
84,2,397.00,252.00,280.00,132.00,0.89,-1,-1,-1
85,1,596.00,310.00,394.00,207.00,0.93,-1,-1,-1
85,2,397.00,252.00,280.00,132.00,0.89,-1,-1,-1
86,1,596.00,310.00,394.00,207.00,0.93,-1,-1,-1
86,2,397.00,252.00,280.00,132.00,0.89,-1,-1,-1
87,1,596.00,310.00,394.00,207.00,0.93,-1,-1,-1
87,2,397.00,252.00,280.00,132.00,0.89,-1,-1,-1
88,1,596.00,310.00,394.00,207.00,0.93,-1,-1,-1
88,2,397.00,252.00,280.00,132.00,0.89,-1,-1,-1
89,1,596.00,310.00,394.00,207.00,0.93,-1,-1,-1
89,2,397.00,252.00,280.00,132.00,0.89,-1,-1,-1
90,1,596.00,310.00,394.00,207.00,0.93,-1,-1,-1
90,2,397.00,252.00,280.00,132.00,0.89,-1,-1,-1
91,1,596.00,310.00,394.00,207.00,0.93,-1,-1,-1
91,2,397.00,252.00,280.00,132.00,0.89,-1,-1,-1
92,1,596.00,310.00,394.00,207.00,0.93,-1,-1,-1
92,2,398.00,252.00,278.00,131.00,0.89,-1,-1,-1
93,1,596.00,310.00,394.00,207.00,0.93,-1,-1,-1
93,2,399.00,252.00,277.00,131.00,0.89,-1,-1,-1
94,1,596.00,310.00,394.00,207.00,0.93,-1,-1,-1
94,2,399.00,252.00,277.00,131.00,0.89,-1,-1,-1
95,1,596.00,310.00,394.00,207.00,0.93,-1,-1,-1
95,2,399.00,252.00,277.00,131.00,0.89,-1,-1,-1
96,1,596.00,310.00,394.00,207.00,0.93,-1,-1,-1
96,2,399.00,252.00,277.00,131.00,0.89,-1,-1,-1
97,1,596.00,310.00,394.00,207.00,0.93,-1,-1,-1
97,2,399.00,253.00,277.00,130.00,0.89,-1,-1,-1
98,1,596.00,310.00,394.00,207.00,0.93,-1,-1,-1
98,2,399.00,253.00,277.00,130.00,0.89,-1,-1,-1
99,1,596.00,310.00,394.00,207.00,0.93,-1,-1,-1
99,2,399.00,253.00,276.00,130.00,0.89,-1,-1,-1
100,1,596.00,311.00,394.00,206.00,0.93,-1,-1,-1
100,2,399.00,254.00,277.00,129.00,0.89,-1,-1,-1
101,1,596.00,311.00,394.00,206.00,0.93,-1,-1,-1
101,2,399.00,254.00,277.00,129.00,0.89,-1,-1,-1
102,1,596.00,311.00,394.00,206.00,0.93,-1,-1,-1
102,2,399.00,254.00,277.00,129.00,0.89,-1,-1,-1
103,1,596.00,311.00,394.00,206.00,0.93,-1,-1,-1
103,2,399.00,254.00,277.00,129.00,0.89,-1,-1,-1
104,1,596.00,311.00,394.00,206.00,0.93,-1,-1,-1
104,2,399.00,254.00,277.00,129.00,0.89,-1,-1,-1
105,1,596.00,311.00,394.00,206.00,0.93,-1,-1,-1
105,2,398.00,253.00,279.00,130.00,0.89,-1,-1,-1
106,1,596.00,311.00,394.00,206.00,0.93,-1,-1,-1
106,2,398.00,253.00,279.00,130.00,0.89,-1,-1,-1
107,1,596.00,311.00,394.00,206.00,0.93,-1,-1,-1
107,2,397.00,253.00,280.00,131.00,0.89,-1,-1,-1
108,1,596.00,311.00,394.00,206.00,0.93,-1,-1,-1
108,2,397.00,253.00,280.00,131.00,0.90,-1,-1,-1
109,1,596.00,311.00,394.00,206.00,0.93,-1,-1,-1
109,2,398.00,253.00,279.00,131.00,0.90,-1,-1,-1
110,1,596.00,311.00,394.00,206.00,0.93,-1,-1,-1
110,2,398.00,253.00,279.00,130.00,0.90,-1,-1,-1
111,1,596.00,311.00,394.00,206.00,0.93,-1,-1,-1
111,2,398.00,253.00,279.00,131.00,0.90,-1,-1,-1
112,1,596.00,311.00,394.00,206.00,0.93,-1,-1,-1
112,2,398.00,253.00,279.00,131.00,0.90,-1,-1,-1
113,1,596.00,311.00,394.00,206.00,0.93,-1,-1,-1
113,2,397.00,253.00,280.00,131.00,0.90,-1,-1,-1
114,1,596.00,311.00,394.00,206.00,0.93,-1,-1,-1
114,2,397.00,252.00,281.00,132.00,0.89,-1,-1,-1
115,1,596.00,311.00,394.00,206.00,0.93,-1,-1,-1
115,2,397.00,252.00,280.00,132.00,0.89,-1,-1,-1
116,1,596.00,311.00,394.00,206.00,0.93,-1,-1,-1
116,2,397.00,253.00,280.00,131.00,0.89,-1,-1,-1
117,1,596.00,311.00,394.00,206.00,0.93,-1,-1,-1
117,2,398.00,253.00,279.00,131.00,0.89,-1,-1,-1
118,1,596.00,311.00,394.00,206.00,0.93,-1,-1,-1
118,2,398.00,252.00,279.00,132.00,0.89,-1,-1,-1
119,1,596.00,311.00,394.00,206.00,0.93,-1,-1,-1
119,2,399.00,252.00,277.00,131.00,0.89,-1,-1,-1
120,1,596.00,311.00,394.00,206.00,0.93,-1,-1,-1
120,2,399.00,253.00,277.00,130.00,0.90,-1,-1,-1
121,1,596.00,311.00,394.00,206.00,0.93,-1,-1,-1
121,2,399.00,253.00,276.00,129.00,0.90,-1,-1,-1
122,1,596.00,311.00,394.00,206.00,0.93,-1,-1,-1
122,2,400.00,253.00,275.00,129.00,0.91,-1,-1,-1
123,1,596.00,311.00,394.00,206.00,0.93,-1,-1,-1
123,2,399.00,253.00,276.00,129.00,0.90,-1,-1,-1
124,1,596.00,311.00,394.00,206.00,0.93,-1,-1,-1
124,2,400.00,254.00,275.00,129.00,0.90,-1,-1,-1
125,1,596.00,310.00,394.00,207.00,0.93,-1,-1,-1
125,2,400.00,254.00,275.00,128.00,0.90,-1,-1,-1
126,1,596.00,310.00,394.00,207.00,0.93,-1,-1,-1
126,2,399.00,253.00,277.00,130.00,0.89,-1,-1,-1
127,1,596.00,310.00,394.00,207.00,0.93,-1,-1,-1
127,2,399.00,253.00,277.00,130.00,0.89,-1,-1,-1
128,1,596.00,310.00,394.00,207.00,0.93,-1,-1,-1
128,2,399.00,253.00,277.00,130.00,0.89,-1,-1,-1
129,1,596.00,310.00,394.00,207.00,0.93,-1,-1,-1
129,2,399.00,254.00,277.00,129.00,0.89,-1,-1,-1
130,1,596.00,310.00,394.00,207.00,0.93,-1,-1,-1
130,2,399.00,254.00,277.00,129.00,0.89,-1,-1,-1
131,1,596.00,310.00,394.00,207.00,0.93,-1,-1,-1
131,2,399.00,254.00,277.00,129.00,0.89,-1,-1,-1
132,1,596.00,310.00,394.00,207.00,0.93,-1,-1,-1
132,2,399.00,254.00,277.00,129.00,0.89,-1,-1,-1
133,1,596.00,310.00,394.00,207.00,0.93,-1,-1,-1
133,2,399.00,254.00,277.00,129.00,0.89,-1,-1,-1
134,1,596.00,310.00,394.00,207.00,0.93,-1,-1,-1
134,2,399.00,254.00,277.00,129.00,0.89,-1,-1,-1
135,1,596.00,310.00,394.00,207.00,0.93,-1,-1,-1
135,2,399.00,254.00,277.00,129.00,0.89,-1,-1,-1
136,1,596.00,310.00,394.00,207.00,0.93,-1,-1,-1
136,2,399.00,254.00,277.00,129.00,0.89,-1,-1,-1
137,1,596.00,310.00,394.00,207.00,0.93,-1,-1,-1
137,2,399.00,254.00,277.00,129.00,0.89,-1,-1,-1
138,1,596.00,310.00,394.00,207.00,0.93,-1,-1,-1
138,2,399.00,254.00,277.00,129.00,0.89,-1,-1,-1
139,1,596.00,310.00,394.00,207.00,0.93,-1,-1,-1
139,2,399.00,254.00,277.00,129.00,0.89,-1,-1,-1
140,1,596.00,310.00,394.00,207.00,0.93,-1,-1,-1
140,2,399.00,254.00,277.00,129.00,0.89,-1,-1,-1
141,1,596.00,310.00,394.00,207.00,0.93,-1,-1,-1
141,2,399.00,254.00,277.00,129.00,0.89,-1,-1,-1
142,1,596.00,310.00,394.00,207.00,0.93,-1,-1,-1
142,2,398.00,254.00,279.00,129.00,0.89,-1,-1,-1
143,1,596.00,310.00,394.00,207.00,0.93,-1,-1,-1
143,2,398.00,254.00,279.00,129.00,0.89,-1,-1,-1
144,1,596.00,310.00,394.00,207.00,0.93,-1,-1,-1
144,2,398.00,254.00,279.00,129.00,0.89,-1,-1,-1
145,1,596.00,310.00,394.00,207.00,0.93,-1,-1,-1
145,2,398.00,254.00,279.00,129.00,0.89,-1,-1,-1
146,1,596.00,310.00,394.00,207.00,0.93,-1,-1,-1
146,2,398.00,254.00,279.00,129.00,0.89,-1,-1,-1
147,1,596.00,310.00,394.00,207.00,0.93,-1,-1,-1
147,2,398.00,254.00,279.00,129.00,0.89,-1,-1,-1
148,1,596.00,310.00,394.00,207.00,0.93,-1,-1,-1
148,2,398.00,254.00,279.00,129.00,0.89,-1,-1,-1
149,1,596.00,310.00,394.00,207.00,0.93,-1,-1,-1
149,2,398.00,254.00,279.00,129.00,0.89,-1,-1,-1
150,1,596.00,310.00,394.00,207.00,0.93,-1,-1,-1
150,2,398.00,254.00,279.00,129.00,0.89,-1,-1,-1
151,1,596.00,310.00,394.00,207.00,0.93,-1,-1,-1
151,2,398.00,254.00,279.00,129.00,0.89,-1,-1,-1
152,1,596.00,310.00,394.00,207.00,0.92,-1,-1,-1
152,2,399.00,254.00,277.00,128.00,0.89,-1,-1,-1
153,1,596.00,310.00,394.00,207.00,0.92,-1,-1,-1
153,2,399.00,254.00,277.00,128.00,0.89,-1,-1,-1
154,1,596.00,310.00,394.00,207.00,0.92,-1,-1,-1
154,2,399.00,254.00,277.00,128.00,0.89,-1,-1,-1
155,1,596.00,310.00,394.00,207.00,0.92,-1,-1,-1
155,2,398.00,253.00,279.00,130.00,0.89,-1,-1,-1
156,1,596.00,310.00,394.00,207.00,0.92,-1,-1,-1
156,2,398.00,253.00,280.00,130.00,0.89,-1,-1,-1
157,1,596.00,310.00,394.00,207.00,0.92,-1,-1,-1
157,2,398.00,253.00,279.00,129.00,0.89,-1,-1,-1
158,1,596.00,310.00,394.00,207.00,0.93,-1,-1,-1
158,2,398.00,253.00,280.00,130.00,0.89,-1,-1,-1
159,1,596.00,310.00,394.00,207.00,0.92,-1,-1,-1
159,2,399.00,253.00,278.00,129.00,0.89,-1,-1,-1
160,1,596.00,310.00,394.00,207.00,0.92,-1,-1,-1
160,2,398.00,253.00,279.00,129.00,0.89,-1,-1,-1
161,1,596.00,310.00,394.00,207.00,0.92,-1,-1,-1
161,2,398.00,253.00,279.00,130.00,0.89,-1,-1,-1
162,1,596.00,310.00,394.00,207.00,0.92,-1,-1,-1
162,2,398.00,253.00,279.00,130.00,0.89,-1,-1,-1
163,1,596.00,310.00,394.00,207.00,0.92,-1,-1,-1
163,2,398.00,253.00,280.00,130.00,0.89,-1,-1,-1
164,1,596.00,310.00,394.00,207.00,0.92,-1,-1,-1
164,2,398.00,252.00,280.00,131.00,0.89,-1,-1,-1
165,1,596.00,310.00,394.00,207.00,0.92,-1,-1,-1
165,2,398.00,253.00,279.00,130.00,0.89,-1,-1,-1
166,1,596.00,310.00,394.00,207.00,0.93,-1,-1,-1
166,2,399.00,253.00,277.00,129.00,0.90,-1,-1,-1
167,1,596.00,310.00,394.00,207.00,0.93,-1,-1,-1
167,2,399.00,253.00,278.00,129.00,0.89,-1,-1,-1
168,1,596.00,310.00,394.00,207.00,0.93,-1,-1,-1
168,2,397.00,251.00,281.00,131.00,0.90,-1,-1,-1
169,1,596.00,310.00,394.00,207.00,0.93,-1,-1,-1
169,2,396.00,250.00,283.00,133.00,0.90,-1,-1,-1
170,1,596.00,310.00,394.00,207.00,0.93,-1,-1,-1
170,2,397.00,251.00,282.00,131.00,0.89,-1,-1,-1
171,1,596.00,310.00,394.00,207.00,0.93,-1,-1,-1
171,2,396.00,251.00,282.00,132.00,0.89,-1,-1,-1
172,1,596.00,310.00,394.00,207.00,0.93,-1,-1,-1
172,2,397.00,251.00,281.00,131.00,0.89,-1,-1,-1
173,1,596.00,310.00,394.00,207.00,0.93,-1,-1,-1
173,2,398.00,251.00,279.00,131.00,0.89,-1,-1,-1
174,1,596.00,310.00,394.00,207.00,0.93,-1,-1,-1
174,2,400.00,253.00,276.00,129.00,0.89,-1,-1,-1
175,1,596.00,310.00,394.00,207.00,0.93,-1,-1,-1
175,2,400.00,253.00,276.00,129.00,0.89,-1,-1,-1
176,1,596.00,310.00,394.00,207.00,0.93,-1,-1,-1
176,2,400.00,253.00,276.00,129.00,0.89,-1,-1,-1
177,1,596.00,310.00,394.00,207.00,0.93,-1,-1,-1
177,2,399.00,253.00,277.00,129.00,0.89,-1,-1,-1
178,1,596.00,310.00,394.00,207.00,0.93,-1,-1,-1
178,2,399.00,252.00,278.00,130.00,0.89,-1,-1,-1
179,1,596.00,310.00,394.00,207.00,0.93,-1,-1,-1
179,2,399.00,252.00,278.00,130.00,0.89,-1,-1,-1
180,1,596.00,310.00,394.00,207.00,0.93,-1,-1,-1
180,2,399.00,252.00,278.00,130.00,0.89,-1,-1,-1
181,1,596.00,310.00,394.00,207.00,0.93,-1,-1,-1
181,2,398.00,252.00,279.00,130.00,0.89,-1,-1,-1
182,1,596.00,310.00,395.00,207.00,0.93,-1,-1,-1
182,2,399.00,253.00,277.00,129.00,0.90,-1,-1,-1
183,1,596.00,310.00,395.00,207.00,0.93,-1,-1,-1
183,2,398.00,253.00,278.00,130.00,0.90,-1,-1,-1
184,1,596.00,310.00,395.00,207.00,0.93,-1,-1,-1
184,2,398.00,253.00,279.00,130.00,0.90,-1,-1,-1
185,1,596.00,310.00,395.00,207.00,0.93,-1,-1,-1
185,2,398.00,253.00,279.00,130.00,0.90,-1,-1,-1
186,1,596.00,310.00,395.00,207.00,0.93,-1,-1,-1
186,2,398.00,253.00,279.00,130.00,0.90,-1,-1,-1
187,1,596.00,310.00,395.00,207.00,0.93,-1,-1,-1
187,2,398.00,253.00,279.00,130.00,0.90,-1,-1,-1
188,1,597.00,310.00,394.00,207.00,0.93,-1,-1,-1
188,2,398.00,253.00,279.00,130.00,0.90,-1,-1,-1
189,1,597.00,310.00,394.00,207.00,0.93,-1,-1,-1
189,2,398.00,253.00,279.00,130.00,0.90,-1,-1,-1
190,1,597.00,310.00,394.00,207.00,0.93,-1,-1,-1
190,2,398.00,253.00,279.00,130.00,0.90,-1,-1,-1
191,1,597.00,310.00,394.00,207.00,0.93,-1,-1,-1
191,2,398.00,253.00,279.00,130.00,0.90,-1,-1,-1
192,1,597.00,310.00,394.00,207.00,0.93,-1,-1,-1
192,2,398.00,253.00,279.00,130.00,0.90,-1,-1,-1
193,1,597.00,310.00,394.00,207.00,0.93,-1,-1,-1
193,2,398.00,253.00,278.00,130.00,0.90,-1,-1,-1
194,1,597.00,310.00,394.00,207.00,0.93,-1,-1,-1
194,2,398.00,253.00,278.00,130.00,0.90,-1,-1,-1
195,1,597.00,310.00,394.00,207.00,0.93,-1,-1,-1
195,2,398.00,253.00,278.00,130.00,0.90,-1,-1,-1
196,1,597.00,310.00,394.00,207.00,0.93,-1,-1,-1
196,2,398.00,253.00,278.00,130.00,0.90,-1,-1,-1
197,1,597.00,310.00,394.00,207.00,0.93,-1,-1,-1
197,2,398.00,253.00,278.00,130.00,0.90,-1,-1,-1
198,1,597.00,310.00,394.00,207.00,0.93,-1,-1,-1
198,2,398.00,253.00,278.00,130.00,0.90,-1,-1,-1
199,1,597.00,310.00,394.00,207.00,0.93,-1,-1,-1
199,2,398.00,253.00,278.00,130.00,0.90,-1,-1,-1
200,1,597.00,310.00,394.00,207.00,0.93,-1,-1,-1
200,2,398.00,253.00,278.00,130.00,0.90,-1,-1,-1
201,1,597.00,310.00,394.00,207.00,0.93,-1,-1,-1
201,2,398.00,253.00,278.00,130.00,0.90,-1,-1,-1
202,1,597.00,310.00,394.00,207.00,0.93,-1,-1,-1
202,2,398.00,253.00,278.00,130.00,0.90,-1,-1,-1
203,1,597.00,310.00,394.00,207.00,0.93,-1,-1,-1
203,2,398.00,253.00,278.00,130.00,0.90,-1,-1,-1
204,1,596.00,310.00,395.00,207.00,0.93,-1,-1,-1
204,2,398.00,253.00,278.00,130.00,0.90,-1,-1,-1
205,1,596.00,310.00,395.00,207.00,0.93,-1,-1,-1
205,2,398.00,253.00,278.00,130.00,0.90,-1,-1,-1
206,1,596.00,310.00,395.00,207.00,0.93,-1,-1,-1
206,2,398.00,253.00,278.00,130.00,0.90,-1,-1,-1
207,1,596.00,310.00,395.00,207.00,0.93,-1,-1,-1
207,2,398.00,253.00,278.00,130.00,0.90,-1,-1,-1
208,1,596.00,310.00,395.00,207.00,0.93,-1,-1,-1
208,2,398.00,253.00,278.00,130.00,0.90,-1,-1,-1
209,1,596.00,310.00,395.00,207.00,0.93,-1,-1,-1
209,2,398.00,253.00,278.00,130.00,0.90,-1,-1,-1
210,1,596.00,310.00,395.00,207.00,0.93,-1,-1,-1
210,2,398.00,253.00,278.00,130.00,0.90,-1,-1,-1
211,1,596.00,310.00,395.00,207.00,0.93,-1,-1,-1
211,2,398.00,253.00,278.00,130.00,0.90,-1,-1,-1
212,1,597.00,310.00,393.00,207.00,0.93,-1,-1,-1
212,2,399.00,253.00,277.00,130.00,0.90,-1,-1,-1
213,1,597.00,310.00,393.00,207.00,0.93,-1,-1,-1
213,2,399.00,254.00,277.00,129.00,0.89,-1,-1,-1
214,1,597.00,310.00,393.00,207.00,0.93,-1,-1,-1
214,2,399.00,254.00,277.00,129.00,0.89,-1,-1,-1
215,1,597.00,310.00,393.00,207.00,0.93,-1,-1,-1
215,2,399.00,254.00,277.00,129.00,0.89,-1,-1,-1
216,1,597.00,310.00,393.00,207.00,0.93,-1,-1,-1
216,2,399.00,254.00,277.00,129.00,0.89,-1,-1,-1
217,1,597.00,310.00,393.00,207.00,0.93,-1,-1,-1
217,2,399.00,254.00,277.00,129.00,0.89,-1,-1,-1
218,1,597.00,310.00,393.00,207.00,0.93,-1,-1,-1
218,2,399.00,254.00,277.00,129.00,0.89,-1,-1,-1
219,1,597.00,310.00,393.00,207.00,0.93,-1,-1,-1
219,2,399.00,254.00,277.00,129.00,0.89,-1,-1,-1
220,1,597.00,310.00,393.00,207.00,0.93,-1,-1,-1
220,2,399.00,254.00,277.00,129.00,0.89,-1,-1,-1
221,1,597.00,310.00,393.00,207.00,0.93,-1,-1,-1
221,2,399.00,254.00,277.00,129.00,0.89,-1,-1,-1
222,1,597.00,310.00,393.00,207.00,0.93,-1,-1,-1
222,2,399.00,254.00,277.00,129.00,0.89,-1,-1,-1
223,1,597.00,310.00,393.00,207.00,0.93,-1,-1,-1
223,2,399.00,254.00,277.00,129.00,0.89,-1,-1,-1
224,1,597.00,310.00,393.00,207.00,0.93,-1,-1,-1
224,2,399.00,254.00,277.00,129.00,0.89,-1,-1,-1
225,1,597.00,310.00,393.00,207.00,0.93,-1,-1,-1
225,2,399.00,254.00,277.00,129.00,0.89,-1,-1,-1
226,1,597.00,310.00,393.00,207.00,0.93,-1,-1,-1
226,2,399.00,254.00,277.00,129.00,0.89,-1,-1,-1
227,1,597.00,310.00,393.00,207.00,0.93,-1,-1,-1
227,2,399.00,254.00,277.00,129.00,0.89,-1,-1,-1
228,1,597.00,310.00,393.00,207.00,0.93,-1,-1,-1
228,2,399.00,254.00,277.00,129.00,0.89,-1,-1,-1
229,1,597.00,310.00,393.00,207.00,0.93,-1,-1,-1
229,2,399.00,254.00,277.00,129.00,0.89,-1,-1,-1
230,1,597.00,310.00,393.00,207.00,0.93,-1,-1,-1
230,2,399.00,254.00,277.00,129.00,0.89,-1,-1,-1
231,1,597.00,310.00,393.00,207.00,0.93,-1,-1,-1
231,2,399.00,254.00,277.00,129.00,0.89,-1,-1,-1
232,1,597.00,310.00,394.00,207.00,0.93,-1,-1,-1
232,2,399.00,254.00,277.00,129.00,0.89,-1,-1,-1
233,1,597.00,310.00,394.00,207.00,0.93,-1,-1,-1
233,2,399.00,254.00,277.00,129.00,0.89,-1,-1,-1
234,1,597.00,310.00,394.00,207.00,0.93,-1,-1,-1
234,2,399.00,254.00,277.00,129.00,0.89,-1,-1,-1
235,1,597.00,310.00,394.00,207.00,0.93,-1,-1,-1
235,2,399.00,254.00,277.00,129.00,0.89,-1,-1,-1
236,1,597.00,310.00,394.00,207.00,0.93,-1,-1,-1
236,2,399.00,254.00,277.00,129.00,0.89,-1,-1,-1
237,1,597.00,310.00,394.00,207.00,0.93,-1,-1,-1
237,2,399.00,254.00,277.00,129.00,0.89,-1,-1,-1
238,1,597.00,310.00,394.00,207.00,0.93,-1,-1,-1
238,2,398.00,253.00,279.00,130.00,0.89,-1,-1,-1
239,1,597.00,310.00,394.00,207.00,0.93,-1,-1,-1
239,2,399.00,254.00,277.00,129.00,0.89,-1,-1,-1
240,1,597.00,310.00,394.00,207.00,0.93,-1,-1,-1
240,2,399.00,254.00,277.00,129.00,0.89,-1,-1,-1
241,1,597.00,310.00,394.00,207.00,0.93,-1,-1,-1
241,2,399.00,254.00,277.00,129.00,0.89,-1,-1,-1
242,1,596.00,310.00,395.00,207.00,0.93,-1,-1,-1
242,2,398.00,254.00,278.00,129.00,0.89,-1,-1,-1
243,1,596.00,310.00,395.00,207.00,0.93,-1,-1,-1
243,2,398.00,254.00,279.00,129.00,0.89,-1,-1,-1
244,1,596.00,310.00,395.00,207.00,0.93,-1,-1,-1
244,2,398.00,254.00,279.00,129.00,0.90,-1,-1,-1
245,1,596.00,310.00,395.00,207.00,0.93,-1,-1,-1
245,2,398.00,254.00,279.00,129.00,0.89,-1,-1,-1
246,1,596.00,309.00,395.00,208.00,0.93,-1,-1,-1
246,2,398.00,254.00,279.00,129.00,0.89,-1,-1,-1
247,1,596.00,309.00,395.00,208.00,0.93,-1,-1,-1
247,2,398.00,254.00,279.00,129.00,0.89,-1,-1,-1
248,1,596.00,309.00,395.00,208.00,0.93,-1,-1,-1
248,2,398.00,254.00,279.00,129.00,0.89,-1,-1,-1
249,1,596.00,309.00,395.00,208.00,0.93,-1,-1,-1
249,2,398.00,254.00,279.00,129.00,0.89,-1,-1,-1
250,1,596.00,309.00,395.00,208.00,0.93,-1,-1,-1
250,2,398.00,254.00,279.00,129.00,0.89,-1,-1,-1
251,1,597.00,309.00,394.00,208.00,0.93,-1,-1,-1
251,2,398.00,254.00,279.00,129.00,0.89,-1,-1,-1
252,1,597.00,309.00,394.00,208.00,0.93,-1,-1,-1
252,2,398.00,254.00,279.00,129.00,0.89,-1,-1,-1
253,1,597.00,309.00,394.00,208.00,0.93,-1,-1,-1
253,2,398.00,254.00,279.00,129.00,0.89,-1,-1,-1
254,1,597.00,309.00,394.00,208.00,0.93,-1,-1,-1
254,2,398.00,254.00,279.00,129.00,0.89,-1,-1,-1
255,1,597.00,309.00,394.00,208.00,0.93,-1,-1,-1
255,2,398.00,254.00,279.00,129.00,0.89,-1,-1,-1
256,1,597.00,309.00,394.00,208.00,0.93,-1,-1,-1
256,2,398.00,254.00,279.00,129.00,0.89,-1,-1,-1
257,1,597.00,309.00,394.00,208.00,0.93,-1,-1,-1
257,2,398.00,254.00,279.00,129.00,0.89,-1,-1,-1
258,1,597.00,309.00,394.00,208.00,0.93,-1,-1,-1
258,2,398.00,254.00,279.00,129.00,0.89,-1,-1,-1
259,1,597.00,309.00,394.00,208.00,0.93,-1,-1,-1
259,2,398.00,254.00,279.00,129.00,0.89,-1,-1,-1
260,1,597.00,309.00,393.00,208.00,0.93,-1,-1,-1
260,2,397.00,253.00,280.00,130.00,0.89,-1,-1,-1
261,1,597.00,309.00,393.00,208.00,0.93,-1,-1,-1
261,2,397.00,253.00,280.00,130.00,0.89,-1,-1,-1
262,1,597.00,309.00,393.00,208.00,0.93,-1,-1,-1
262,2,397.00,253.00,280.00,130.00,0.89,-1,-1,-1
263,1,597.00,309.00,393.00,208.00,0.93,-1,-1,-1
263,2,397.00,253.00,280.00,130.00,0.89,-1,-1,-1
264,1,597.00,309.00,393.00,208.00,0.93,-1,-1,-1
264,2,397.00,253.00,280.00,130.00,0.89,-1,-1,-1
265,1,597.00,309.00,393.00,208.00,0.93,-1,-1,-1
265,2,397.00,253.00,280.00,130.00,0.89,-1,-1,-1
266,1,597.00,309.00,393.00,208.00,0.93,-1,-1,-1
266,2,397.00,253.00,280.00,130.00,0.89,-1,-1,-1
267,1,597.00,309.00,393.00,208.00,0.93,-1,-1,-1
267,2,398.00,253.00,279.00,130.00,0.89,-1,-1,-1
268,1,597.00,309.00,393.00,208.00,0.93,-1,-1,-1
268,2,398.00,253.00,279.00,130.00,0.89,-1,-1,-1
269,1,597.00,309.00,393.00,208.00,0.93,-1,-1,-1
269,2,398.00,253.00,279.00,130.00,0.89,-1,-1,-1
270,1,597.00,309.00,393.00,208.00,0.93,-1,-1,-1
270,2,398.00,253.00,278.00,130.00,0.89,-1,-1,-1
271,1,597.00,309.00,393.00,208.00,0.93,-1,-1,-1
271,2,398.00,253.00,278.00,130.00,0.89,-1,-1,-1
272,1,597.00,310.00,393.00,207.00,0.93,-1,-1,-1
272,2,398.00,253.00,278.00,130.00,0.89,-1,-1,-1
273,1,597.00,310.00,393.00,207.00,0.93,-1,-1,-1
273,2,399.00,253.00,277.00,129.00,0.89,-1,-1,-1
274,1,597.00,310.00,393.00,207.00,0.93,-1,-1,-1
274,2,399.00,253.00,277.00,129.00,0.89,-1,-1,-1
275,1,597.00,310.00,393.00,207.00,0.93,-1,-1,-1
275,2,399.00,253.00,277.00,129.00,0.89,-1,-1,-1
276,1,597.00,310.00,393.00,207.00,0.93,-1,-1,-1
276,2,399.00,253.00,277.00,129.00,0.89,-1,-1,-1
277,1,597.00,310.00,393.00,207.00,0.93,-1,-1,-1
277,2,399.00,253.00,277.00,129.00,0.89,-1,-1,-1
278,1,597.00,310.00,393.00,207.00,0.93,-1,-1,-1
278,2,399.00,253.00,277.00,129.00,0.89,-1,-1,-1
279,1,597.00,310.00,393.00,207.00,0.93,-1,-1,-1
279,2,399.00,253.00,277.00,129.00,0.89,-1,-1,-1
280,1,597.00,310.00,393.00,207.00,0.93,-1,-1,-1
280,2,399.00,253.00,277.00,129.00,0.89,-1,-1,-1
281,1,597.00,310.00,393.00,207.00,0.93,-1,-1,-1
281,2,399.00,253.00,277.00,129.00,0.89,-1,-1,-1
282,1,597.00,310.00,393.00,207.00,0.93,-1,-1,-1
282,2,399.00,253.00,277.00,129.00,0.89,-1,-1,-1
283,1,597.00,310.00,393.00,207.00,0.93,-1,-1,-1
283,2,399.00,253.00,277.00,129.00,0.89,-1,-1,-1
284,1,597.00,310.00,393.00,207.00,0.93,-1,-1,-1
284,2,399.00,254.00,277.00,128.00,0.89,-1,-1,-1
285,1,597.00,310.00,393.00,207.00,0.93,-1,-1,-1
285,2,399.00,254.00,277.00,128.00,0.89,-1,-1,-1
286,1,597.00,310.00,393.00,207.00,0.93,-1,-1,-1
286,2,399.00,254.00,277.00,128.00,0.89,-1,-1,-1
287,1,597.00,310.00,393.00,207.00,0.93,-1,-1,-1
287,2,399.00,254.00,277.00,128.00,0.89,-1,-1,-1
288,1,597.00,310.00,393.00,207.00,0.93,-1,-1,-1
288,2,399.00,254.00,277.00,128.00,0.89,-1,-1,-1
289,1,597.00,310.00,393.00,207.00,0.93,-1,-1,-1
289,2,399.00,254.00,277.00,128.00,0.89,-1,-1,-1
290,1,597.00,310.00,393.00,207.00,0.93,-1,-1,-1
290,2,398.00,254.00,278.00,128.00,0.89,-1,-1,-1
291,1,597.00,310.00,393.00,207.00,0.93,-1,-1,-1
291,2,399.00,254.00,278.00,128.00,0.89,-1,-1,-1
292,1,597.00,310.00,393.00,207.00,0.93,-1,-1,-1
292,2,399.00,254.00,278.00,128.00,0.89,-1,-1,-1
293,1,597.00,310.00,393.00,207.00,0.93,-1,-1,-1
293,2,399.00,254.00,278.00,128.00,0.89,-1,-1,-1
294,1,597.00,310.00,393.00,207.00,0.93,-1,-1,-1
294,2,399.00,254.00,278.00,128.00,0.89,-1,-1,-1
295,1,597.00,310.00,393.00,207.00,0.93,-1,-1,-1
295,2,398.00,253.00,279.00,129.00,0.89,-1,-1,-1
296,1,597.00,310.00,393.00,207.00,0.93,-1,-1,-1
296,2,398.00,253.00,279.00,129.00,0.89,-1,-1,-1
297,1,597.00,310.00,393.00,207.00,0.93,-1,-1,-1
297,2,398.00,253.00,279.00,129.00,0.89,-1,-1,-1
298,1,597.00,310.00,393.00,207.00,0.93,-1,-1,-1
298,2,398.00,253.00,279.00,129.00,0.89,-1,-1,-1
299,1,597.00,310.00,393.00,207.00,0.93,-1,-1,-1
299,2,398.00,253.00,279.00,129.00,0.89,-1,-1,-1
300,1,597.00,310.00,393.00,207.00,0.93,-1,-1,-1
300,2,398.00,253.00,279.00,129.00,0.89,-1,-1,-1
301,1,597.00,310.00,393.00,207.00,0.93,-1,-1,-1
301,2,398.00,253.00,279.00,129.00,0.89,-1,-1,-1
302,1,597.00,310.00,393.00,207.00,0.93,-1,-1,-1
302,2,397.00,253.00,280.00,130.00,0.89,-1,-1,-1
303,1,597.00,310.00,393.00,207.00,0.93,-1,-1,-1
303,2,397.00,253.00,280.00,130.00,0.89,-1,-1,-1
304,1,597.00,310.00,393.00,207.00,0.93,-1,-1,-1
304,2,397.00,253.00,280.00,130.00,0.89,-1,-1,-1
305,1,597.00,310.00,393.00,207.00,0.93,-1,-1,-1
305,2,397.00,253.00,280.00,130.00,0.89,-1,-1,-1
306,1,597.00,310.00,393.00,207.00,0.93,-1,-1,-1
306,2,397.00,253.00,280.00,130.00,0.89,-1,-1,-1
307,1,597.00,310.00,393.00,207.00,0.93,-1,-1,-1
307,2,397.00,253.00,280.00,130.00,0.89,-1,-1,-1
308,1,597.00,310.00,393.00,207.00,0.93,-1,-1,-1
308,2,397.00,253.00,280.00,130.00,0.89,-1,-1,-1
309,1,597.00,310.00,393.00,207.00,0.93,-1,-1,-1
309,2,397.00,253.00,280.00,130.00,0.89,-1,-1,-1
310,1,597.00,310.00,393.00,207.00,0.93,-1,-1,-1
310,2,397.00,253.00,280.00,130.00,0.89,-1,-1,-1
311,1,597.00,310.00,393.00,207.00,0.93,-1,-1,-1
311,2,397.00,253.00,280.00,130.00,0.89,-1,-1,-1
312,1,597.00,310.00,393.00,207.00,0.93,-1,-1,-1
312,2,398.00,253.00,279.00,130.00,0.89,-1,-1,-1
313,1,597.00,310.00,393.00,207.00,0.93,-1,-1,-1
313,2,398.00,253.00,279.00,130.00,0.89,-1,-1,-1
314,1,597.00,310.00,393.00,207.00,0.93,-1,-1,-1
314,2,398.00,253.00,279.00,130.00,0.89,-1,-1,-1
315,1,597.00,310.00,393.00,207.00,0.93,-1,-1,-1
315,2,398.00,253.00,279.00,130.00,0.89,-1,-1,-1
316,1,597.00,310.00,393.00,207.00,0.93,-1,-1,-1
316,2,398.00,253.00,279.00,130.00,0.89,-1,-1,-1
317,1,597.00,310.00,393.00,207.00,0.93,-1,-1,-1
317,2,398.00,253.00,279.00,130.00,0.89,-1,-1,-1
318,1,597.00,310.00,393.00,207.00,0.93,-1,-1,-1
318,2,398.00,253.00,279.00,130.00,0.89,-1,-1,-1
319,1,597.00,310.00,393.00,207.00,0.93,-1,-1,-1
319,2,398.00,253.00,279.00,130.00,0.89,-1,-1,-1
320,1,597.00,310.00,393.00,207.00,0.93,-1,-1,-1
320,2,398.00,253.00,279.00,130.00,0.89,-1,-1,-1
321,1,597.00,310.00,393.00,207.00,0.93,-1,-1,-1
321,2,398.00,253.00,279.00,130.00,0.89,-1,-1,-1
322,1,597.00,310.00,393.00,207.00,0.93,-1,-1,-1
322,2,398.00,253.00,279.00,130.00,0.89,-1,-1,-1
323,1,597.00,310.00,393.00,207.00,0.93,-1,-1,-1
323,2,398.00,253.00,279.00,130.00,0.89,-1,-1,-1
324,1,597.00,310.00,393.00,207.00,0.93,-1,-1,-1
324,2,398.00,253.00,279.00,130.00,0.89,-1,-1,-1
325,1,597.00,310.00,393.00,207.00,0.93,-1,-1,-1
325,2,398.00,253.00,279.00,130.00,0.89,-1,-1,-1
326,1,597.00,310.00,393.00,207.00,0.93,-1,-1,-1
326,2,398.00,253.00,278.00,130.00,0.89,-1,-1,-1
327,1,597.00,310.00,393.00,207.00,0.93,-1,-1,-1
327,2,398.00,253.00,278.00,130.00,0.89,-1,-1,-1
328,1,597.00,310.00,393.00,207.00,0.93,-1,-1,-1
328,2,398.00,253.00,278.00,130.00,0.89,-1,-1,-1
329,1,597.00,310.00,393.00,207.00,0.93,-1,-1,-1
329,2,398.00,253.00,278.00,130.00,0.89,-1,-1,-1
330,1,597.00,310.00,393.00,207.00,0.93,-1,-1,-1
330,2,398.00,253.00,278.00,130.00,0.89,-1,-1,-1
331,1,597.00,310.00,393.00,207.00,0.93,-1,-1,-1
331,2,398.00,253.00,278.00,130.00,0.89,-1,-1,-1
332,1,597.00,310.00,393.00,207.00,0.93,-1,-1,-1
332,2,400.00,253.00,275.00,129.00,0.89,-1,-1,-1
333,1,597.00,310.00,393.00,207.00,0.93,-1,-1,-1
333,2,401.00,254.00,273.00,127.00,0.89,-1,-1,-1
334,1,597.00,310.00,394.00,207.00,0.93,-1,-1,-1
334,2,401.00,254.00,274.00,128.00,0.89,-1,-1,-1
335,1,597.00,310.00,394.00,207.00,0.93,-1,-1,-1
335,2,400.00,254.00,275.00,128.00,0.89,-1,-1,-1
336,1,597.00,310.00,394.00,207.00,0.93,-1,-1,-1
336,2,400.00,254.00,275.00,127.00,0.89,-1,-1,-1
337,1,597.00,310.00,393.00,207.00,0.93,-1,-1,-1
337,2,400.00,254.00,275.00,128.00,0.89,-1,-1,-1
338,1,597.00,310.00,393.00,207.00,0.93,-1,-1,-1
338,2,400.00,254.00,275.00,127.00,0.89,-1,-1,-1
339,1,597.00,310.00,393.00,207.00,0.93,-1,-1,-1
339,2,400.00,254.00,275.00,127.00,0.89,-1,-1,-1
340,1,597.00,310.00,393.00,207.00,0.93,-1,-1,-1
340,2,400.00,254.00,275.00,127.00,0.89,-1,-1,-1
341,1,597.00,310.00,393.00,207.00,0.93,-1,-1,-1
341,2,400.00,254.00,276.00,127.00,0.89,-1,-1,-1
342,1,597.00,310.00,393.00,207.00,0.93,-1,-1,-1
342,2,400.00,254.00,276.00,127.00,0.89,-1,-1,-1
343,1,597.00,310.00,394.00,207.00,0.93,-1,-1,-1
343,2,400.00,254.00,276.00,127.00,0.89,-1,-1,-1
344,1,597.00,310.00,394.00,207.00,0.93,-1,-1,-1
344,2,399.00,254.00,277.00,128.00,0.89,-1,-1,-1
345,1,597.00,310.00,394.00,207.00,0.93,-1,-1,-1
345,2,399.00,254.00,277.00,127.00,0.89,-1,-1,-1
346,1,597.00,310.00,394.00,207.00,0.93,-1,-1,-1
346,2,400.00,254.00,276.00,127.00,0.89,-1,-1,-1
347,1,597.00,310.00,394.00,207.00,0.93,-1,-1,-1
347,2,400.00,254.00,276.00,127.00,0.89,-1,-1,-1
348,1,597.00,310.00,394.00,207.00,0.93,-1,-1,-1
348,2,399.00,254.00,277.00,128.00,0.89,-1,-1,-1
349,1,597.00,310.00,394.00,207.00,0.93,-1,-1,-1
349,2,399.00,254.00,278.00,128.00,0.89,-1,-1,-1
350,1,597.00,310.00,394.00,207.00,0.93,-1,-1,-1
350,2,399.00,254.00,277.00,127.00,0.89,-1,-1,-1
351,1,597.00,310.00,394.00,207.00,0.93,-1,-1,-1
351,2,399.00,254.00,277.00,127.00,0.89,-1,-1,-1
352,1,597.00,310.00,394.00,207.00,0.93,-1,-1,-1
352,2,399.00,254.00,278.00,128.00,0.89,-1,-1,-1
353,1,597.00,310.00,394.00,207.00,0.93,-1,-1,-1
353,2,399.00,254.00,278.00,128.00,0.89,-1,-1,-1
354,1,597.00,310.00,394.00,207.00,0.93,-1,-1,-1
354,2,399.00,254.00,278.00,128.00,0.89,-1,-1,-1
355,1,597.00,310.00,394.00,207.00,0.93,-1,-1,-1
355,2,399.00,254.00,278.00,128.00,0.89,-1,-1,-1
356,1,597.00,310.00,394.00,207.00,0.93,-1,-1,-1
356,2,399.00,254.00,278.00,128.00,0.89,-1,-1,-1
357,1,597.00,310.00,394.00,207.00,0.93,-1,-1,-1
357,2,399.00,254.00,278.00,128.00,0.89,-1,-1,-1
358,1,597.00,310.00,394.00,207.00,0.93,-1,-1,-1
358,2,399.00,254.00,278.00,128.00,0.89,-1,-1,-1
359,1,597.00,310.00,394.00,207.00,0.93,-1,-1,-1
359,2,399.00,254.00,278.00,128.00,0.89,-1,-1,-1
360,1,597.00,310.00,394.00,207.00,0.93,-1,-1,-1
360,2,399.00,254.00,278.00,128.00,0.89,-1,-1,-1
361,1,596.00,310.00,395.00,207.00,0.93,-1,-1,-1
361,2,399.00,254.00,278.00,128.00,0.89,-1,-1,-1
362,1,596.00,310.00,394.00,207.00,0.93,-1,-1,-1
362,2,398.00,253.00,279.00,129.00,0.89,-1,-1,-1
363,1,596.00,310.00,394.00,207.00,0.93,-1,-1,-1
363,2,398.00,253.00,280.00,129.00,0.89,-1,-1,-1
364,1,596.00,310.00,394.00,207.00,0.93,-1,-1,-1
364,2,398.00,253.00,280.00,129.00,0.89,-1,-1,-1
365,1,596.00,310.00,394.00,207.00,0.93,-1,-1,-1
365,2,398.00,253.00,280.00,129.00,0.89,-1,-1,-1
366,1,596.00,310.00,394.00,207.00,0.93,-1,-1,-1
366,2,398.00,252.00,280.00,130.00,0.89,-1,-1,-1
367,1,596.00,310.00,394.00,207.00,0.93,-1,-1,-1
367,2,398.00,252.00,279.00,130.00,0.89,-1,-1,-1
368,1,596.00,310.00,394.00,207.00,0.93,-1,-1,-1
368,2,398.00,252.00,279.00,130.00,0.89,-1,-1,-1
369,1,596.00,310.00,394.00,207.00,0.93,-1,-1,-1
369,2,398.00,252.00,279.00,130.00,0.89,-1,-1,-1
370,1,596.00,310.00,394.00,207.00,0.93,-1,-1,-1
370,2,398.00,252.00,279.00,130.00,0.89,-1,-1,-1
371,1,596.00,310.00,394.00,207.00,0.93,-1,-1,-1
371,2,398.00,253.00,279.00,129.00,0.89,-1,-1,-1
372,1,596.00,310.00,394.00,207.00,0.93,-1,-1,-1
372,2,398.00,253.00,279.00,129.00,0.89,-1,-1,-1
373,1,596.00,310.00,394.00,207.00,0.93,-1,-1,-1
373,2,398.00,253.00,279.00,129.00,0.89,-1,-1,-1
374,1,596.00,310.00,394.00,207.00,0.93,-1,-1,-1
374,2,398.00,253.00,278.00,129.00,0.89,-1,-1,-1
375,1,596.00,310.00,394.00,207.00,0.93,-1,-1,-1
375,2,398.00,254.00,278.00,128.00,0.89,-1,-1,-1
376,1,596.00,310.00,394.00,207.00,0.93,-1,-1,-1
376,2,398.00,253.00,279.00,129.00,0.89,-1,-1,-1
377,1,596.00,310.00,394.00,207.00,0.93,-1,-1,-1
377,2,398.00,253.00,279.00,129.00,0.89,-1,-1,-1
378,1,596.00,310.00,394.00,207.00,0.93,-1,-1,-1
378,2,398.00,252.00,280.00,130.00,0.89,-1,-1,-1
379,1,596.00,310.00,394.00,207.00,0.93,-1,-1,-1
379,2,398.00,252.00,280.00,130.00,0.90,-1,-1,-1
380,1,596.00,310.00,394.00,207.00,0.93,-1,-1,-1
380,2,398.00,252.00,280.00,130.00,0.89,-1,-1,-1
381,1,596.00,310.00,394.00,207.00,0.93,-1,-1,-1
381,2,398.00,252.00,280.00,130.00,0.89,-1,-1,-1
382,1,596.00,310.00,394.00,207.00,0.93,-1,-1,-1
382,2,398.00,252.00,279.00,130.00,0.90,-1,-1,-1
383,1,596.00,310.00,394.00,207.00,0.93,-1,-1,-1
383,2,399.00,253.00,278.00,129.00,0.90,-1,-1,-1
384,1,596.00,310.00,394.00,207.00,0.93,-1,-1,-1
384,2,399.00,253.00,278.00,129.00,0.90,-1,-1,-1
385,1,596.00,310.00,394.00,207.00,0.93,-1,-1,-1
385,2,398.00,253.00,279.00,130.00,0.90,-1,-1,-1
386,1,596.00,310.00,394.00,207.00,0.93,-1,-1,-1
386,2,398.00,253.00,280.00,130.00,0.90,-1,-1,-1
387,1,596.00,310.00,394.00,207.00,0.93,-1,-1,-1
387,2,398.00,253.00,280.00,130.00,0.90,-1,-1,-1
388,1,596.00,310.00,394.00,207.00,0.93,-1,-1,-1
388,2,398.00,252.00,280.00,130.00,0.89,-1,-1,-1
389,1,596.00,310.00,394.00,207.00,0.93,-1,-1,-1
389,2,398.00,252.00,280.00,131.00,0.90,-1,-1,-1
