2,1,333.00,277.00,423.00,224.00,0.89,-1,-1,-1
2,2,510.00,249.00,288.00,145.00,0.84,-1,-1,-1
3,1,333.00,277.00,423.00,224.00,0.89,-1,-1,-1
3,2,510.00,249.00,288.00,145.00,0.84,-1,-1,-1
4,1,333.00,277.00,423.00,224.00,0.89,-1,-1,-1
4,2,510.00,249.00,287.00,145.00,0.84,-1,-1,-1
5,1,333.00,277.00,423.00,224.00,0.89,-1,-1,-1
5,2,510.00,249.00,287.00,145.00,0.84,-1,-1,-1
6,1,333.00,278.00,422.00,223.00,0.90,-1,-1,-1
6,2,510.00,249.00,287.00,145.00,0.84,-1,-1,-1
7,1,334.00,278.00,421.00,222.00,0.90,-1,-1,-1
7,2,509.00,249.00,288.00,145.00,0.84,-1,-1,-1
8,1,334.00,278.00,421.00,222.00,0.90,-1,-1,-1
8,2,509.00,249.00,288.00,145.00,0.84,-1,-1,-1
9,1,334.00,278.00,421.00,222.00,0.90,-1,-1,-1
9,2,509.00,249.00,288.00,145.00,0.84,-1,-1,-1
10,1,334.00,278.00,421.00,222.00,0.90,-1,-1,-1
10,2,509.00,249.00,288.00,145.00,0.84,-1,-1,-1
11,1,334.00,278.00,420.00,222.00,0.90,-1,-1,-1
11,2,509.00,249.00,288.00,145.00,0.84,-1,-1,-1
12,1,334.00,278.00,420.00,221.00,0.90,-1,-1,-1
12,2,509.00,249.00,288.00,145.00,0.84,-1,-1,-1
13,1,335.00,278.00,419.00,221.00,0.90,-1,-1,-1
13,2,509.00,249.00,288.00,145.00,0.84,-1,-1,-1
14,1,335.00,279.00,419.00,220.00,0.90,-1,-1,-1
14,2,509.00,249.00,288.00,145.00,0.84,-1,-1,-1
15,1,335.00,279.00,419.00,220.00,0.90,-1,-1,-1
15,2,508.00,249.00,289.00,145.00,0.84,-1,-1,-1
16,1,335.00,279.00,419.00,220.00,0.90,-1,-1,-1
16,2,508.00,249.00,289.00,145.00,0.84,-1,-1,-1
17,1,335.00,279.00,419.00,220.00,0.90,-1,-1,-1
17,2,508.00,249.00,289.00,145.00,0.83,-1,-1,-1
18,1,335.00,279.00,419.00,220.00,0.90,-1,-1,-1
18,2,508.00,249.00,289.00,145.00,0.83,-1,-1,-1
19,1,335.00,279.00,419.00,220.00,0.90,-1,-1,-1
19,2,508.00,249.00,289.00,145.00,0.83,-1,-1,-1
20,1,335.00,279.00,419.00,220.00,0.90,-1,-1,-1
20,2,508.00,249.00,289.00,145.00,0.83,-1,-1,-1
21,1,334.00,279.00,421.00,220.00,0.90,-1,-1,-1
21,2,507.00,249.00,290.00,145.00,0.84,-1,-1,-1
22,1,334.00,279.00,421.00,220.00,0.90,-1,-1,-1
22,2,507.00,249.00,290.00,145.00,0.83,-1,-1,-1
23,1,334.00,279.00,421.00,220.00,0.90,-1,-1,-1
23,2,507.00,249.00,290.00,145.00,0.84,-1,-1,-1
24,1,334.00,279.00,421.00,220.00,0.90,-1,-1,-1
24,2,507.00,249.00,290.00,146.00,0.83,-1,-1,-1
25,1,334.00,279.00,421.00,220.00,0.90,-1,-1,-1
25,2,507.00,249.00,290.00,146.00,0.83,-1,-1,-1
26,1,334.00,279.00,421.00,220.00,0.90,-1,-1,-1
26,2,507.00,249.00,290.00,146.00,0.83,-1,-1,-1
27,1,334.00,279.00,421.00,220.00,0.90,-1,-1,-1
27,2,507.00,249.00,290.00,145.00,0.83,-1,-1,-1
28,1,334.00,279.00,421.00,220.00,0.90,-1,-1,-1
28,2,507.00,249.00,290.00,145.00,0.83,-1,-1,-1
29,1,334.00,279.00,421.00,220.00,0.90,-1,-1,-1
29,2,507.00,249.00,290.00,145.00,0.83,-1,-1,-1
30,1,333.00,279.00,422.00,220.00,0.90,-1,-1,-1
30,2,507.00,249.00,290.00,145.00,0.83,-1,-1,-1
31,1,333.00,279.00,422.00,220.00,0.90,-1,-1,-1
31,2,507.00,249.00,290.00,145.00,0.83,-1,-1,-1
32,1,335.00,279.00,419.00,218.00,0.90,-1,-1,-1
32,2,508.00,250.00,290.00,146.00,0.83,-1,-1,-1
33,1,336.00,279.00,417.00,217.00,0.90,-1,-1,-1
33,2,508.00,250.00,291.00,146.00,0.83,-1,-1,-1
34,1,336.00,279.00,417.00,217.00,0.90,-1,-1,-1
34,2,508.00,250.00,291.00,146.00,0.83,-1,-1,-1
35,1,335.00,279.00,419.00,218.00,0.90,-1,-1,-1
35,2,508.00,251.00,291.00,145.00,0.83,-1,-1,-1
36,1,335.00,279.00,419.00,218.00,0.90,-1,-1,-1
36,2,508.00,251.00,291.00,145.00,0.83,-1,-1,-1
37,1,335.00,279.00,419.00,218.00,0.90,-1,-1,-1
37,2,508.00,251.00,290.00,145.00,0.83,-1,-1,-1
38,1,335.00,279.00,419.00,218.00,0.90,-1,-1,-1
38,2,508.00,251.00,290.00,145.00,0.83,-1,-1,-1
39,1,334.00,279.00,420.00,218.00,0.90,-1,-1,-1
39,2,508.00,251.00,290.00,145.00,0.83,-1,-1,-1
40,1,334.00,279.00,420.00,218.00,0.90,-1,-1,-1
40,2,509.00,251.00,289.00,145.00,0.83,-1,-1,-1
41,1,334.00,279.00,420.00,218.00,0.90,-1,-1,-1
41,2,509.00,251.00,289.00,145.00,0.83,-1,-1,-1
42,1,334.00,279.00,420.00,218.00,0.90,-1,-1,-1
42,2,509.00,251.00,289.00,145.00,0.83,-1,-1,-1
43,1,334.00,279.00,421.00,218.00,0.90,-1,-1,-1
43,2,509.00,251.00,289.00,145.00,0.84,-1,-1,-1
44,1,334.00,279.00,421.00,218.00,0.90,-1,-1,-1
44,2,509.00,251.00,289.00,145.00,0.84,-1,-1,-1
45,1,334.00,279.00,421.00,218.00,0.90,-1,-1,-1
45,2,509.00,250.00,289.00,146.00,0.84,-1,-1,-1
46,1,333.00,279.00,422.00,218.00,0.90,-1,-1,-1
46,2,509.00,250.00,289.00,145.00,0.84,-1,-1,-1
47,1,333.00,279.00,423.00,218.00,0.90,-1,-1,-1
47,2,509.00,250.00,289.00,145.00,0.84,-1,-1,-1
48,1,333.00,279.00,423.00,218.00,0.90,-1,-1,-1
48,2,509.00,251.00,289.00,144.00,0.84,-1,-1,-1
49,1,333.00,279.00,423.00,218.00,0.90,-1,-1,-1
49,2,510.00,251.00,287.00,144.00,0.85,-1,-1,-1
50,1,333.00,279.00,423.00,218.00,0.90,-1,-1,-1
50,2,510.00,251.00,288.00,144.00,0.84,-1,-1,-1
51,1,333.00,279.00,423.00,218.00,0.90,-1,-1,-1
51,2,510.00,251.00,288.00,144.00,0.85,-1,-1,-1
52,1,333.00,279.00,423.00,218.00,0.90,-1,-1,-1
52,2,510.00,250.00,289.00,145.00,0.84,-1,-1,-1
53,1,333.00,279.00,423.00,218.00,0.90,-1,-1,-1
53,2,511.00,249.00,288.00,146.00,0.84,-1,-1,-1
54,1,333.00,279.00,423.00,218.00,0.90,-1,-1,-1
54,2,512.00,250.00,287.00,145.00,0.84,-1,-1,-1
55,1,333.00,280.00,422.00,217.00,0.90,-1,-1,-1
55,2,512.00,251.00,287.00,144.00,0.85,-1,-1,-1
56,1,333.00,279.00,423.00,218.00,0.89,-1,-1,-1
56,2,512.00,251.00,286.00,144.00,0.85,-1,-1,-1
57,1,333.00,279.00,423.00,218.00,0.89,-1,-1,-1
57,2,512.00,251.00,286.00,144.00,0.85,-1,-1,-1
58,1,333.00,279.00,423.00,218.00,0.89,-1,-1,-1
58,2,512.00,251.00,286.00,144.00,0.84,-1,-1,-1
59,1,333.00,278.00,423.00,219.00,0.89,-1,-1,-1
59,2,512.00,250.00,286.00,145.00,0.84,-1,-1,-1
60,1,332.00,278.00,424.00,219.00,0.89,-1,-1,-1
60,2,511.00,250.00,287.00,145.00,0.84,-1,-1,-1
61,1,333.00,279.00,423.00,218.00,0.89,-1,-1,-1
61,2,511.00,251.00,287.00,144.00,0.84,-1,-1,-1
62,1,332.00,279.00,424.00,218.00,0.89,-1,-1,-1
62,2,507.00,249.00,294.00,149.00,0.83,-1,-1,-1
63,1,332.00,279.00,424.00,219.00,0.89,-1,-1,-1
63,2,506.00,249.00,295.00,150.00,0.83,-1,-1,-1
64,1,332.00,279.00,424.00,219.00,0.89,-1,-1,-1
64,2,506.00,249.00,294.00,150.00,0.83,-1,-1,-1
65,1,332.00,279.00,424.00,219.00,0.90,-1,-1,-1
65,2,506.00,249.00,294.00,150.00,0.83,-1,-1,-1
66,1,332.00,278.00,424.00,219.00,0.89,-1,-1,-1
66,2,506.00,249.00,293.00,150.00,0.83,-1,-1,-1
67,1,332.00,278.00,424.00,219.00,0.89,-1,-1,-1
67,2,506.00,249.00,293.00,150.00,0.83,-1,-1,-1
68,1,332.00,278.00,424.00,219.00,0.89,-1,-1,-1
68,2,507.00,249.00,292.00,150.00,0.83,-1,-1,-1
69,1,332.00,278.00,424.00,219.00,0.89,-1,-1,-1
69,2,507.00,249.00,292.00,150.00,0.83,-1,-1,-1
70,1,332.00,278.00,424.00,219.00,0.89,-1,-1,-1
70,2,507.00,249.00,292.00,150.00,0.83,-1,-1,-1
71,1,333.00,278.00,423.00,219.00,0.90,-1,-1,-1
71,2,508.00,249.00,291.00,150.00,0.83,-1,-1,-1
72,1,333.00,278.00,423.00,219.00,0.90,-1,-1,-1
72,2,507.00,248.00,293.00,151.00,0.83,-1,-1,-1
73,1,332.00,278.00,424.00,219.00,0.90,-1,-1,-1
73,2,506.00,247.00,295.00,152.00,0.83,-1,-1,-1
74,1,332.00,278.00,424.00,219.00,0.90,-1,-1,-1
74,2,505.00,245.00,297.00,154.00,0.83,-1,-1,-1
75,1,332.00,279.00,424.00,219.00,0.90,-1,-1,-1
75,2,506.00,246.00,296.00,153.00,0.83,-1,-1,-1
76,1,332.00,278.00,424.00,220.00,0.90,-1,-1,-1
76,2,508.00,246.00,293.00,153.00,0.83,-1,-1,-1
77,1,332.00,279.00,424.00,219.00,0.90,-1,-1,-1
77,2,510.00,247.00,290.00,152.00,0.83,-1,-1,-1
78,1,332.00,279.00,424.00,219.00,0.90,-1,-1,-1
78,2,512.00,248.00,288.00,151.00,0.83,-1,-1,-1
79,1,333.00,279.00,423.00,219.00,0.89,-1,-1,-1
79,2,512.00,249.00,287.00,150.00,0.83,-1,-1,-1
80,1,332.00,279.00,424.00,219.00,0.89,-1,-1,-1
80,2,511.00,249.00,287.00,150.00,0.83,-1,-1,-1
81,1,332.00,279.00,424.00,219.00,0.89,-1,-1,-1
81,2,510.00,249.00,287.00,150.00,0.83,-1,-1,-1
82,1,332.00,278.00,424.00,220.00,0.89,-1,-1,-1
82,2,510.00,249.00,287.00,150.00,0.83,-1,-1,-1
83,1,332.00,278.00,424.00,220.00,0.89,-1,-1,-1
83,2,510.00,249.00,287.00,150.00,0.83,-1,-1,-1
84,1,332.00,277.00,425.00,220.00,0.89,-1,-1,-1
84,2,509.00,249.00,288.00,150.00,0.82,-1,-1,-1
85,1,332.00,277.00,425.00,220.00,0.89,-1,-1,-1
85,2,510.00,249.00,287.00,150.00,0.82,-1,-1,-1
86,1,332.00,277.00,424.00,220.00,0.89,-1,-1,-1
86,2,510.00,249.00,287.00,150.00,0.82,-1,-1,-1
87,1,332.00,278.00,424.00,219.00,0.89,-1,-1,-1
87,2,510.00,249.00,287.00,150.00,0.82,-1,-1,-1
88,1,332.00,278.00,424.00,220.00,0.89,-1,-1,-1
88,2,510.00,249.00,287.00,150.00,0.82,-1,-1,-1
89,1,332.00,278.00,424.00,219.00,0.89,-1,-1,-1
89,2,510.00,249.00,287.00,150.00,0.82,-1,-1,-1
90,1,333.00,278.00,423.00,219.00,0.89,-1,-1,-1
90,2,509.00,249.00,288.00,150.00,0.82,-1,-1,-1
91,1,332.00,278.00,424.00,219.00,0.89,-1,-1,-1
91,2,510.00,249.00,287.00,149.00,0.82,-1,-1,-1
92,1,329.00,278.00,430.00,223.00,0.89,-1,-1,-1
92,2,512.00,249.00,284.00,148.00,0.81,-1,-1,-1
93,1,329.00,278.00,430.00,224.00,0.89,-1,-1,-1
93,2,514.00,250.00,283.00,147.00,0.82,-1,-1,-1
94,1,329.00,278.00,430.00,224.00,0.89,-1,-1,-1
94,2,515.00,250.00,282.00,147.00,0.82,-1,-1,-1
95,1,329.00,278.00,430.00,224.00,0.89,-1,-1,-1
95,2,514.00,250.00,283.00,147.00,0.82,-1,-1,-1
96,1,330.00,278.00,429.00,224.00,0.89,-1,-1,-1
96,2,514.00,250.00,283.00,147.00,0.82,-1,-1,-1
97,1,330.00,278.00,428.00,223.00,0.89,-1,-1,-1
97,2,515.00,250.00,282.00,146.00,0.82,-1,-1,-1
98,1,331.00,278.00,427.00,223.00,0.89,-1,-1,-1
98,2,515.00,250.00,283.00,146.00,0.82,-1,-1,-1
99,1,331.00,278.00,426.00,223.00,0.89,-1,-1,-1
99,2,515.00,250.00,283.00,146.00,0.83,-1,-1,-1
100,1,331.00,278.00,426.00,223.00,0.89,-1,-1,-1
100,2,515.00,250.00,284.00,147.00,0.83,-1,-1,-1
101,1,332.00,279.00,425.00,222.00,0.89,-1,-1,-1
101,2,516.00,250.00,283.00,147.00,0.82,-1,-1,-1
102,1,332.00,279.00,425.00,222.00,0.89,-1,-1,-1
102,2,516.00,250.00,283.00,147.00,0.82,-1,-1,-1
103,1,332.00,279.00,425.00,222.00,0.89,-1,-1,-1
103,2,516.00,250.00,284.00,147.00,0.82,-1,-1,-1
104,1,331.00,279.00,426.00,222.00,0.89,-1,-1,-1
104,2,516.00,250.00,284.00,147.00,0.82,-1,-1,-1
105,1,332.00,279.00,425.00,222.00,0.89,-1,-1,-1
105,2,516.00,250.00,284.00,147.00,0.82,-1,-1,-1
106,1,331.00,279.00,426.00,222.00,0.89,-1,-1,-1
106,2,516.00,250.00,284.00,148.00,0.83,-1,-1,-1
107,1,331.00,279.00,426.00,222.00,0.89,-1,-1,-1
107,2,516.00,250.00,284.00,148.00,0.83,-1,-1,-1
108,1,331.00,279.00,426.00,222.00,0.89,-1,-1,-1
108,2,516.00,250.00,284.00,148.00,0.83,-1,-1,-1
109,1,332.00,279.00,425.00,222.00,0.89,-1,-1,-1
109,2,515.00,250.00,284.00,148.00,0.83,-1,-1,-1
110,1,332.00,279.00,425.00,222.00,0.89,-1,-1,-1
110,2,515.00,250.00,284.00,148.00,0.83,-1,-1,-1
111,1,332.00,279.00,424.00,222.00,0.89,-1,-1,-1
111,2,515.00,251.00,284.00,147.00,0.83,-1,-1,-1
112,1,332.00,279.00,424.00,222.00,0.89,-1,-1,-1
112,2,515.00,251.00,283.00,147.00,0.82,-1,-1,-1
113,1,332.00,279.00,424.00,222.00,0.89,-1,-1,-1
113,2,515.00,251.00,283.00,146.00,0.83,-1,-1,-1
114,1,332.00,279.00,424.00,222.00,0.89,-1,-1,-1
114,2,515.00,251.00,283.00,146.00,0.82,-1,-1,-1
115,1,332.00,279.00,424.00,222.00,0.89,-1,-1,-1
115,2,514.00,250.00,285.00,148.00,0.82,-1,-1,-1
116,1,332.00,279.00,425.00,222.00,0.89,-1,-1,-1
116,2,513.00,250.00,286.00,149.00,0.83,-1,-1,-1
117,1,332.00,279.00,425.00,222.00,0.89,-1,-1,-1
117,2,513.00,250.00,286.00,149.00,0.82,-1,-1,-1
118,1,332.00,279.00,424.00,222.00,0.89,-1,-1,-1
118,2,513.00,251.00,286.00,148.00,0.83,-1,-1,-1
119,1,332.00,279.00,424.00,222.00,0.89,-1,-1,-1
119,2,513.00,250.00,286.00,149.00,0.83,-1,-1,-1
120,1,332.00,279.00,424.00,222.00,0.89,-1,-1,-1
120,2,512.00,249.00,288.00,150.00,0.83,-1,-1,-1
121,1,332.00,279.00,424.00,222.00,0.89,-1,-1,-1
121,2,513.00,249.00,288.00,150.00,0.83,-1,-1,-1
122,1,334.00,278.00,421.00,220.00,0.90,-1,-1,-1
122,2,514.00,249.00,285.00,148.00,0.84,-1,-1,-1
123,1,334.00,277.00,420.00,220.00,0.89,-1,-1,-1
123,2,514.00,249.00,284.00,148.00,0.84,-1,-1,-1
124,1,334.00,278.00,420.00,219.00,0.90,-1,-1,-1
124,2,514.00,249.00,284.00,148.00,0.84,-1,-1,-1
125,1,334.00,278.00,420.00,218.00,0.90,-1,-1,-1
125,2,514.00,249.00,283.00,148.00,0.84,-1,-1,-1
126,1,334.00,278.00,420.00,218.00,0.90,-1,-1,-1
126,2,514.00,249.00,283.00,148.00,0.84,-1,-1,-1
127,1,334.00,277.00,420.00,219.00,0.90,-1,-1,-1
127,2,514.00,249.00,283.00,147.00,0.84,-1,-1,-1
128,1,334.00,278.00,421.00,219.00,0.90,-1,-1,-1
128,2,513.00,249.00,284.00,147.00,0.84,-1,-1,-1
129,1,333.00,277.00,422.00,220.00,0.90,-1,-1,-1
129,2,513.00,249.00,284.00,147.00,0.83,-1,-1,-1
130,1,333.00,277.00,422.00,220.00,0.90,-1,-1,-1
130,2,513.00,249.00,285.00,148.00,0.83,-1,-1,-1
131,1,333.00,277.00,422.00,220.00,0.89,-1,-1,-1
131,2,513.00,249.00,285.00,148.00,0.83,-1,-1,-1
132,1,333.00,277.00,423.00,220.00,0.89,-1,-1,-1
132,2,513.00,250.00,285.00,147.00,0.83,-1,-1,-1
133,1,333.00,277.00,423.00,220.00,0.89,-1,-1,-1
133,2,513.00,250.00,285.00,147.00,0.83,-1,-1,-1
134,1,332.00,277.00,424.00,220.00,0.89,-1,-1,-1
134,2,513.00,249.00,285.00,148.00,0.83,-1,-1,-1
135,1,332.00,277.00,424.00,220.00,0.89,-1,-1,-1
135,2,512.00,249.00,286.00,148.00,0.83,-1,-1,-1
136,1,333.00,278.00,423.00,220.00,0.89,-1,-1,-1
136,2,512.00,249.00,286.00,148.00,0.83,-1,-1,-1
137,1,333.00,278.00,423.00,220.00,0.89,-1,-1,-1
137,2,513.00,249.00,285.00,148.00,0.83,-1,-1,-1
138,1,333.00,278.00,423.00,220.00,0.89,-1,-1,-1
138,2,513.00,249.00,285.00,148.00,0.83,-1,-1,-1
139,1,333.00,278.00,423.00,220.00,0.89,-1,-1,-1
139,2,513.00,249.00,285.00,148.00,0.83,-1,-1,-1
140,1,333.00,278.00,423.00,220.00,0.89,-1,-1,-1
140,2,513.00,250.00,285.00,147.00,0.83,-1,-1,-1
141,1,333.00,278.00,423.00,220.00,0.89,-1,-1,-1
141,2,513.00,250.00,285.00,147.00,0.83,-1,-1,-1
142,1,333.00,278.00,423.00,220.00,0.89,-1,-1,-1
142,2,513.00,250.00,285.00,147.00,0.83,-1,-1,-1
143,1,333.00,278.00,423.00,220.00,0.89,-1,-1,-1
143,2,512.00,250.00,286.00,147.00,0.82,-1,-1,-1
144,1,333.00,278.00,423.00,220.00,0.89,-1,-1,-1
144,2,512.00,249.00,287.00,148.00,0.83,-1,-1,-1
145,1,332.00,277.00,424.00,221.00,0.89,-1,-1,-1
145,2,512.00,249.00,287.00,148.00,0.83,-1,-1,-1
146,1,332.00,277.00,424.00,221.00,0.89,-1,-1,-1
146,2,512.00,250.00,287.00,147.00,0.83,-1,-1,-1
147,1,332.00,277.00,424.00,221.00,0.89,-1,-1,-1
147,2,512.00,249.00,287.00,149.00,0.83,-1,-1,-1
148,1,332.00,277.00,425.00,221.00,0.89,-1,-1,-1
148,2,513.00,249.00,286.00,148.00,0.83,-1,-1,-1
149,1,332.00,276.00,425.00,222.00,0.89,-1,-1,-1
149,2,513.00,249.00,286.00,149.00,0.83,-1,-1,-1
150,1,332.00,276.00,425.00,222.00,0.89,-1,-1,-1
150,2,513.00,249.00,286.00,148.00,0.83,-1,-1,-1
151,1,332.00,276.00,425.00,221.00,0.89,-1,-1,-1
151,2,514.00,249.00,286.00,149.00,0.83,-1,-1,-1
152,1,332.00,277.00,425.00,221.00,0.89,-1,-1,-1
152,2,514.00,249.00,285.00,148.00,0.82,-1,-1,-1
153,1,332.00,277.00,425.00,222.00,0.89,-1,-1,-1
153,2,514.00,249.00,284.00,147.00,0.82,-1,-1,-1
154,1,333.00,278.00,423.00,221.00,0.89,-1,-1,-1
154,2,513.00,249.00,283.00,147.00,0.81,-1,-1,-1
155,1,333.00,278.00,423.00,221.00,0.89,-1,-1,-1
155,2,512.00,249.00,284.00,147.00,0.81,-1,-1,-1
156,1,333.00,278.00,423.00,221.00,0.89,-1,-1,-1
156,2,511.00,249.00,285.00,147.00,0.81,-1,-1,-1
157,1,333.00,278.00,423.00,221.00,0.89,-1,-1,-1
157,2,511.00,249.00,285.00,147.00,0.81,-1,-1,-1
158,1,333.00,278.00,423.00,221.00,0.89,-1,-1,-1
158,2,511.00,249.00,286.00,147.00,0.81,-1,-1,-1
159,1,333.00,278.00,423.00,221.00,0.89,-1,-1,-1
159,2,511.00,249.00,286.00,147.00,0.81,-1,-1,-1
160,1,333.00,278.00,423.00,221.00,0.89,-1,-1,-1
160,2,510.00,249.00,287.00,148.00,0.81,-1,-1,-1
161,1,333.00,278.00,423.00,221.00,0.89,-1,-1,-1
161,2,510.00,249.00,287.00,148.00,0.81,-1,-1,-1
162,1,333.00,278.00,423.00,221.00,0.89,-1,-1,-1
162,2,510.00,249.00,287.00,148.00,0.81,-1,-1,-1
163,1,333.00,278.00,423.00,221.00,0.89,-1,-1,-1
163,2,510.00,249.00,287.00,148.00,0.81,-1,-1,-1
164,1,333.00,278.00,423.00,221.00,0.89,-1,-1,-1
164,2,510.00,249.00,287.00,148.00,0.81,-1,-1,-1
165,1,333.00,278.00,423.00,221.00,0.89,-1,-1,-1
165,2,509.00,249.00,288.00,148.00,0.81,-1,-1,-1
166,1,333.00,278.00,423.00,221.00,0.89,-1,-1,-1
166,2,509.00,249.00,288.00,148.00,0.81,-1,-1,-1
167,1,333.00,278.00,423.00,221.00,0.89,-1,-1,-1
167,2,509.00,249.00,288.00,148.00,0.81,-1,-1,-1
168,1,333.00,278.00,422.00,221.00,0.89,-1,-1,-1
168,2,509.00,249.00,288.00,148.00,0.81,-1,-1,-1
169,1,334.00,278.00,421.00,221.00,0.89,-1,-1,-1
169,2,509.00,250.00,288.00,147.00,0.81,-1,-1,-1
170,1,334.00,278.00,421.00,220.00,0.89,-1,-1,-1
170,2,509.00,250.00,289.00,147.00,0.81,-1,-1,-1
171,1,334.00,278.00,421.00,220.00,0.89,-1,-1,-1
171,2,509.00,250.00,289.00,147.00,0.81,-1,-1,-1
172,1,333.00,278.00,423.00,220.00,0.89,-1,-1,-1
172,2,509.00,249.00,289.00,148.00,0.81,-1,-1,-1
173,1,333.00,278.00,423.00,221.00,0.89,-1,-1,-1
173,2,510.00,249.00,288.00,148.00,0.81,-1,-1,-1
174,1,333.00,278.00,423.00,221.00,0.89,-1,-1,-1
174,2,510.00,249.00,288.00,148.00,0.81,-1,-1,-1
175,1,333.00,278.00,423.00,221.00,0.89,-1,-1,-1
175,2,510.00,249.00,288.00,148.00,0.81,-1,-1,-1
176,1,333.00,278.00,423.00,221.00,0.89,-1,-1,-1
176,2,511.00,249.00,287.00,147.00,0.81,-1,-1,-1
177,1,333.00,278.00,423.00,221.00,0.89,-1,-1,-1
177,2,510.00,249.00,288.00,147.00,0.81,-1,-1,-1
178,1,333.00,278.00,423.00,221.00,0.89,-1,-1,-1
178,2,510.00,249.00,288.00,148.00,0.81,-1,-1,-1
179,1,333.00,278.00,423.00,221.00,0.89,-1,-1,-1
179,2,510.00,249.00,288.00,148.00,0.81,-1,-1,-1
180,1,333.00,278.00,423.00,221.00,0.89,-1,-1,-1
180,2,511.00,249.00,287.00,147.00,0.81,-1,-1,-1
181,1,333.00,278.00,423.00,221.00,0.89,-1,-1,-1
181,2,511.00,249.00,287.00,147.00,0.81,-1,-1,-1
182,1,332.00,278.00,424.00,221.00,0.89,-1,-1,-1
182,2,510.00,249.00,290.00,149.00,0.82,-1,-1,-1
183,1,332.00,278.00,424.00,221.00,0.89,-1,-1,-1
183,2,510.00,249.00,290.00,149.00,0.81,-1,-1,-1
184,1,332.00,277.00,424.00,222.00,0.89,-1,-1,-1
184,2,510.00,249.00,290.00,150.00,0.81,-1,-1,-1
185,1,332.00,277.00,424.00,222.00,0.89,-1,-1,-1
185,2,511.00,249.00,289.00,150.00,0.82,-1,-1,-1
186,1,332.00,277.00,424.00,222.00,0.89,-1,-1,-1
186,2,511.00,249.00,289.00,150.00,0.82,-1,-1,-1
187,1,332.00,277.00,424.00,222.00,0.89,-1,-1,-1
187,2,512.00,250.00,288.00,149.00,0.82,-1,-1,-1
188,1,332.00,277.00,424.00,222.00,0.89,-1,-1,-1
188,2,512.00,249.00,288.00,150.00,0.82,-1,-1,-1
189,1,333.00,278.00,423.00,221.00,0.89,-1,-1,-1
189,2,513.00,249.00,288.00,150.00,0.83,-1,-1,-1
190,1,333.00,278.00,423.00,221.00,0.89,-1,-1,-1
190,2,514.00,249.00,287.00,150.00,0.82,-1,-1,-1
191,1,333.00,278.00,423.00,221.00,0.89,-1,-1,-1
191,2,514.00,250.00,287.00,149.00,0.82,-1,-1,-1
192,1,333.00,278.00,422.00,221.00,0.89,-1,-1,-1
192,2,514.00,250.00,286.00,149.00,0.83,-1,-1,-1
193,1,334.00,278.00,421.00,221.00,0.89,-1,-1,-1
193,2,513.00,249.00,287.00,150.00,0.82,-1,-1,-1
194,1,333.00,278.00,423.00,221.00,0.89,-1,-1,-1
194,2,513.00,249.00,286.00,150.00,0.82,-1,-1,-1
195,1,333.00,279.00,423.00,220.00,0.89,-1,-1,-1
195,2,513.00,250.00,286.00,149.00,0.82,-1,-1,-1
196,1,333.00,279.00,423.00,220.00,0.89,-1,-1,-1
196,2,513.00,249.00,285.00,150.00,0.82,-1,-1,-1
197,1,333.00,279.00,423.00,220.00,0.89,-1,-1,-1
197,2,513.00,249.00,285.00,150.00,0.81,-1,-1,-1
198,1,333.00,279.00,423.00,220.00,0.89,-1,-1,-1
198,2,513.00,249.00,285.00,150.00,0.81,-1,-1,-1
199,1,333.00,279.00,423.00,220.00,0.89,-1,-1,-1
199,2,512.00,249.00,286.00,150.00,0.81,-1,-1,-1
200,1,333.00,279.00,423.00,220.00,0.89,-1,-1,-1
200,2,511.00,249.00,287.00,150.00,0.81,-1,-1,-1
201,1,333.00,279.00,423.00,220.00,0.89,-1,-1,-1
201,2,512.00,249.00,286.00,150.00,0.81,-1,-1,-1
202,1,333.00,279.00,423.00,220.00,0.89,-1,-1,-1
202,2,512.00,249.00,286.00,150.00,0.81,-1,-1,-1
203,1,333.00,279.00,423.00,220.00,0.89,-1,-1,-1
203,2,513.00,249.00,285.00,150.00,0.81,-1,-1,-1
204,1,333.00,279.00,423.00,220.00,0.89,-1,-1,-1
204,2,512.00,249.00,286.00,150.00,0.81,-1,-1,-1
205,1,333.00,278.00,423.00,221.00,0.89,-1,-1,-1
205,2,512.00,249.00,286.00,150.00,0.81,-1,-1,-1
206,1,333.00,279.00,423.00,220.00,0.89,-1,-1,-1
206,2,513.00,249.00,285.00,150.00,0.81,-1,-1,-1
207,1,333.00,278.00,423.00,221.00,0.89,-1,-1,-1
207,2,513.00,249.00,285.00,150.00,0.81,-1,-1,-1
208,1,333.00,278.00,423.00,221.00,0.89,-1,-1,-1
208,2,513.00,249.00,285.00,150.00,0.81,-1,-1,-1
209,1,333.00,278.00,423.00,221.00,0.89,-1,-1,-1
209,2,513.00,249.00,285.00,149.00,0.81,-1,-1,-1
210,1,333.00,278.00,423.00,221.00,0.89,-1,-1,-1
210,2,513.00,249.00,285.00,149.00,0.81,-1,-1,-1
211,1,333.00,278.00,423.00,221.00,0.89,-1,-1,-1
211,2,513.00,249.00,285.00,149.00,0.81,-1,-1,-1
212,1,332.00,277.00,424.00,221.00,0.89,-1,-1,-1
212,2,514.00,249.00,284.00,148.00,0.84,-1,-1,-1
213,1,332.00,277.00,424.00,221.00,0.89,-1,-1,-1
213,2,515.00,249.00,282.00,148.00,0.84,-1,-1,-1
214,1,332.00,277.00,424.00,221.00,0.89,-1,-1,-1
214,2,515.00,249.00,282.00,148.00,0.84,-1,-1,-1
215,1,332.00,277.00,424.00,221.00,0.89,-1,-1,-1
215,2,515.00,249.00,282.00,148.00,0.84,-1,-1,-1
216,1,332.00,277.00,424.00,221.00,0.89,-1,-1,-1
216,2,514.00,249.00,283.00,148.00,0.84,-1,-1,-1
217,1,332.00,277.00,424.00,221.00,0.89,-1,-1,-1
217,2,514.00,249.00,283.00,148.00,0.84,-1,-1,-1
218,1,333.00,277.00,423.00,221.00,0.89,-1,-1,-1
218,2,514.00,249.00,283.00,148.00,0.84,-1,-1,-1
219,1,333.00,277.00,423.00,221.00,0.89,-1,-1,-1
219,2,514.00,249.00,284.00,148.00,0.84,-1,-1,-1
220,1,333.00,277.00,423.00,221.00,0.89,-1,-1,-1
220,2,514.00,249.00,284.00,148.00,0.84,-1,-1,-1
221,1,332.00,277.00,424.00,221.00,0.89,-1,-1,-1
221,2,514.00,249.00,284.00,148.00,0.84,-1,-1,-1
222,1,332.00,277.00,424.00,221.00,0.89,-1,-1,-1
222,2,514.00,249.00,285.00,148.00,0.84,-1,-1,-1
223,1,333.00,277.00,423.00,221.00,0.89,-1,-1,-1
223,2,514.00,249.00,284.00,148.00,0.84,-1,-1,-1
224,1,333.00,277.00,423.00,221.00,0.89,-1,-1,-1
224,2,514.00,249.00,284.00,148.00,0.84,-1,-1,-1
225,1,333.00,277.00,422.00,221.00,0.89,-1,-1,-1
225,2,514.00,249.00,284.00,148.00,0.84,-1,-1,-1
226,1,333.00,278.00,422.00,220.00,0.89,-1,-1,-1
226,2,514.00,249.00,284.00,148.00,0.84,-1,-1,-1
227,1,333.00,277.00,423.00,221.00,0.89,-1,-1,-1
227,2,514.00,249.00,284.00,148.00,0.84,-1,-1,-1
228,1,333.00,277.00,423.00,221.00,0.89,-1,-1,-1
228,2,514.00,249.00,284.00,148.00,0.84,-1,-1,-1
229,1,333.00,277.00,423.00,221.00,0.89,-1,-1,-1
229,2,514.00,249.00,284.00,148.00,0.84,-1,-1,-1
230,1,333.00,277.00,423.00,221.00,0.89,-1,-1,-1
230,2,514.00,249.00,284.00,148.00,0.84,-1,-1,-1
231,1,333.00,277.00,423.00,221.00,0.89,-1,-1,-1
231,2,514.00,249.00,284.00,148.00,0.84,-1,-1,-1
232,1,333.00,277.00,423.00,221.00,0.89,-1,-1,-1
232,2,514.00,249.00,284.00,148.00,0.84,-1,-1,-1
233,1,333.00,277.00,423.00,221.00,0.89,-1,-1,-1
233,2,515.00,249.00,284.00,148.00,0.84,-1,-1,-1
234,1,333.00,277.00,423.00,221.00,0.89,-1,-1,-1
234,2,514.00,249.00,285.00,148.00,0.84,-1,-1,-1
235,1,333.00,277.00,423.00,221.00,0.89,-1,-1,-1
235,2,514.00,249.00,284.00,148.00,0.84,-1,-1,-1
236,1,333.00,277.00,423.00,221.00,0.89,-1,-1,-1
236,2,514.00,249.00,284.00,149.00,0.84,-1,-1,-1
237,1,333.00,277.00,423.00,221.00,0.89,-1,-1,-1
237,2,514.00,249.00,284.00,149.00,0.84,-1,-1,-1
238,1,333.00,277.00,423.00,221.00,0.89,-1,-1,-1
238,2,514.00,249.00,284.00,149.00,0.84,-1,-1,-1
239,1,333.00,277.00,423.00,221.00,0.89,-1,-1,-1
239,2,514.00,249.00,284.00,149.00,0.84,-1,-1,-1
240,1,333.00,277.00,423.00,221.00,0.89,-1,-1,-1
240,2,514.00,249.00,284.00,149.00,0.84,-1,-1,-1
241,1,333.00,277.00,423.00,221.00,0.89,-1,-1,-1
241,2,514.00,249.00,284.00,149.00,0.84,-1,-1,-1
242,1,333.00,277.00,422.00,221.00,0.89,-1,-1,-1
242,2,515.00,250.00,282.00,147.00,0.84,-1,-1,-1
243,1,333.00,277.00,422.00,221.00,0.89,-1,-1,-1
243,2,515.00,250.00,282.00,146.00,0.83,-1,-1,-1
244,1,333.00,278.00,422.00,220.00,0.89,-1,-1,-1
244,2,515.00,250.00,281.00,146.00,0.83,-1,-1,-1
245,1,334.00,278.00,421.00,220.00,0.89,-1,-1,-1
245,2,515.00,250.00,281.00,146.00,0.83,-1,-1,-1
246,1,334.00,278.00,421.00,220.00,0.89,-1,-1,-1
246,2,515.00,250.00,281.00,146.00,0.83,-1,-1,-1
247,1,334.00,278.00,421.00,219.00,0.89,-1,-1,-1
247,2,514.00,250.00,282.00,146.00,0.83,-1,-1,-1
248,1,334.00,278.00,421.00,219.00,0.89,-1,-1,-1
248,2,514.00,250.00,282.00,146.00,0.83,-1,-1,-1
249,1,334.00,278.00,421.00,219.00,0.89,-1,-1,-1
249,2,514.00,250.00,282.00,146.00,0.83,-1,-1,-1
250,1,334.00,279.00,421.00,218.00,0.89,-1,-1,-1
250,2,514.00,250.00,282.00,146.00,0.83,-1,-1,-1
251,1,334.00,279.00,421.00,218.00,0.89,-1,-1,-1
251,2,513.00,250.00,283.00,146.00,0.82,-1,-1,-1
252,1,333.00,279.00,422.00,218.00,0.89,-1,-1,-1
252,2,513.00,250.00,284.00,146.00,0.83,-1,-1,-1
253,1,333.00,279.00,422.00,218.00,0.89,-1,-1,-1
253,2,513.00,250.00,284.00,146.00,0.82,-1,-1,-1
254,1,334.00,279.00,421.00,218.00,0.89,-1,-1,-1
254,2,513.00,250.00,283.00,146.00,0.82,-1,-1,-1
255,1,333.00,279.00,422.00,218.00,0.89,-1,-1,-1
255,2,513.00,250.00,284.00,146.00,0.82,-1,-1,-1
256,1,333.00,279.00,422.00,218.00,0.89,-1,-1,-1
256,2,512.00,250.00,285.00,146.00,0.82,-1,-1,-1
257,1,333.00,279.00,422.00,218.00,0.89,-1,-1,-1
257,2,512.00,250.00,285.00,146.00,0.82,-1,-1,-1
258,1,333.00,278.00,423.00,219.00,0.89,-1,-1,-1
258,2,512.00,250.00,285.00,146.00,0.83,-1,-1,-1
259,1,333.00,278.00,423.00,220.00,0.89,-1,-1,-1
259,2,513.00,250.00,285.00,146.00,0.83,-1,-1,-1
260,1,333.00,278.00,423.00,220.00,0.89,-1,-1,-1
260,2,513.00,250.00,285.00,146.00,0.83,-1,-1,-1
261,1,332.00,278.00,424.00,220.00,0.89,-1,-1,-1
261,2,513.00,250.00,285.00,146.00,0.83,-1,-1,-1
262,1,332.00,278.00,424.00,220.00,0.89,-1,-1,-1
262,2,513.00,250.00,285.00,146.00,0.83,-1,-1,-1
263,1,333.00,278.00,423.00,219.00,0.89,-1,-1,-1
263,2,513.00,250.00,285.00,146.00,0.82,-1,-1,-1
264,1,332.00,278.00,424.00,219.00,0.89,-1,-1,-1
264,2,513.00,250.00,285.00,146.00,0.83,-1,-1,-1
265,1,333.00,278.00,423.00,219.00,0.89,-1,-1,-1
265,2,512.00,250.00,286.00,147.00,0.83,-1,-1,-1
266,1,333.00,278.00,423.00,219.00,0.89,-1,-1,-1
266,2,512.00,250.00,286.00,147.00,0.83,-1,-1,-1
267,1,333.00,278.00,423.00,219.00,0.89,-1,-1,-1
267,2,512.00,250.00,286.00,147.00,0.83,-1,-1,-1
268,1,332.00,278.00,424.00,219.00,0.89,-1,-1,-1
268,2,512.00,250.00,286.00,147.00,0.83,-1,-1,-1
269,1,332.00,278.00,424.00,220.00,0.89,-1,-1,-1
269,2,512.00,250.00,286.00,147.00,0.83,-1,-1,-1
270,1,333.00,278.00,423.00,220.00,0.89,-1,-1,-1
270,2,512.00,250.00,286.00,147.00,0.82,-1,-1,-1
271,1,333.00,278.00,423.00,219.00,0.89,-1,-1,-1
271,2,512.00,250.00,286.00,147.00,0.82,-1,-1,-1
272,1,332.00,278.00,425.00,220.00,0.89,-1,-1,-1
272,2,512.00,250.00,285.00,146.00,0.84,-1,-1,-1
273,1,332.00,278.00,424.00,220.00,0.89,-1,-1,-1
273,2,512.00,250.00,284.00,146.00,0.84,-1,-1,-1
274,1,332.00,278.00,424.00,220.00,0.89,-1,-1,-1
274,2,511.00,250.00,285.00,146.00,0.84,-1,-1,-1
275,1,332.00,278.00,424.00,220.00,0.89,-1,-1,-1
275,2,511.00,250.00,285.00,146.00,0.84,-1,-1,-1
276,1,332.00,278.00,424.00,220.00,0.89,-1,-1,-1
276,2,511.00,250.00,285.00,146.00,0.84,-1,-1,-1
277,1,332.00,278.00,424.00,220.00,0.89,-1,-1,-1
277,2,510.00,250.00,287.00,146.00,0.84,-1,-1,-1
278,1,332.00,278.00,424.00,220.00,0.89,-1,-1,-1
278,2,510.00,250.00,287.00,146.00,0.84,-1,-1,-1
279,1,332.00,278.00,424.00,220.00,0.89,-1,-1,-1
279,2,510.00,250.00,287.00,146.00,0.84,-1,-1,-1
280,1,332.00,278.00,424.00,220.00,0.89,-1,-1,-1
280,2,510.00,250.00,287.00,146.00,0.84,-1,-1,-1
281,1,332.00,278.00,424.00,220.00,0.89,-1,-1,-1
281,2,510.00,250.00,287.00,146.00,0.84,-1,-1,-1
282,1,333.00,278.00,423.00,220.00,0.89,-1,-1,-1
282,2,510.00,250.00,287.00,146.00,0.84,-1,-1,-1
283,1,333.00,278.00,423.00,220.00,0.89,-1,-1,-1
283,2,510.00,250.00,287.00,146.00,0.84,-1,-1,-1
284,1,333.00,278.00,423.00,220.00,0.89,-1,-1,-1
284,2,510.00,250.00,287.00,146.00,0.84,-1,-1,-1
285,1,333.00,278.00,423.00,220.00,0.89,-1,-1,-1
285,2,510.00,250.00,287.00,146.00,0.84,-1,-1,-1
286,1,333.00,278.00,423.00,220.00,0.89,-1,-1,-1
286,2,510.00,250.00,287.00,146.00,0.84,-1,-1,-1
287,1,332.00,278.00,424.00,220.00,0.89,-1,-1,-1
287,2,510.00,250.00,287.00,146.00,0.84,-1,-1,-1
288,1,332.00,278.00,424.00,220.00,0.89,-1,-1,-1
288,2,510.00,250.00,287.00,146.00,0.84,-1,-1,-1
289,1,332.00,278.00,424.00,220.00,0.89,-1,-1,-1
289,2,510.00,250.00,287.00,146.00,0.84,-1,-1,-1
290,1,332.00,278.00,424.00,220.00,0.89,-1,-1,-1
290,2,509.00,250.00,288.00,146.00,0.84,-1,-1,-1
291,1,332.00,278.00,424.00,220.00,0.89,-1,-1,-1
291,2,509.00,250.00,288.00,146.00,0.84,-1,-1,-1
292,1,332.00,278.00,424.00,220.00,0.90,-1,-1,-1
292,2,509.00,250.00,288.00,146.00,0.84,-1,-1,-1
293,1,332.00,278.00,424.00,220.00,0.89,-1,-1,-1
293,2,509.00,250.00,288.00,146.00,0.84,-1,-1,-1
294,1,332.00,278.00,424.00,221.00,0.89,-1,-1,-1
294,2,509.00,250.00,289.00,147.00,0.84,-1,-1,-1
295,1,332.00,278.00,424.00,221.00,0.89,-1,-1,-1
295,2,509.00,250.00,289.00,147.00,0.84,-1,-1,-1
296,1,333.00,279.00,423.00,220.00,0.90,-1,-1,-1
296,2,509.00,250.00,289.00,147.00,0.84,-1,-1,-1
297,1,333.00,279.00,423.00,220.00,0.90,-1,-1,-1
297,2,509.00,250.00,289.00,147.00,0.84,-1,-1,-1
298,1,332.00,278.00,424.00,221.00,0.90,-1,-1,-1
298,2,509.00,250.00,289.00,147.00,0.84,-1,-1,-1
299,1,333.00,279.00,423.00,220.00,0.90,-1,-1,-1
299,2,510.00,250.00,288.00,147.00,0.84,-1,-1,-1
300,1,332.00,278.00,424.00,221.00,0.89,-1,-1,-1
300,2,510.00,250.00,288.00,147.00,0.84,-1,-1,-1
301,1,332.00,278.00,424.00,221.00,0.90,-1,-1,-1
301,2,510.00,250.00,288.00,147.00,0.84,-1,-1,-1
302,1,332.00,278.00,424.00,220.00,0.90,-1,-1,-1
302,2,509.00,250.00,292.00,149.00,0.83,-1,-1,-1
303,1,331.00,277.00,425.00,221.00,0.90,-1,-1,-1
303,2,509.00,250.00,293.00,150.00,0.83,-1,-1,-1
304,1,331.00,277.00,425.00,221.00,0.89,-1,-1,-1
304,2,510.00,250.00,292.00,150.00,0.83,-1,-1,-1
305,1,331.00,277.00,425.00,221.00,0.89,-1,-1,-1
305,2,511.00,250.00,291.00,150.00,0.83,-1,-1,-1
306,1,332.00,277.00,424.00,221.00,0.90,-1,-1,-1
306,2,511.00,250.00,290.00,150.00,0.83,-1,-1,-1
307,1,332.00,277.00,423.00,221.00,0.90,-1,-1,-1
307,2,511.00,250.00,290.00,150.00,0.83,-1,-1,-1
308,1,332.00,277.00,423.00,221.00,0.89,-1,-1,-1
308,2,511.00,250.00,290.00,150.00,0.83,-1,-1,-1
309,1,332.00,277.00,423.00,221.00,0.89,-1,-1,-1
309,2,512.00,250.00,288.00,150.00,0.83,-1,-1,-1
310,1,332.00,277.00,423.00,221.00,0.89,-1,-1,-1
310,2,512.00,250.00,288.00,150.00,0.83,-1,-1,-1
311,1,332.00,277.00,423.00,221.00,0.89,-1,-1,-1
311,2,512.00,250.00,288.00,150.00,0.83,-1,-1,-1
312,1,332.00,277.00,423.00,221.00,0.89,-1,-1,-1
312,2,512.00,250.00,288.00,150.00,0.83,-1,-1,-1
313,1,332.00,277.00,423.00,221.00,0.89,-1,-1,-1
313,2,512.00,250.00,288.00,150.00,0.83,-1,-1,-1
314,1,332.00,277.00,423.00,221.00,0.90,-1,-1,-1
314,2,512.00,250.00,287.00,150.00,0.83,-1,-1,-1
315,1,332.00,278.00,423.00,220.00,0.90,-1,-1,-1
315,2,512.00,250.00,287.00,150.00,0.83,-1,-1,-1
316,1,332.00,278.00,423.00,220.00,0.90,-1,-1,-1
316,2,512.00,250.00,287.00,150.00,0.83,-1,-1,-1
317,1,332.00,278.00,423.00,220.00,0.90,-1,-1,-1
317,2,512.00,250.00,287.00,150.00,0.83,-1,-1,-1
318,1,332.00,277.00,423.00,221.00,0.90,-1,-1,-1
318,2,512.00,250.00,288.00,150.00,0.83,-1,-1,-1
319,1,332.00,277.00,423.00,221.00,0.90,-1,-1,-1
319,2,513.00,250.00,287.00,150.00,0.83,-1,-1,-1
320,1,332.00,277.00,423.00,221.00,0.89,-1,-1,-1
320,2,513.00,250.00,287.00,150.00,0.83,-1,-1,-1
321,1,332.00,278.00,423.00,220.00,0.89,-1,-1,-1
321,2,513.00,250.00,286.00,150.00,0.83,-1,-1,-1
322,1,332.00,278.00,423.00,220.00,0.89,-1,-1,-1
322,2,513.00,250.00,286.00,150.00,0.83,-1,-1,-1
323,1,332.00,277.00,423.00,221.00,0.89,-1,-1,-1
323,2,513.00,250.00,285.00,150.00,0.83,-1,-1,-1
324,1,332.00,277.00,423.00,221.00,0.89,-1,-1,-1
324,2,511.00,250.00,287.00,150.00,0.83,-1,-1,-1
325,1,332.00,277.00,423.00,221.00,0.90,-1,-1,-1
325,2,512.00,250.00,286.00,150.00,0.83,-1,-1,-1
326,1,332.00,277.00,423.00,221.00,0.90,-1,-1,-1
326,2,513.00,250.00,285.00,150.00,0.83,-1,-1,-1
327,1,332.00,278.00,423.00,220.00,0.90,-1,-1,-1
327,2,513.00,250.00,285.00,150.00,0.83,-1,-1,-1
328,1,332.00,277.00,423.00,221.00,0.89,-1,-1,-1
328,2,513.00,250.00,284.00,150.00,0.83,-1,-1,-1
329,1,332.00,278.00,423.00,220.00,0.89,-1,-1,-1
329,2,513.00,250.00,284.00,150.00,0.83,-1,-1,-1
330,1,332.00,278.00,423.00,220.00,0.89,-1,-1,-1
330,2,512.00,250.00,285.00,150.00,0.83,-1,-1,-1
331,1,332.00,278.00,423.00,220.00,0.89,-1,-1,-1
331,2,513.00,250.00,284.00,150.00,0.83,-1,-1,-1
332,1,334.00,278.00,421.00,219.00,0.89,-1,-1,-1
332,2,512.00,250.00,284.00,148.00,0.81,-1,-1,-1
333,1,334.00,278.00,421.00,219.00,0.89,-1,-1,-1
333,2,511.00,250.00,284.00,148.00,0.81,-1,-1,-1
334,1,334.00,278.00,420.00,219.00,0.89,-1,-1,-1
334,2,511.00,250.00,284.00,148.00,0.81,-1,-1,-1
335,1,334.00,278.00,421.00,218.00,0.90,-1,-1,-1
335,2,512.00,250.00,283.00,148.00,0.81,-1,-1,-1
336,1,334.00,278.00,421.00,219.00,0.89,-1,-1,-1
336,2,511.00,250.00,285.00,148.00,0.81,-1,-1,-1
337,1,334.00,278.00,421.00,219.00,0.89,-1,-1,-1
337,2,512.00,250.00,285.00,148.00,0.81,-1,-1,-1
338,1,334.00,278.00,421.00,219.00,0.89,-1,-1,-1
338,2,512.00,250.00,285.00,148.00,0.81,-1,-1,-1
339,1,333.00,277.00,422.00,220.00,0.89,-1,-1,-1
339,2,512.00,250.00,285.00,148.00,0.81,-1,-1,-1
340,1,333.00,277.00,422.00,220.00,0.89,-1,-1,-1
340,2,512.00,250.00,285.00,148.00,0.81,-1,-1,-1
341,1,334.00,278.00,421.00,218.00,0.89,-1,-1,-1
341,2,512.00,250.00,285.00,148.00,0.81,-1,-1,-1
342,1,334.00,278.00,421.00,218.00,0.89,-1,-1,-1
342,2,511.00,250.00,286.00,148.00,0.81,-1,-1,-1
343,1,334.00,278.00,421.00,218.00,0.89,-1,-1,-1
343,2,511.00,250.00,286.00,148.00,0.81,-1,-1,-1
344,1,334.00,278.00,421.00,218.00,0.90,-1,-1,-1
344,2,510.00,250.00,286.00,148.00,0.81,-1,-1,-1
345,1,334.00,278.00,421.00,218.00,0.90,-1,-1,-1
345,2,510.00,250.00,286.00,148.00,0.81,-1,-1,-1
346,1,334.00,278.00,421.00,218.00,0.90,-1,-1,-1
346,2,509.00,250.00,287.00,148.00,0.81,-1,-1,-1
347,1,334.00,278.00,421.00,218.00,0.90,-1,-1,-1
347,2,509.00,250.00,287.00,148.00,0.81,-1,-1,-1
348,1,333.00,278.00,422.00,218.00,0.90,-1,-1,-1
348,2,509.00,250.00,288.00,148.00,0.81,-1,-1,-1
349,1,333.00,278.00,422.00,219.00,0.90,-1,-1,-1
349,2,509.00,250.00,288.00,148.00,0.81,-1,-1,-1
350,1,333.00,278.00,423.00,219.00,0.89,-1,-1,-1
350,2,509.00,250.00,288.00,148.00,0.81,-1,-1,-1
351,1,333.00,278.00,423.00,219.00,0.90,-1,-1,-1
351,2,509.00,250.00,288.00,148.00,0.81,-1,-1,-1
352,1,333.00,278.00,423.00,219.00,0.89,-1,-1,-1
352,2,509.00,250.00,288.00,148.00,0.81,-1,-1,-1
353,1,333.00,278.00,423.00,219.00,0.89,-1,-1,-1
353,2,509.00,250.00,288.00,148.00,0.81,-1,-1,-1
354,1,333.00,278.00,423.00,219.00,0.89,-1,-1,-1
354,2,509.00,250.00,288.00,148.00,0.81,-1,-1,-1
355,1,333.00,278.00,423.00,219.00,0.89,-1,-1,-1
355,2,509.00,250.00,288.00,148.00,0.81,-1,-1,-1
356,1,333.00,278.00,423.00,219.00,0.90,-1,-1,-1
356,2,509.00,250.00,288.00,148.00,0.81,-1,-1,-1
357,1,333.00,278.00,423.00,219.00,0.90,-1,-1,-1
357,2,509.00,250.00,288.00,148.00,0.81,-1,-1,-1
358,1,333.00,278.00,423.00,219.00,0.89,-1,-1,-1
358,2,509.00,250.00,288.00,148.00,0.81,-1,-1,-1
359,1,333.00,278.00,423.00,219.00,0.90,-1,-1,-1
359,2,509.00,250.00,288.00,148.00,0.81,-1,-1,-1
360,1,333.00,278.00,423.00,218.00,0.90,-1,-1,-1
360,2,509.00,250.00,288.00,148.00,0.81,-1,-1,-1
361,1,333.00,278.00,423.00,218.00,0.89,-1,-1,-1
361,2,509.00,250.00,288.00,148.00,0.81,-1,-1,-1
362,1,332.00,277.00,424.00,219.00,0.90,-1,-1,-1
362,2,509.00,250.00,291.00,149.00,0.83,-1,-1,-1
363,1,332.00,277.00,424.00,219.00,0.90,-1,-1,-1
363,2,509.00,250.00,291.00,150.00,0.83,-1,-1,-1
364,1,332.00,276.00,424.00,220.00,0.90,-1,-1,-1
364,2,510.00,251.00,290.00,149.00,0.83,-1,-1,-1
365,1,332.00,276.00,424.00,219.00,0.90,-1,-1,-1
365,2,510.00,251.00,290.00,149.00,0.83,-1,-1,-1
366,1,333.00,276.00,423.00,219.00,0.90,-1,-1,-1
366,2,510.00,251.00,290.00,150.00,0.84,-1,-1,-1
367,1,332.00,276.00,424.00,219.00,0.90,-1,-1,-1
367,2,511.00,251.00,289.00,150.00,0.83,-1,-1,-1
368,1,333.00,276.00,423.00,219.00,0.90,-1,-1,-1
368,2,511.00,250.00,290.00,151.00,0.83,-1,-1,-1
369,1,333.00,276.00,423.00,219.00,0.90,-1,-1,-1
369,2,513.00,251.00,288.00,150.00,0.83,-1,-1,-1
370,1,333.00,276.00,423.00,219.00,0.90,-1,-1,-1
370,2,512.00,251.00,288.00,150.00,0.83,-1,-1,-1
371,1,333.00,276.00,423.00,220.00,0.90,-1,-1,-1
371,2,512.00,251.00,287.00,150.00,0.83,-1,-1,-1
372,1,333.00,276.00,423.00,220.00,0.90,-1,-1,-1
372,2,511.00,251.00,287.00,150.00,0.83,-1,-1,-1
373,1,333.00,276.00,423.00,220.00,0.90,-1,-1,-1
373,2,511.00,251.00,287.00,150.00,0.83,-1,-1,-1
374,1,332.00,276.00,424.00,220.00,0.90,-1,-1,-1
374,2,511.00,251.00,287.00,150.00,0.83,-1,-1,-1
375,1,333.00,276.00,423.00,219.00,0.90,-1,-1,-1
375,2,511.00,251.00,287.00,150.00,0.83,-1,-1,-1
376,1,333.00,276.00,423.00,219.00,0.90,-1,-1,-1
376,2,511.00,251.00,287.00,150.00,0.83,-1,-1,-1
377,1,333.00,276.00,423.00,220.00,0.90,-1,-1,-1
377,2,512.00,251.00,286.00,150.00,0.83,-1,-1,-1
378,1,333.00,276.00,423.00,220.00,0.90,-1,-1,-1
378,2,512.00,251.00,286.00,150.00,0.83,-1,-1,-1
379,1,333.00,276.00,423.00,220.00,0.90,-1,-1,-1
379,2,512.00,251.00,286.00,150.00,0.83,-1,-1,-1
380,1,333.00,276.00,423.00,220.00,0.90,-1,-1,-1
380,2,512.00,251.00,286.00,150.00,0.83,-1,-1,-1
381,1,333.00,276.00,423.00,220.00,0.90,-1,-1,-1
381,2,512.00,251.00,286.00,150.00,0.83,-1,-1,-1
382,1,333.00,276.00,423.00,220.00,0.90,-1,-1,-1
382,2,512.00,251.00,286.00,150.00,0.83,-1,-1,-1
383,1,333.00,277.00,423.00,219.00,0.90,-1,-1,-1
383,2,512.00,251.00,286.00,150.00,0.83,-1,-1,-1
384,1,333.00,277.00,423.00,219.00,0.90,-1,-1,-1
384,2,511.00,251.00,286.00,150.00,0.83,-1,-1,-1
385,1,333.00,277.00,423.00,219.00,0.90,-1,-1,-1
385,2,511.00,251.00,286.00,150.00,0.83,-1,-1,-1
386,1,333.00,277.00,423.00,219.00,0.90,-1,-1,-1
386,2,511.00,251.00,286.00,150.00,0.83,-1,-1,-1
387,1,333.00,277.00,423.00,219.00,0.90,-1,-1,-1
387,2,511.00,251.00,286.00,150.00,0.83,-1,-1,-1
388,1,333.00,277.00,423.00,219.00,0.90,-1,-1,-1
388,2,511.00,251.00,286.00,150.00,0.83,-1,-1,-1
389,1,333.00,277.00,423.00,219.00,0.90,-1,-1,-1
389,2,511.00,251.00,286.00,150.00,0.83,-1,-1,-1
390,1,333.00,277.00,423.00,219.00,0.90,-1,-1,-1
390,2,511.00,251.00,286.00,150.00,0.83,-1,-1,-1
391,1,333.00,277.00,423.00,219.00,0.90,-1,-1,-1
391,2,511.00,251.00,286.00,150.00,0.83,-1,-1,-1
392,1,332.00,277.00,425.00,220.00,0.89,-1,-1,-1
392,2,511.00,251.00,285.00,148.00,0.83,-1,-1,-1
393,1,332.00,277.00,425.00,220.00,0.89,-1,-1,-1
393,2,512.00,250.00,283.00,148.00,0.83,-1,-1,-1
394,1,332.00,277.00,425.00,220.00,0.89,-1,-1,-1
394,2,512.00,250.00,283.00,148.00,0.83,-1,-1,-1
395,1,332.00,277.00,425.00,220.00,0.89,-1,-1,-1
395,2,511.00,250.00,284.00,148.00,0.82,-1,-1,-1
396,1,333.00,278.00,423.00,219.00,0.89,-1,-1,-1
396,2,511.00,250.00,284.00,148.00,0.82,-1,-1,-1
397,1,333.00,278.00,424.00,219.00,0.89,-1,-1,-1
397,2,511.00,251.00,284.00,147.00,0.82,-1,-1,-1
398,1,333.00,278.00,423.00,219.00,0.89,-1,-1,-1
398,2,511.00,251.00,284.00,147.00,0.83,-1,-1,-1
399,1,333.00,278.00,423.00,220.00,0.89,-1,-1,-1
399,2,511.00,251.00,284.00,147.00,0.83,-1,-1,-1
400,1,332.00,278.00,425.00,219.00,0.89,-1,-1,-1
400,2,511.00,251.00,285.00,147.00,0.83,-1,-1,-1
401,1,332.00,277.00,425.00,220.00,0.89,-1,-1,-1
401,2,511.00,251.00,285.00,147.00,0.83,-1,-1,-1
402,1,332.00,277.00,425.00,220.00,0.89,-1,-1,-1
402,2,511.00,251.00,286.00,147.00,0.83,-1,-1,-1
403,1,332.00,277.00,425.00,221.00,0.89,-1,-1,-1
403,2,511.00,251.00,286.00,147.00,0.83,-1,-1,-1
404,1,332.00,277.00,425.00,220.00,0.89,-1,-1,-1
404,2,511.00,251.00,286.00,147.00,0.83,-1,-1,-1
405,1,332.00,277.00,425.00,220.00,0.89,-1,-1,-1
405,2,511.00,251.00,287.00,147.00,0.82,-1,-1,-1
406,1,332.00,277.00,425.00,220.00,0.89,-1,-1,-1
406,2,511.00,251.00,286.00,147.00,0.83,-1,-1,-1
407,1,332.00,277.00,425.00,220.00,0.89,-1,-1,-1
407,2,511.00,251.00,286.00,147.00,0.83,-1,-1,-1
408,1,333.00,277.00,423.00,220.00,0.89,-1,-1,-1
408,2,511.00,251.00,286.00,147.00,0.83,-1,-1,-1
409,1,333.00,277.00,423.00,220.00,0.89,-1,-1,-1
409,2,511.00,251.00,286.00,147.00,0.83,-1,-1,-1
410,1,333.00,277.00,423.00,220.00,0.89,-1,-1,-1
410,2,510.00,251.00,286.00,147.00,0.83,-1,-1,-1
411,1,333.00,277.00,423.00,220.00,0.89,-1,-1,-1
411,2,510.00,251.00,286.00,147.00,0.82,-1,-1,-1
412,1,333.00,278.00,423.00,219.00,0.89,-1,-1,-1
412,2,510.00,251.00,286.00,147.00,0.83,-1,-1,-1
413,1,333.00,278.00,423.00,219.00,0.89,-1,-1,-1
413,2,510.00,251.00,286.00,147.00,0.82,-1,-1,-1
414,1,333.00,277.00,423.00,220.00,0.89,-1,-1,-1
414,2,510.00,251.00,287.00,147.00,0.82,-1,-1,-1
415,1,333.00,277.00,423.00,220.00,0.89,-1,-1,-1
415,2,510.00,251.00,287.00,147.00,0.82,-1,-1,-1
416,1,333.00,277.00,423.00,220.00,0.89,-1,-1,-1
416,2,509.00,251.00,288.00,147.00,0.82,-1,-1,-1
417,1,333.00,277.00,423.00,220.00,0.89,-1,-1,-1
417,2,509.00,251.00,288.00,147.00,0.82,-1,-1,-1
418,1,333.00,277.00,423.00,220.00,0.89,-1,-1,-1
418,2,510.00,251.00,287.00,147.00,0.82,-1,-1,-1
419,1,333.00,277.00,423.00,220.00,0.89,-1,-1,-1
419,2,510.00,251.00,287.00,147.00,0.83,-1,-1,-1
420,1,333.00,277.00,423.00,220.00,0.89,-1,-1,-1
420,2,510.00,251.00,287.00,147.00,0.83,-1,-1,-1
421,1,333.00,277.00,423.00,220.00,0.89,-1,-1,-1
421,2,510.00,251.00,287.00,147.00,0.83,-1,-1,-1
422,1,333.00,278.00,422.00,219.00,0.89,-1,-1,-1
422,2,511.00,251.00,285.00,146.00,0.82,-1,-1,-1
423,1,333.00,278.00,422.00,219.00,0.89,-1,-1,-1
423,2,511.00,251.00,285.00,146.00,0.82,-1,-1,-1
424,1,333.00,278.00,422.00,219.00,0.89,-1,-1,-1
424,2,511.00,251.00,285.00,146.00,0.82,-1,-1,-1
425,1,333.00,278.00,422.00,219.00,0.89,-1,-1,-1
425,2,511.00,251.00,285.00,145.00,0.82,-1,-1,-1
426,1,333.00,278.00,422.00,219.00,0.89,-1,-1,-1
426,2,511.00,251.00,285.00,145.00,0.82,-1,-1,-1
427,1,333.00,278.00,422.00,219.00,0.89,-1,-1,-1
427,2,511.00,251.00,285.00,145.00,0.82,-1,-1,-1
428,1,333.00,278.00,422.00,219.00,0.89,-1,-1,-1
428,2,511.00,251.00,285.00,145.00,0.82,-1,-1,-1
429,1,333.00,278.00,422.00,219.00,0.89,-1,-1,-1
429,2,511.00,251.00,285.00,145.00,0.82,-1,-1,-1
430,1,333.00,278.00,422.00,219.00,0.89,-1,-1,-1
430,2,511.00,251.00,285.00,145.00,0.82,-1,-1,-1
431,1,333.00,278.00,422.00,219.00,0.89,-1,-1,-1
431,2,511.00,251.00,285.00,145.00,0.82,-1,-1,-1
432,1,333.00,278.00,423.00,219.00,0.89,-1,-1,-1
432,2,511.00,252.00,285.00,144.00,0.83,-1,-1,-1
433,1,332.00,278.00,424.00,219.00,0.89,-1,-1,-1
433,2,511.00,252.00,286.00,144.00,0.83,-1,-1,-1
434,1,333.00,278.00,423.00,219.00,0.89,-1,-1,-1
434,2,511.00,252.00,286.00,144.00,0.83,-1,-1,-1
435,1,332.00,278.00,424.00,219.00,0.89,-1,-1,-1
435,2,512.00,251.00,286.00,145.00,0.83,-1,-1,-1
436,1,333.00,278.00,423.00,219.00,0.89,-1,-1,-1
436,2,512.00,251.00,286.00,146.00,0.82,-1,-1,-1
437,1,332.00,278.00,424.00,220.00,0.89,-1,-1,-1
437,2,513.00,251.00,286.00,146.00,0.82,-1,-1,-1
438,1,332.00,278.00,424.00,220.00,0.89,-1,-1,-1
438,2,512.00,250.00,287.00,147.00,0.82,-1,-1,-1
439,1,333.00,278.00,423.00,219.00,0.89,-1,-1,-1
439,2,514.00,251.00,285.00,146.00,0.83,-1,-1,-1
440,1,333.00,278.00,423.00,219.00,0.89,-1,-1,-1
440,2,513.00,251.00,285.00,146.00,0.83,-1,-1,-1
441,1,332.00,278.00,424.00,219.00,0.89,-1,-1,-1
441,2,513.00,251.00,285.00,146.00,0.83,-1,-1,-1
442,1,332.00,277.00,424.00,220.00,0.89,-1,-1,-1
442,2,513.00,251.00,284.00,145.00,0.83,-1,-1,-1
443,1,332.00,277.00,424.00,220.00,0.89,-1,-1,-1
443,2,512.00,251.00,284.00,145.00,0.82,-1,-1,-1
444,1,332.00,277.00,424.00,220.00,0.89,-1,-1,-1
444,2,512.00,251.00,284.00,145.00,0.82,-1,-1,-1
445,1,332.00,277.00,425.00,220.00,0.89,-1,-1,-1
445,2,512.00,251.00,285.00,145.00,0.82,-1,-1,-1
446,1,332.00,277.00,424.00,221.00,0.89,-1,-1,-1
446,2,513.00,251.00,284.00,145.00,0.82,-1,-1,-1
447,1,332.00,277.00,424.00,221.00,0.89,-1,-1,-1
447,2,513.00,251.00,284.00,145.00,0.82,-1,-1,-1
448,1,333.00,277.00,423.00,220.00,0.89,-1,-1,-1
448,2,513.00,251.00,284.00,145.00,0.82,-1,-1,-1
449,1,333.00,278.00,422.00,219.00,0.89,-1,-1,-1
449,2,513.00,251.00,284.00,145.00,0.83,-1,-1,-1
450,1,333.00,278.00,422.00,219.00,0.89,-1,-1,-1
450,2,513.00,251.00,284.00,145.00,0.83,-1,-1,-1
451,1,333.00,278.00,422.00,219.00,0.89,-1,-1,-1
451,2,512.00,251.00,284.00,146.00,0.82,-1,-1,-1
452,1,334.00,278.00,421.00,218.00,0.90,-1,-1,-1
452,2,509.00,251.00,290.00,148.00,0.83,-1,-1,-1
453,1,334.00,278.00,420.00,218.00,0.90,-1,-1,-1
453,2,507.00,251.00,292.00,150.00,0.82,-1,-1,-1
454,1,334.00,278.00,420.00,218.00,0.90,-1,-1,-1
454,2,507.00,251.00,292.00,150.00,0.82,-1,-1,-1
455,1,334.00,278.00,420.00,218.00,0.90,-1,-1,-1
455,2,507.00,251.00,292.00,150.00,0.82,-1,-1,-1
456,1,334.00,278.00,421.00,218.00,0.90,-1,-1,-1
456,2,508.00,251.00,291.00,150.00,0.82,-1,-1,-1
457,1,334.00,278.00,421.00,218.00,0.90,-1,-1,-1
457,2,508.00,251.00,291.00,150.00,0.82,-1,-1,-1
458,1,334.00,278.00,421.00,218.00,0.90,-1,-1,-1
458,2,508.00,251.00,291.00,150.00,0.82,-1,-1,-1
459,1,333.00,278.00,422.00,218.00,0.90,-1,-1,-1
459,2,508.00,251.00,291.00,150.00,0.82,-1,-1,-1
460,1,333.00,278.00,422.00,218.00,0.90,-1,-1,-1
460,2,509.00,251.00,290.00,150.00,0.83,-1,-1,-1
461,1,333.00,278.00,422.00,218.00,0.89,-1,-1,-1
461,2,509.00,251.00,290.00,150.00,0.82,-1,-1,-1
462,1,333.00,278.00,423.00,218.00,0.89,-1,-1,-1
462,2,510.00,251.00,290.00,150.00,0.83,-1,-1,-1
463,1,333.00,277.00,423.00,219.00,0.89,-1,-1,-1
463,2,510.00,251.00,290.00,150.00,0.83,-1,-1,-1
464,1,333.00,277.00,423.00,219.00,0.89,-1,-1,-1
464,2,511.00,251.00,289.00,150.00,0.83,-1,-1,-1
465,1,333.00,277.00,423.00,219.00,0.90,-1,-1,-1
465,2,511.00,251.00,289.00,150.00,0.82,-1,-1,-1
466,1,333.00,277.00,423.00,219.00,0.89,-1,-1,-1
466,2,512.00,250.00,289.00,151.00,0.82,-1,-1,-1
467,1,333.00,277.00,423.00,219.00,0.89,-1,-1,-1
467,2,513.00,251.00,288.00,150.00,0.83,-1,-1,-1
468,1,333.00,277.00,423.00,219.00,0.89,-1,-1,-1
468,2,513.00,251.00,287.00,150.00,0.83,-1,-1,-1
469,1,333.00,277.00,423.00,219.00,0.89,-1,-1,-1
469,2,512.00,251.00,286.00,150.00,0.83,-1,-1,-1
470,1,333.00,277.00,423.00,219.00,0.89,-1,-1,-1
470,2,511.00,251.00,287.00,150.00,0.83,-1,-1,-1
471,1,333.00,277.00,422.00,219.00,0.89,-1,-1,-1
471,2,511.00,251.00,287.00,150.00,0.83,-1,-1,-1
472,1,333.00,277.00,423.00,219.00,0.89,-1,-1,-1
472,2,511.00,251.00,286.00,150.00,0.82,-1,-1,-1
473,1,333.00,277.00,423.00,219.00,0.89,-1,-1,-1
473,2,510.00,251.00,287.00,150.00,0.82,-1,-1,-1
474,1,333.00,278.00,422.00,218.00,0.90,-1,-1,-1
474,2,510.00,251.00,287.00,150.00,0.82,-1,-1,-1
475,1,333.00,278.00,422.00,218.00,0.90,-1,-1,-1
475,2,510.00,251.00,287.00,150.00,0.82,-1,-1,-1
476,1,333.00,278.00,422.00,218.00,0.90,-1,-1,-1
476,2,510.00,251.00,287.00,150.00,0.82,-1,-1,-1
477,1,333.00,278.00,422.00,218.00,0.90,-1,-1,-1
477,2,510.00,251.00,287.00,150.00,0.82,-1,-1,-1
478,1,333.00,278.00,422.00,218.00,0.90,-1,-1,-1
478,2,510.00,251.00,287.00,150.00,0.82,-1,-1,-1
479,1,333.00,278.00,422.00,218.00,0.90,-1,-1,-1
479,2,510.00,251.00,287.00,150.00,0.82,-1,-1,-1
480,1,333.00,278.00,422.00,218.00,0.90,-1,-1,-1
480,2,510.00,251.00,287.00,150.00,0.82,-1,-1,-1
481,1,333.00,278.00,422.00,218.00,0.90,-1,-1,-1
481,2,510.00,251.00,287.00,150.00,0.82,-1,-1,-1
482,1,332.00,277.00,424.00,219.00,0.89,-1,-1,-1
482,2,513.00,250.00,286.00,151.00,0.83,-1,-1,-1
483,1,331.00,277.00,426.00,220.00,0.88,-1,-1,-1
483,2,514.00,250.00,286.00,151.00,0.83,-1,-1,-1
484,1,331.00,277.00,426.00,220.00,0.88,-1,-1,-1
484,2,514.00,250.00,286.00,150.00,0.83,-1,-1,-1
485,1,331.00,277.00,426.00,219.00,0.88,-1,-1,-1
485,2,515.00,250.00,284.00,150.00,0.82,-1,-1,-1
486,1,332.00,277.00,424.00,219.00,0.89,-1,-1,-1
486,2,515.00,250.00,284.00,150.00,0.82,-1,-1,-1
487,1,332.00,276.00,424.00,220.00,0.88,-1,-1,-1
487,2,516.00,250.00,283.00,150.00,0.83,-1,-1,-1
488,1,332.00,276.00,424.00,220.00,0.88,-1,-1,-1
488,2,516.00,250.00,283.00,150.00,0.82,-1,-1,-1
489,1,332.00,277.00,424.00,219.00,0.88,-1,-1,-1
489,2,516.00,250.00,283.00,150.00,0.82,-1,-1,-1
490,1,332.00,276.00,424.00,220.00,0.88,-1,-1,-1
490,2,516.00,250.00,282.00,150.00,0.82,-1,-1,-1
491,1,332.00,276.00,424.00,220.00,0.88,-1,-1,-1
491,2,516.00,250.00,282.00,150.00,0.83,-1,-1,-1
492,1,332.00,276.00,424.00,220.00,0.88,-1,-1,-1
492,2,516.00,250.00,282.00,150.00,0.83,-1,-1,-1
493,1,332.00,276.00,424.00,220.00,0.88,-1,-1,-1
493,2,516.00,250.00,282.00,150.00,0.82,-1,-1,-1
494,1,332.00,277.00,424.00,219.00,0.89,-1,-1,-1
494,2,516.00,250.00,282.00,150.00,0.83,-1,-1,-1
495,1,332.00,276.00,424.00,220.00,0.88,-1,-1,-1
495,2,516.00,250.00,282.00,150.00,0.83,-1,-1,-1
496,1,332.00,277.00,424.00,219.00,0.88,-1,-1,-1
496,2,516.00,250.00,282.00,150.00,0.83,-1,-1,-1
497,1,332.00,276.00,424.00,220.00,0.88,-1,-1,-1
497,2,517.00,250.00,281.00,150.00,0.83,-1,-1,-1
498,1,332.00,277.00,424.00,219.00,0.89,-1,-1,-1
498,2,517.00,250.00,281.00,150.00,0.83,-1,-1,-1
499,1,333.00,277.00,422.00,219.00,0.89,-1,-1,-1
499,2,517.00,250.00,281.00,150.00,0.83,-1,-1,-1
500,1,333.00,277.00,422.00,219.00,0.89,-1,-1,-1
500,2,517.00,250.00,281.00,149.00,0.83,-1,-1,-1
501,1,333.00,277.00,422.00,219.00,0.89,-1,-1,-1
501,2,517.00,250.00,281.00,149.00,0.83,-1,-1,-1
502,1,333.00,277.00,422.00,219.00,0.89,-1,-1,-1
502,2,518.00,250.00,280.00,149.00,0.83,-1,-1,-1
503,1,333.00,277.00,422.00,219.00,0.89,-1,-1,-1
503,2,518.00,249.00,281.00,150.00,0.84,-1,-1,-1
504,1,332.00,277.00,424.00,219.00,0.89,-1,-1,-1
504,2,519.00,249.00,280.00,150.00,0.84,-1,-1,-1
505,1,332.00,276.00,424.00,220.00,0.89,-1,-1,-1
505,2,519.00,250.00,280.00,149.00,0.83,-1,-1,-1
506,1,332.00,276.00,424.00,220.00,0.89,-1,-1,-1
506,2,519.00,250.00,280.00,149.00,0.84,-1,-1,-1
507,1,332.00,277.00,424.00,219.00,0.89,-1,-1,-1
507,2,520.00,250.00,279.00,149.00,0.84,-1,-1,-1
508,1,332.00,277.00,424.00,219.00,0.89,-1,-1,-1
508,2,520.00,250.00,278.00,149.00,0.84,-1,-1,-1
509,1,332.00,276.00,424.00,220.00,0.89,-1,-1,-1
509,2,519.00,250.00,279.00,149.00,0.83,-1,-1,-1
510,1,332.00,276.00,424.00,220.00,0.88,-1,-1,-1
510,2,519.00,250.00,279.00,149.00,0.83,-1,-1,-1
511,1,332.00,276.00,424.00,220.00,0.88,-1,-1,-1
511,2,518.00,250.00,279.00,149.00,0.83,-1,-1,-1
512,1,332.00,277.00,423.00,220.00,0.89,-1,-1,-1
512,2,516.00,250.00,279.00,150.00,0.82,-1,-1,-1
513,1,333.00,278.00,422.00,219.00,0.89,-1,-1,-1
513,2,514.00,251.00,280.00,149.00,0.82,-1,-1,-1
514,1,333.00,278.00,422.00,219.00,0.89,-1,-1,-1
514,2,514.00,251.00,280.00,149.00,0.82,-1,-1,-1
515,1,333.00,278.00,422.00,219.00,0.89,-1,-1,-1
515,2,513.00,251.00,281.00,149.00,0.82,-1,-1,-1
516,1,333.00,279.00,422.00,218.00,0.89,-1,-1,-1
516,2,513.00,251.00,281.00,149.00,0.82,-1,-1,-1
517,1,333.00,278.00,422.00,219.00,0.89,-1,-1,-1
517,2,513.00,251.00,282.00,149.00,0.82,-1,-1,-1
518,1,333.00,279.00,422.00,218.00,0.89,-1,-1,-1
518,2,513.00,251.00,282.00,149.00,0.82,-1,-1,-1
519,1,333.00,279.00,422.00,218.00,0.89,-1,-1,-1
519,2,512.00,251.00,283.00,149.00,0.82,-1,-1,-1
520,1,333.00,279.00,422.00,218.00,0.89,-1,-1,-1
520,2,513.00,251.00,282.00,149.00,0.82,-1,-1,-1
521,1,333.00,278.00,422.00,219.00,0.89,-1,-1,-1
521,2,512.00,251.00,284.00,149.00,0.82,-1,-1,-1
522,1,333.00,278.00,422.00,219.00,0.89,-1,-1,-1
522,2,512.00,250.00,285.00,150.00,0.82,-1,-1,-1
523,1,333.00,278.00,422.00,219.00,0.89,-1,-1,-1
523,2,513.00,250.00,284.00,150.00,0.82,-1,-1,-1
524,1,333.00,278.00,422.00,220.00,0.88,-1,-1,-1
524,2,514.00,250.00,283.00,150.00,0.82,-1,-1,-1
525,1,332.00,278.00,424.00,220.00,0.88,-1,-1,-1
525,2,514.00,251.00,283.00,149.00,0.82,-1,-1,-1
526,1,332.00,278.00,424.00,220.00,0.89,-1,-1,-1
526,2,513.00,251.00,284.00,149.00,0.82,-1,-1,-1
527,1,332.00,278.00,424.00,220.00,0.89,-1,-1,-1
527,2,513.00,251.00,283.00,149.00,0.82,-1,-1,-1
528,1,332.00,278.00,424.00,221.00,0.89,-1,-1,-1
528,2,513.00,251.00,283.00,149.00,0.82,-1,-1,-1
529,1,332.00,278.00,424.00,220.00,0.89,-1,-1,-1
529,2,513.00,251.00,283.00,149.00,0.82,-1,-1,-1
530,1,333.00,278.00,422.00,220.00,0.89,-1,-1,-1
530,2,512.00,251.00,284.00,149.00,0.82,-1,-1,-1
531,1,333.00,278.00,422.00,220.00,0.89,-1,-1,-1
531,2,513.00,251.00,283.00,149.00,0.82,-1,-1,-1
532,1,333.00,279.00,422.00,219.00,0.89,-1,-1,-1
532,2,513.00,251.00,283.00,149.00,0.82,-1,-1,-1
533,1,334.00,279.00,420.00,218.00,0.89,-1,-1,-1
533,2,513.00,251.00,283.00,149.00,0.82,-1,-1,-1
534,1,334.00,279.00,420.00,218.00,0.89,-1,-1,-1
534,2,512.00,251.00,284.00,149.00,0.82,-1,-1,-1
