2,1,330.00,273.00,429.00,227.00,0.91,-1,-1,-1
2,3,527.00,238.00,267.00,164.00,0.86,-1,-1,-1
3,1,330.00,272.00,429.00,227.00,0.91,-1,-1,-1
3,3,527.00,238.00,267.00,164.00,0.86,-1,-1,-1
4,1,330.00,272.00,430.00,227.00,0.91,-1,-1,-1
4,3,528.00,238.00,267.00,163.00,0.86,-1,-1,-1
5,1,329.00,272.00,431.00,228.00,0.91,-1,-1,-1
5,3,529.00,238.00,265.00,163.00,0.86,-1,-1,-1
6,1,329.00,272.00,432.00,228.00,0.91,-1,-1,-1
6,3,529.00,238.00,265.00,163.00,0.86,-1,-1,-1
7,1,328.00,271.00,433.00,229.00,0.91,-1,-1,-1
7,3,529.00,238.00,265.00,163.00,0.86,-1,-1,-1
8,1,328.00,271.00,433.00,229.00,0.91,-1,-1,-1
8,3,529.00,238.00,265.00,163.00,0.85,-1,-1,-1
9,1,328.00,272.00,433.00,228.00,0.91,-1,-1,-1
9,3,529.00,238.00,265.00,163.00,0.85,-1,-1,-1
10,1,329.00,272.00,432.00,229.00,0.91,-1,-1,-1
10,3,529.00,238.00,266.00,163.00,0.85,-1,-1,-1
11,1,328.00,272.00,433.00,229.00,0.91,-1,-1,-1
11,3,529.00,238.00,266.00,163.00,0.85,-1,-1,-1
12,1,328.00,271.00,434.00,230.00,0.91,-1,-1,-1
12,3,528.00,238.00,267.00,163.00,0.85,-1,-1,-1
13,1,328.00,271.00,434.00,230.00,0.91,-1,-1,-1
13,3,528.00,238.00,267.00,163.00,0.85,-1,-1,-1
14,1,328.00,271.00,434.00,230.00,0.91,-1,-1,-1
14,3,529.00,238.00,266.00,163.00,0.86,-1,-1,-1
15,1,328.00,270.00,434.00,231.00,0.91,-1,-1,-1
15,3,528.00,238.00,267.00,163.00,0.86,-1,-1,-1
16,1,328.00,270.00,434.00,231.00,0.91,-1,-1,-1
16,3,528.00,238.00,267.00,163.00,0.86,-1,-1,-1
17,1,328.00,270.00,434.00,231.00,0.91,-1,-1,-1
17,3,528.00,238.00,267.00,163.00,0.86,-1,-1,-1
18,1,328.00,270.00,434.00,231.00,0.91,-1,-1,-1
18,3,528.00,238.00,267.00,163.00,0.86,-1,-1,-1
19,1,328.00,270.00,434.00,231.00,0.91,-1,-1,-1
19,3,528.00,238.00,267.00,163.00,0.86,-1,-1,-1
20,1,329.00,270.00,433.00,231.00,0.91,-1,-1,-1
20,3,528.00,238.00,267.00,163.00,0.85,-1,-1,-1
21,1,329.00,270.00,433.00,231.00,0.91,-1,-1,-1
21,3,528.00,238.00,267.00,163.00,0.86,-1,-1,-1
22,1,329.00,270.00,432.00,232.00,0.91,-1,-1,-1
22,3,528.00,238.00,268.00,163.00,0.85,-1,-1,-1
23,1,330.00,271.00,431.00,230.00,0.91,-1,-1,-1
23,3,527.00,238.00,268.00,163.00,0.85,-1,-1,-1
24,1,330.00,271.00,430.00,230.00,0.90,-1,-1,-1
24,3,527.00,238.00,268.00,163.00,0.85,-1,-1,-1
25,1,330.00,271.00,430.00,230.00,0.90,-1,-1,-1
25,3,527.00,238.00,268.00,163.00,0.85,-1,-1,-1
26,1,330.00,270.00,431.00,230.00,0.90,-1,-1,-1
26,3,527.00,238.00,268.00,163.00,0.85,-1,-1,-1
27,1,331.00,270.00,430.00,230.00,0.90,-1,-1,-1
27,3,528.00,238.00,267.00,163.00,0.85,-1,-1,-1
28,1,331.00,270.00,430.00,230.00,0.90,-1,-1,-1
28,3,528.00,238.00,267.00,163.00,0.86,-1,-1,-1
29,1,329.00,270.00,431.00,230.00,0.90,-1,-1,-1
29,3,528.00,238.00,267.00,163.00,0.85,-1,-1,-1
30,1,329.00,269.00,431.00,231.00,0.90,-1,-1,-1
30,3,528.00,238.00,267.00,163.00,0.85,-1,-1,-1
31,1,328.00,269.00,432.00,231.00,0.91,-1,-1,-1
31,3,528.00,238.00,267.00,163.00,0.85,-1,-1,-1
32,1,327.00,270.00,435.00,232.00,0.91,-1,-1,-1
32,3,526.00,238.00,270.00,165.00,0.86,-1,-1,-1
33,1,327.00,271.00,435.00,232.00,0.91,-1,-1,-1
33,3,526.00,238.00,271.00,165.00,0.86,-1,-1,-1
34,1,327.00,271.00,435.00,233.00,0.91,-1,-1,-1
34,3,526.00,238.00,271.00,166.00,0.86,-1,-1,-1
35,1,328.00,272.00,433.00,232.00,0.91,-1,-1,-1
35,3,526.00,238.00,271.00,166.00,0.86,-1,-1,-1
36,1,328.00,271.00,433.00,233.00,0.91,-1,-1,-1
36,3,526.00,238.00,271.00,166.00,0.86,-1,-1,-1
37,1,328.00,271.00,433.00,232.00,0.91,-1,-1,-1
37,3,526.00,238.00,271.00,166.00,0.86,-1,-1,-1
38,1,329.00,271.00,432.00,232.00,0.91,-1,-1,-1
38,3,526.00,238.00,271.00,166.00,0.86,-1,-1,-1
39,1,329.00,272.00,431.00,231.00,0.91,-1,-1,-1
39,3,526.00,238.00,271.00,166.00,0.85,-1,-1,-1
40,1,329.00,272.00,431.00,231.00,0.90,-1,-1,-1
40,3,526.00,238.00,270.00,165.00,0.86,-1,-1,-1
41,1,330.00,273.00,430.00,230.00,0.90,-1,-1,-1
41,3,526.00,238.00,270.00,165.00,0.86,-1,-1,-1
42,1,329.00,273.00,431.00,231.00,0.90,-1,-1,-1
42,3,526.00,238.00,270.00,165.00,0.86,-1,-1,-1
43,1,328.00,271.00,434.00,233.00,0.91,-1,-1,-1
43,3,526.00,238.00,270.00,165.00,0.86,-1,-1,-1
44,1,327.00,271.00,435.00,233.00,0.91,-1,-1,-1
44,3,526.00,238.00,271.00,166.00,0.86,-1,-1,-1
45,1,327.00,271.00,435.00,234.00,0.91,-1,-1,-1
45,3,526.00,238.00,271.00,166.00,0.86,-1,-1,-1
46,1,326.00,271.00,437.00,235.00,0.91,-1,-1,-1
46,3,526.00,238.00,270.00,166.00,0.86,-1,-1,-1
47,1,327.00,271.00,436.00,235.00,0.89,-1,-1,-1
47,3,526.00,238.00,270.00,166.00,0.86,-1,-1,-1
48,1,330.00,270.00,431.00,232.00,0.89,-1,-1,-1
48,3,526.00,238.00,270.00,166.00,0.86,-1,-1,-1
49,1,333.00,271.00,426.00,228.00,0.89,-1,-1,-1
49,3,526.00,238.00,270.00,165.00,0.86,-1,-1,-1
50,1,336.00,272.00,420.00,225.00,0.89,-1,-1,-1
50,3,526.00,238.00,270.00,165.00,0.86,-1,-1,-1
51,1,341.00,275.00,409.00,217.00,0.91,-1,-1,-1
51,3,526.00,238.00,270.00,166.00,0.86,-1,-1,-1
52,1,338.00,274.00,415.00,219.00,0.91,-1,-1,-1
52,3,526.00,238.00,270.00,166.00,0.85,-1,-1,-1
53,1,336.00,273.00,419.00,221.00,0.91,-1,-1,-1
53,3,525.00,238.00,272.00,167.00,0.85,-1,-1,-1
54,1,333.00,273.00,423.00,223.00,0.91,-1,-1,-1
54,3,525.00,238.00,272.00,167.00,0.86,-1,-1,-1
55,1,330.00,271.00,430.00,227.00,0.90,-1,-1,-1
55,3,526.00,238.00,269.00,166.00,0.84,-1,-1,-1
56,1,329.00,271.00,431.00,227.00,0.89,-1,-1,-1
56,3,528.00,238.00,266.00,164.00,0.83,-1,-1,-1
57,1,328.00,271.00,431.00,227.00,0.85,-1,-1,-1
57,3,527.00,238.00,269.00,165.00,0.84,-1,-1,-1
58,1,327.00,272.00,429.00,226.00,0.83,-1,-1,-1
58,3,526.00,238.00,271.00,166.00,0.85,-1,-1,-1
59,1,325.00,272.00,429.00,227.00,0.87,-1,-1,-1
59,3,533.00,238.00,257.00,157.00,0.86,-1,-1,-1
60,1,325.00,271.00,429.00,228.00,0.88,-1,-1,-1
60,3,530.00,238.00,263.00,160.00,0.84,-1,-1,-1
61,1,329.00,271.00,429.00,228.00,0.90,-1,-1,-1
61,3,533.00,238.00,257.00,155.00,0.86,-1,-1,-1
62,1,326.00,269.00,436.00,232.00,0.91,-1,-1,-1
62,3,531.00,238.00,265.00,160.00,0.86,-1,-1,-1
63,1,326.00,268.00,438.00,234.00,0.91,-1,-1,-1
63,3,529.00,238.00,269.00,162.00,0.86,-1,-1,-1
64,1,326.00,268.00,438.00,234.00,0.91,-1,-1,-1
64,3,528.00,238.00,269.00,162.00,0.87,-1,-1,-1
65,1,327.00,268.00,437.00,234.00,0.91,-1,-1,-1
65,3,527.00,238.00,271.00,164.00,0.86,-1,-1,-1
66,1,327.00,268.00,437.00,234.00,0.91,-1,-1,-1
66,3,527.00,239.00,271.00,163.00,0.87,-1,-1,-1
67,1,327.00,268.00,436.00,234.00,0.91,-1,-1,-1
67,3,528.00,239.00,270.00,162.00,0.86,-1,-1,-1
68,1,327.00,268.00,436.00,234.00,0.91,-1,-1,-1
68,3,528.00,239.00,269.00,162.00,0.86,-1,-1,-1
69,1,328.00,268.00,435.00,234.00,0.91,-1,-1,-1
69,3,528.00,239.00,270.00,162.00,0.86,-1,-1,-1
70,1,328.00,268.00,434.00,233.00,0.91,-1,-1,-1
70,3,528.00,239.00,270.00,162.00,0.86,-1,-1,-1
71,1,328.00,268.00,434.00,234.00,0.91,-1,-1,-1
71,3,527.00,239.00,271.00,163.00,0.86,-1,-1,-1
72,1,328.00,268.00,434.00,234.00,0.91,-1,-1,-1
72,3,526.00,239.00,272.00,163.00,0.86,-1,-1,-1
73,1,329.00,268.00,433.00,233.00,0.91,-1,-1,-1
73,3,526.00,239.00,273.00,164.00,0.87,-1,-1,-1
74,1,329.00,268.00,433.00,234.00,0.91,-1,-1,-1
74,3,526.00,239.00,272.00,164.00,0.86,-1,-1,-1
75,1,329.00,268.00,433.00,234.00,0.91,-1,-1,-1
75,3,526.00,239.00,272.00,164.00,0.86,-1,-1,-1
76,1,329.00,268.00,433.00,234.00,0.91,-1,-1,-1
76,3,526.00,238.00,272.00,165.00,0.86,-1,-1,-1
77,1,329.00,268.00,433.00,234.00,0.91,-1,-1,-1
77,3,526.00,238.00,272.00,165.00,0.86,-1,-1,-1
78,1,329.00,268.00,433.00,234.00,0.91,-1,-1,-1
78,3,526.00,238.00,272.00,165.00,0.86,-1,-1,-1
79,1,328.00,268.00,434.00,234.00,0.91,-1,-1,-1
79,3,527.00,238.00,270.00,164.00,0.86,-1,-1,-1
80,1,328.00,268.00,434.00,234.00,0.91,-1,-1,-1
80,3,528.00,238.00,269.00,163.00,0.86,-1,-1,-1
81,1,329.00,268.00,433.00,234.00,0.91,-1,-1,-1
81,3,528.00,238.00,268.00,163.00,0.85,-1,-1,-1
82,1,329.00,268.00,432.00,234.00,0.91,-1,-1,-1
82,3,528.00,238.00,268.00,162.00,0.85,-1,-1,-1
83,1,329.00,268.00,432.00,234.00,0.91,-1,-1,-1
83,3,528.00,238.00,268.00,162.00,0.86,-1,-1,-1
84,1,329.00,267.00,433.00,235.00,0.91,-1,-1,-1
84,3,528.00,238.00,268.00,162.00,0.86,-1,-1,-1
85,1,329.00,267.00,433.00,235.00,0.91,-1,-1,-1
85,3,528.00,238.00,268.00,162.00,0.86,-1,-1,-1
86,1,329.00,267.00,432.00,235.00,0.91,-1,-1,-1
86,3,528.00,238.00,268.00,162.00,0.86,-1,-1,-1
87,1,329.00,267.00,432.00,235.00,0.91,-1,-1,-1
87,3,528.00,238.00,268.00,162.00,0.86,-1,-1,-1
88,1,329.00,267.00,432.00,235.00,0.91,-1,-1,-1
88,3,528.00,238.00,268.00,161.00,0.86,-1,-1,-1
89,1,329.00,268.00,432.00,234.00,0.91,-1,-1,-1
89,3,528.00,238.00,268.00,161.00,0.86,-1,-1,-1
90,1,329.00,268.00,432.00,234.00,0.91,-1,-1,-1
90,3,528.00,238.00,268.00,161.00,0.86,-1,-1,-1
91,1,330.00,268.00,431.00,234.00,0.91,-1,-1,-1
91,3,528.00,239.00,268.00,160.00,0.86,-1,-1,-1
92,1,328.00,268.00,434.00,236.00,0.92,-1,-1,-1
92,3,527.00,238.00,271.00,163.00,0.87,-1,-1,-1
93,1,327.00,269.00,435.00,236.00,0.92,-1,-1,-1
93,3,526.00,238.00,273.00,164.00,0.86,-1,-1,-1
94,1,327.00,269.00,435.00,237.00,0.91,-1,-1,-1
94,3,526.00,238.00,273.00,164.00,0.86,-1,-1,-1
95,1,328.00,269.00,434.00,237.00,0.91,-1,-1,-1
95,3,526.00,238.00,273.00,164.00,0.86,-1,-1,-1
96,1,328.00,269.00,434.00,237.00,0.91,-1,-1,-1
96,3,526.00,238.00,273.00,164.00,0.86,-1,-1,-1
97,1,328.00,269.00,434.00,237.00,0.91,-1,-1,-1
97,3,526.00,238.00,273.00,164.00,0.86,-1,-1,-1
98,1,328.00,270.00,434.00,236.00,0.91,-1,-1,-1
98,3,527.00,238.00,272.00,164.00,0.86,-1,-1,-1
99,1,328.00,269.00,433.00,237.00,0.91,-1,-1,-1
99,3,527.00,238.00,272.00,164.00,0.86,-1,-1,-1
100,1,328.00,270.00,433.00,236.00,0.91,-1,-1,-1
100,3,527.00,238.00,272.00,164.00,0.86,-1,-1,-1
101,1,328.00,270.00,433.00,236.00,0.91,-1,-1,-1
101,3,527.00,238.00,272.00,164.00,0.86,-1,-1,-1
102,1,328.00,269.00,434.00,237.00,0.91,-1,-1,-1
102,3,527.00,238.00,272.00,164.00,0.86,-1,-1,-1
103,1,328.00,269.00,434.00,237.00,0.91,-1,-1,-1
103,3,527.00,238.00,272.00,164.00,0.86,-1,-1,-1
104,1,328.00,269.00,434.00,237.00,0.91,-1,-1,-1
104,3,527.00,238.00,271.00,164.00,0.86,-1,-1,-1
105,1,328.00,269.00,434.00,237.00,0.91,-1,-1,-1
105,3,527.00,238.00,271.00,164.00,0.86,-1,-1,-1
106,1,328.00,269.00,434.00,237.00,0.91,-1,-1,-1
106,3,527.00,238.00,272.00,164.00,0.86,-1,-1,-1
107,1,328.00,269.00,433.00,237.00,0.91,-1,-1,-1
107,3,527.00,238.00,271.00,164.00,0.86,-1,-1,-1
108,1,328.00,269.00,433.00,237.00,0.92,-1,-1,-1
108,3,527.00,238.00,271.00,164.00,0.86,-1,-1,-1
109,1,328.00,269.00,433.00,237.00,0.92,-1,-1,-1
109,3,527.00,238.00,271.00,164.00,0.86,-1,-1,-1
110,1,328.00,269.00,433.00,237.00,0.92,-1,-1,-1
110,3,527.00,238.00,271.00,164.00,0.86,-1,-1,-1
111,1,328.00,269.00,433.00,237.00,0.92,-1,-1,-1
111,3,527.00,238.00,271.00,164.00,0.86,-1,-1,-1
112,1,328.00,269.00,433.00,237.00,0.92,-1,-1,-1
112,3,527.00,238.00,271.00,164.00,0.86,-1,-1,-1
113,1,328.00,269.00,433.00,237.00,0.92,-1,-1,-1
113,3,527.00,238.00,271.00,164.00,0.86,-1,-1,-1
114,1,329.00,268.00,432.00,238.00,0.92,-1,-1,-1
114,3,527.00,238.00,271.00,164.00,0.86,-1,-1,-1
115,1,329.00,268.00,432.00,238.00,0.92,-1,-1,-1
115,3,527.00,238.00,271.00,164.00,0.86,-1,-1,-1
116,1,329.00,269.00,432.00,237.00,0.92,-1,-1,-1
116,3,527.00,238.00,271.00,164.00,0.86,-1,-1,-1
117,1,329.00,268.00,432.00,238.00,0.92,-1,-1,-1
117,3,527.00,238.00,271.00,164.00,0.86,-1,-1,-1
118,1,329.00,268.00,432.00,238.00,0.91,-1,-1,-1
118,3,527.00,238.00,271.00,164.00,0.86,-1,-1,-1
119,1,329.00,268.00,432.00,238.00,0.91,-1,-1,-1
119,3,527.00,238.00,271.00,164.00,0.86,-1,-1,-1
120,1,329.00,268.00,432.00,238.00,0.91,-1,-1,-1
120,3,527.00,238.00,271.00,164.00,0.86,-1,-1,-1
121,1,329.00,268.00,432.00,238.00,0.91,-1,-1,-1
121,3,527.00,238.00,271.00,164.00,0.86,-1,-1,-1
122,1,329.00,268.00,431.00,237.00,0.91,-1,-1,-1
122,3,527.00,238.00,271.00,165.00,0.85,-1,-1,-1
123,1,330.00,268.00,429.00,236.00,0.91,-1,-1,-1
123,3,527.00,239.00,271.00,164.00,0.86,-1,-1,-1
124,1,330.00,268.00,429.00,236.00,0.91,-1,-1,-1
124,3,528.00,239.00,269.00,163.00,0.86,-1,-1,-1
125,1,330.00,268.00,429.00,236.00,0.91,-1,-1,-1
125,3,527.00,239.00,270.00,163.00,0.86,-1,-1,-1
126,1,331.00,268.00,427.00,235.00,0.91,-1,-1,-1
126,3,528.00,239.00,269.00,163.00,0.86,-1,-1,-1
127,1,331.00,268.00,427.00,235.00,0.91,-1,-1,-1
127,3,528.00,239.00,269.00,163.00,0.86,-1,-1,-1
128,1,330.00,268.00,428.00,235.00,0.91,-1,-1,-1
128,3,528.00,239.00,269.00,163.00,0.86,-1,-1,-1
129,1,330.00,269.00,428.00,234.00,0.91,-1,-1,-1
129,3,528.00,239.00,269.00,163.00,0.86,-1,-1,-1
130,1,330.00,269.00,429.00,234.00,0.91,-1,-1,-1
130,3,528.00,239.00,269.00,163.00,0.86,-1,-1,-1
131,1,330.00,268.00,429.00,235.00,0.91,-1,-1,-1
131,3,528.00,239.00,269.00,163.00,0.86,-1,-1,-1
132,1,330.00,268.00,429.00,235.00,0.91,-1,-1,-1
132,3,528.00,239.00,269.00,163.00,0.86,-1,-1,-1
133,1,330.00,268.00,429.00,235.00,0.91,-1,-1,-1
133,3,528.00,239.00,269.00,163.00,0.86,-1,-1,-1
134,1,330.00,268.00,429.00,235.00,0.91,-1,-1,-1
134,3,528.00,239.00,269.00,163.00,0.86,-1,-1,-1
135,1,330.00,268.00,429.00,235.00,0.91,-1,-1,-1
135,3,528.00,239.00,269.00,163.00,0.86,-1,-1,-1
136,1,330.00,268.00,429.00,235.00,0.91,-1,-1,-1
136,3,528.00,239.00,269.00,163.00,0.86,-1,-1,-1
137,1,330.00,268.00,429.00,235.00,0.91,-1,-1,-1
137,3,528.00,239.00,269.00,163.00,0.86,-1,-1,-1
138,1,330.00,268.00,429.00,235.00,0.91,-1,-1,-1
138,3,528.00,239.00,269.00,163.00,0.86,-1,-1,-1
139,1,329.00,268.00,430.00,235.00,0.91,-1,-1,-1
139,3,528.00,239.00,269.00,163.00,0.86,-1,-1,-1
140,1,329.00,268.00,431.00,235.00,0.91,-1,-1,-1
140,3,528.00,239.00,269.00,163.00,0.86,-1,-1,-1
141,1,329.00,268.00,431.00,235.00,0.91,-1,-1,-1
141,3,528.00,239.00,269.00,163.00,0.86,-1,-1,-1
142,1,329.00,268.00,431.00,235.00,0.91,-1,-1,-1
142,3,528.00,239.00,269.00,163.00,0.86,-1,-1,-1
143,1,329.00,268.00,431.00,235.00,0.91,-1,-1,-1
143,3,528.00,239.00,269.00,163.00,0.86,-1,-1,-1
144,1,329.00,268.00,431.00,235.00,0.91,-1,-1,-1
144,3,528.00,239.00,269.00,163.00,0.86,-1,-1,-1
145,1,329.00,268.00,431.00,235.00,0.91,-1,-1,-1
145,3,528.00,239.00,269.00,163.00,0.86,-1,-1,-1
146,1,329.00,268.00,431.00,235.00,0.91,-1,-1,-1
146,3,528.00,239.00,269.00,163.00,0.86,-1,-1,-1
147,1,329.00,268.00,431.00,235.00,0.91,-1,-1,-1
147,3,528.00,239.00,269.00,163.00,0.86,-1,-1,-1
148,1,329.00,268.00,431.00,235.00,0.91,-1,-1,-1
148,3,528.00,239.00,269.00,163.00,0.86,-1,-1,-1
149,1,329.00,268.00,431.00,235.00,0.91,-1,-1,-1
149,3,528.00,239.00,269.00,163.00,0.86,-1,-1,-1
150,1,329.00,268.00,431.00,235.00,0.91,-1,-1,-1
150,3,528.00,239.00,269.00,163.00,0.86,-1,-1,-1
151,1,330.00,268.00,429.00,235.00,0.91,-1,-1,-1
151,3,528.00,239.00,269.00,163.00,0.86,-1,-1,-1
152,1,330.00,269.00,429.00,234.00,0.91,-1,-1,-1
152,3,526.00,238.00,273.00,166.00,0.86,-1,-1,-1
153,1,331.00,269.00,428.00,234.00,0.91,-1,-1,-1
153,3,526.00,238.00,273.00,167.00,0.85,-1,-1,-1
154,1,330.00,269.00,430.00,235.00,0.91,-1,-1,-1
154,3,526.00,238.00,273.00,167.00,0.85,-1,-1,-1
155,1,330.00,269.00,430.00,235.00,0.91,-1,-1,-1
155,3,526.00,238.00,273.00,167.00,0.85,-1,-1,-1
156,1,330.00,269.00,430.00,235.00,0.91,-1,-1,-1
156,3,526.00,238.00,272.00,167.00,0.85,-1,-1,-1
157,1,330.00,269.00,430.00,235.00,0.91,-1,-1,-1
157,3,526.00,238.00,272.00,167.00,0.85,-1,-1,-1
158,1,330.00,269.00,430.00,235.00,0.91,-1,-1,-1
158,3,526.00,238.00,272.00,167.00,0.85,-1,-1,-1
159,1,330.00,269.00,430.00,235.00,0.91,-1,-1,-1
159,3,526.00,238.00,272.00,167.00,0.85,-1,-1,-1
160,1,330.00,269.00,430.00,235.00,0.91,-1,-1,-1
160,3,527.00,238.00,271.00,167.00,0.85,-1,-1,-1
161,1,330.00,269.00,430.00,235.00,0.91,-1,-1,-1
161,3,527.00,238.00,271.00,167.00,0.85,-1,-1,-1
162,1,330.00,269.00,430.00,235.00,0.91,-1,-1,-1
162,3,527.00,238.00,271.00,167.00,0.85,-1,-1,-1
163,1,330.00,269.00,430.00,235.00,0.91,-1,-1,-1
163,3,527.00,238.00,271.00,167.00,0.85,-1,-1,-1
164,1,331.00,270.00,428.00,234.00,0.91,-1,-1,-1
164,3,527.00,238.00,271.00,167.00,0.86,-1,-1,-1
165,1,332.00,272.00,426.00,232.00,0.91,-1,-1,-1
165,3,527.00,238.00,271.00,167.00,0.86,-1,-1,-1
166,1,332.00,272.00,426.00,232.00,0.90,-1,-1,-1
166,3,527.00,238.00,271.00,167.00,0.84,-1,-1,-1
167,1,331.00,271.00,428.00,233.00,0.90,-1,-1,-1
167,3,527.00,238.00,270.00,167.00,0.84,-1,-1,-1
168,1,332.00,272.00,426.00,232.00,0.90,-1,-1,-1
168,3,527.00,238.00,270.00,167.00,0.85,-1,-1,-1
169,1,331.00,271.00,428.00,233.00,0.90,-1,-1,-1
169,3,527.00,238.00,270.00,167.00,0.85,-1,-1,-1
170,1,330.00,270.00,430.00,234.00,0.91,-1,-1,-1
170,3,527.00,238.00,270.00,167.00,0.85,-1,-1,-1
171,1,330.00,270.00,430.00,234.00,0.90,-1,-1,-1
171,3,527.00,238.00,270.00,167.00,0.85,-1,-1,-1
172,1,330.00,270.00,430.00,234.00,0.90,-1,-1,-1
172,3,527.00,238.00,270.00,167.00,0.85,-1,-1,-1
173,1,330.00,270.00,430.00,234.00,0.90,-1,-1,-1
173,3,527.00,238.00,270.00,167.00,0.85,-1,-1,-1
174,1,329.00,270.00,431.00,234.00,0.90,-1,-1,-1
174,3,527.00,238.00,270.00,167.00,0.85,-1,-1,-1
175,1,329.00,270.00,431.00,234.00,0.90,-1,-1,-1
175,3,527.00,238.00,270.00,167.00,0.85,-1,-1,-1
176,1,329.00,269.00,432.00,235.00,0.91,-1,-1,-1
176,3,527.00,238.00,270.00,167.00,0.85,-1,-1,-1
177,1,329.00,269.00,432.00,235.00,0.91,-1,-1,-1
177,3,527.00,238.00,270.00,167.00,0.85,-1,-1,-1
178,1,329.00,269.00,432.00,235.00,0.91,-1,-1,-1
178,3,528.00,238.00,269.00,167.00,0.85,-1,-1,-1
179,1,329.00,269.00,432.00,235.00,0.91,-1,-1,-1
179,3,528.00,238.00,269.00,167.00,0.85,-1,-1,-1
180,1,329.00,269.00,432.00,235.00,0.91,-1,-1,-1
180,3,528.00,238.00,269.00,167.00,0.85,-1,-1,-1
181,1,329.00,269.00,432.00,235.00,0.91,-1,-1,-1
181,3,528.00,238.00,269.00,167.00,0.85,-1,-1,-1
182,1,328.00,269.00,433.00,236.00,0.91,-1,-1,-1
182,3,528.00,238.00,268.00,166.00,0.85,-1,-1,-1
183,1,328.00,269.00,433.00,236.00,0.91,-1,-1,-1
183,3,529.00,238.00,267.00,165.00,0.85,-1,-1,-1
184,1,329.00,269.00,432.00,236.00,0.91,-1,-1,-1
184,3,529.00,238.00,266.00,164.00,0.85,-1,-1,-1
185,1,328.00,269.00,433.00,236.00,0.91,-1,-1,-1
185,3,529.00,238.00,266.00,164.00,0.85,-1,-1,-1
186,1,329.00,269.00,432.00,236.00,0.91,-1,-1,-1
186,3,529.00,238.00,266.00,164.00,0.84,-1,-1,-1
187,1,329.00,269.00,432.00,236.00,0.91,-1,-1,-1
187,3,529.00,237.00,266.00,164.00,0.85,-1,-1,-1
188,1,329.00,269.00,432.00,236.00,0.91,-1,-1,-1
188,3,529.00,237.00,267.00,164.00,0.84,-1,-1,-1
189,1,329.00,269.00,431.00,236.00,0.91,-1,-1,-1
189,3,530.00,237.00,265.00,163.00,0.85,-1,-1,-1
190,1,329.00,269.00,431.00,236.00,0.91,-1,-1,-1
190,3,530.00,238.00,265.00,161.00,0.85,-1,-1,-1
191,1,329.00,269.00,431.00,236.00,0.91,-1,-1,-1
191,3,530.00,238.00,265.00,161.00,0.85,-1,-1,-1
192,1,329.00,269.00,431.00,236.00,0.91,-1,-1,-1
192,3,530.00,238.00,265.00,161.00,0.85,-1,-1,-1
193,1,329.00,269.00,431.00,236.00,0.91,-1,-1,-1
193,3,530.00,238.00,265.00,161.00,0.85,-1,-1,-1
194,1,329.00,270.00,431.00,235.00,0.91,-1,-1,-1
194,3,530.00,237.00,265.00,162.00,0.85,-1,-1,-1
195,1,329.00,270.00,431.00,235.00,0.91,-1,-1,-1
195,3,530.00,238.00,265.00,161.00,0.84,-1,-1,-1
196,1,330.00,270.00,430.00,235.00,0.91,-1,-1,-1
196,3,530.00,238.00,265.00,161.00,0.84,-1,-1,-1
197,1,330.00,271.00,429.00,234.00,0.90,-1,-1,-1
197,3,530.00,238.00,266.00,161.00,0.85,-1,-1,-1
198,1,330.00,270.00,430.00,235.00,0.91,-1,-1,-1
198,3,529.00,238.00,267.00,161.00,0.85,-1,-1,-1
199,1,330.00,271.00,429.00,234.00,0.90,-1,-1,-1
199,3,529.00,238.00,267.00,161.00,0.84,-1,-1,-1
200,1,330.00,271.00,430.00,234.00,0.90,-1,-1,-1
200,3,529.00,237.00,267.00,162.00,0.84,-1,-1,-1
201,1,330.00,271.00,429.00,234.00,0.90,-1,-1,-1
201,3,529.00,237.00,267.00,162.00,0.84,-1,-1,-1
202,1,330.00,271.00,429.00,234.00,0.90,-1,-1,-1
202,3,529.00,238.00,267.00,161.00,0.84,-1,-1,-1
203,1,330.00,271.00,429.00,234.00,0.90,-1,-1,-1
203,3,529.00,238.00,267.00,161.00,0.84,-1,-1,-1
204,1,330.00,271.00,430.00,234.00,0.90,-1,-1,-1
204,3,528.00,237.00,269.00,162.00,0.84,-1,-1,-1
205,1,330.00,271.00,430.00,234.00,0.90,-1,-1,-1
205,3,528.00,237.00,269.00,162.00,0.84,-1,-1,-1
206,1,330.00,270.00,430.00,235.00,0.90,-1,-1,-1
206,3,528.00,237.00,269.00,162.00,0.84,-1,-1,-1
207,1,330.00,270.00,430.00,235.00,0.90,-1,-1,-1
207,3,528.00,237.00,269.00,162.00,0.84,-1,-1,-1
208,1,331.00,272.00,428.00,233.00,0.90,-1,-1,-1
208,3,528.00,238.00,268.00,161.00,0.85,-1,-1,-1
209,1,334.00,276.00,421.00,229.00,0.91,-1,-1,-1
209,3,528.00,238.00,269.00,161.00,0.85,-1,-1,-1
210,1,335.00,278.00,419.00,227.00,0.91,-1,-1,-1
210,3,529.00,238.00,268.00,161.00,0.85,-1,-1,-1
211,1,338.00,282.00,414.00,223.00,0.91,-1,-1,-1
211,3,529.00,238.00,268.00,161.00,0.85,-1,-1,-1
212,1,341.00,284.00,408.00,218.00,0.91,-1,-1,-1
212,3,530.00,238.00,266.00,160.00,0.86,-1,-1,-1
213,1,342.00,286.00,405.00,215.00,0.91,-1,-1,-1
213,3,529.00,238.00,266.00,159.00,0.85,-1,-1,-1
214,1,341.00,286.00,407.00,214.00,0.91,-1,-1,-1
214,3,529.00,238.00,265.00,158.00,0.84,-1,-1,-1
215,1,340.00,284.00,410.00,216.00,0.91,-1,-1,-1
215,3,529.00,238.00,265.00,158.00,0.85,-1,-1,-1
216,1,337.00,282.00,416.00,218.00,0.91,-1,-1,-1
216,3,530.00,238.00,265.00,158.00,0.86,-1,-1,-1
217,1,335.00,281.00,419.00,219.00,0.91,-1,-1,-1
217,3,530.00,238.00,264.00,157.00,0.86,-1,-1,-1
218,1,334.00,280.00,422.00,220.00,0.91,-1,-1,-1
218,3,530.00,238.00,265.00,157.00,0.86,-1,-1,-1
219,1,332.00,279.00,425.00,221.00,0.91,-1,-1,-1
219,3,530.00,238.00,265.00,157.00,0.86,-1,-1,-1
220,1,330.00,276.00,429.00,224.00,0.91,-1,-1,-1
220,3,530.00,238.00,265.00,157.00,0.86,-1,-1,-1
221,1,328.00,274.00,433.00,226.00,0.91,-1,-1,-1
221,3,529.00,238.00,266.00,157.00,0.86,-1,-1,-1
222,1,328.00,273.00,434.00,227.00,0.91,-1,-1,-1
222,3,529.00,238.00,266.00,157.00,0.86,-1,-1,-1
223,1,328.00,273.00,433.00,227.00,0.91,-1,-1,-1
223,3,529.00,238.00,266.00,157.00,0.86,-1,-1,-1
224,1,329.00,274.00,432.00,226.00,0.91,-1,-1,-1
224,3,529.00,238.00,267.00,157.00,0.86,-1,-1,-1
225,1,329.00,275.00,431.00,225.00,0.91,-1,-1,-1
225,3,529.00,238.00,267.00,157.00,0.86,-1,-1,-1
226,1,328.00,273.00,434.00,227.00,0.91,-1,-1,-1
226,3,528.00,238.00,267.00,157.00,0.86,-1,-1,-1
227,1,327.00,271.00,436.00,229.00,0.91,-1,-1,-1
227,3,528.00,238.00,267.00,157.00,0.86,-1,-1,-1
228,1,326.00,270.00,437.00,230.00,0.91,-1,-1,-1
228,3,528.00,238.00,267.00,157.00,0.86,-1,-1,-1
229,1,326.00,270.00,438.00,231.00,0.91,-1,-1,-1
229,3,528.00,238.00,268.00,157.00,0.86,-1,-1,-1
230,1,326.00,269.00,437.00,231.00,0.91,-1,-1,-1
230,3,528.00,238.00,268.00,157.00,0.86,-1,-1,-1
231,1,326.00,269.00,437.00,232.00,0.91,-1,-1,-1
231,3,527.00,238.00,269.00,157.00,0.86,-1,-1,-1
232,1,326.00,269.00,437.00,232.00,0.91,-1,-1,-1
232,3,528.00,238.00,268.00,157.00,0.86,-1,-1,-1
233,1,327.00,269.00,436.00,232.00,0.91,-1,-1,-1
233,3,528.00,238.00,268.00,157.00,0.86,-1,-1,-1
234,1,327.00,269.00,436.00,232.00,0.91,-1,-1,-1
234,3,528.00,238.00,268.00,157.00,0.86,-1,-1,-1
235,1,326.00,268.00,437.00,233.00,0.91,-1,-1,-1
235,3,527.00,238.00,269.00,157.00,0.86,-1,-1,-1
236,1,327.00,268.00,436.00,233.00,0.92,-1,-1,-1
236,3,528.00,238.00,268.00,157.00,0.87,-1,-1,-1
237,1,327.00,268.00,436.00,233.00,0.92,-1,-1,-1
237,3,527.00,238.00,269.00,157.00,0.87,-1,-1,-1
238,1,327.00,268.00,435.00,233.00,0.92,-1,-1,-1
238,3,527.00,238.00,269.00,157.00,0.87,-1,-1,-1
239,1,327.00,268.00,435.00,233.00,0.92,-1,-1,-1
239,3,527.00,238.00,269.00,157.00,0.87,-1,-1,-1
240,1,327.00,268.00,435.00,233.00,0.92,-1,-1,-1
240,3,527.00,238.00,269.00,157.00,0.87,-1,-1,-1
241,1,328.00,268.00,434.00,233.00,0.92,-1,-1,-1
241,3,527.00,238.00,270.00,157.00,0.87,-1,-1,-1
242,1,327.00,268.00,436.00,235.00,0.91,-1,-1,-1
242,3,526.00,238.00,273.00,158.00,0.86,-1,-1,-1
243,1,327.00,269.00,437.00,234.00,0.92,-1,-1,-1
243,3,527.00,237.00,272.00,160.00,0.86,-1,-1,-1
244,1,327.00,269.00,436.00,234.00,0.92,-1,-1,-1
244,3,527.00,238.00,272.00,159.00,0.86,-1,-1,-1
245,1,328.00,269.00,435.00,234.00,0.91,-1,-1,-1
245,3,527.00,238.00,272.00,159.00,0.86,-1,-1,-1
246,1,328.00,269.00,434.00,235.00,0.91,-1,-1,-1
246,3,527.00,238.00,272.00,158.00,0.86,-1,-1,-1
247,1,328.00,270.00,434.00,234.00,0.91,-1,-1,-1
247,3,528.00,238.00,271.00,158.00,0.86,-1,-1,-1
248,1,328.00,269.00,435.00,235.00,0.91,-1,-1,-1
248,3,528.00,238.00,270.00,158.00,0.87,-1,-1,-1
249,1,327.00,268.00,436.00,236.00,0.91,-1,-1,-1
249,3,528.00,238.00,270.00,158.00,0.86,-1,-1,-1
250,1,327.00,268.00,436.00,236.00,0.91,-1,-1,-1
250,3,527.00,237.00,271.00,159.00,0.86,-1,-1,-1
251,1,328.00,268.00,435.00,236.00,0.91,-1,-1,-1
251,3,527.00,237.00,272.00,159.00,0.86,-1,-1,-1
252,1,328.00,269.00,434.00,235.00,0.91,-1,-1,-1
252,3,527.00,237.00,272.00,159.00,0.86,-1,-1,-1
253,1,328.00,269.00,434.00,235.00,0.91,-1,-1,-1
253,3,527.00,237.00,271.00,159.00,0.86,-1,-1,-1
254,1,329.00,269.00,433.00,235.00,0.91,-1,-1,-1
254,3,527.00,237.00,271.00,159.00,0.86,-1,-1,-1
255,1,329.00,269.00,433.00,235.00,0.91,-1,-1,-1
255,3,528.00,237.00,270.00,159.00,0.86,-1,-1,-1
256,1,330.00,270.00,431.00,234.00,0.91,-1,-1,-1
256,3,527.00,237.00,271.00,159.00,0.86,-1,-1,-1
257,1,330.00,271.00,430.00,233.00,0.91,-1,-1,-1
257,3,527.00,237.00,272.00,159.00,0.86,-1,-1,-1
258,1,330.00,270.00,431.00,234.00,0.91,-1,-1,-1
258,3,527.00,237.00,271.00,160.00,0.86,-1,-1,-1
259,1,330.00,270.00,431.00,234.00,0.91,-1,-1,-1
259,3,527.00,237.00,271.00,160.00,0.86,-1,-1,-1
260,1,329.00,269.00,432.00,235.00,0.91,-1,-1,-1
260,3,527.00,237.00,271.00,160.00,0.86,-1,-1,-1
261,1,329.00,269.00,432.00,235.00,0.91,-1,-1,-1
261,3,527.00,237.00,271.00,160.00,0.86,-1,-1,-1
262,1,329.00,269.00,432.00,235.00,0.91,-1,-1,-1
262,3,527.00,237.00,271.00,160.00,0.86,-1,-1,-1
263,1,329.00,269.00,432.00,235.00,0.91,-1,-1,-1
263,3,527.00,237.00,271.00,160.00,0.86,-1,-1,-1
264,1,329.00,269.00,433.00,235.00,0.91,-1,-1,-1
264,3,527.00,237.00,271.00,160.00,0.86,-1,-1,-1
265,1,329.00,268.00,433.00,236.00,0.91,-1,-1,-1
265,3,527.00,237.00,272.00,160.00,0.86,-1,-1,-1
266,1,329.00,268.00,433.00,236.00,0.91,-1,-1,-1
266,3,527.00,237.00,271.00,160.00,0.86,-1,-1,-1
267,1,329.00,268.00,433.00,236.00,0.91,-1,-1,-1
267,3,527.00,237.00,271.00,160.00,0.86,-1,-1,-1
268,1,329.00,268.00,433.00,236.00,0.91,-1,-1,-1
268,3,527.00,238.00,271.00,159.00,0.86,-1,-1,-1
269,1,329.00,268.00,433.00,236.00,0.91,-1,-1,-1
269,3,527.00,238.00,271.00,159.00,0.86,-1,-1,-1
270,1,329.00,268.00,433.00,236.00,0.91,-1,-1,-1
270,3,527.00,238.00,271.00,159.00,0.86,-1,-1,-1
271,1,329.00,268.00,433.00,236.00,0.92,-1,-1,-1
271,3,527.00,238.00,271.00,159.00,0.86,-1,-1,-1
272,1,330.00,268.00,431.00,235.00,0.91,-1,-1,-1
272,3,525.00,238.00,277.00,163.00,0.86,-1,-1,-1
273,1,330.00,268.00,430.00,235.00,0.91,-1,-1,-1
273,3,524.00,238.00,279.00,165.00,0.86,-1,-1,-1
274,1,330.00,269.00,430.00,233.00,0.91,-1,-1,-1
274,3,524.00,238.00,279.00,166.00,0.86,-1,-1,-1
275,1,330.00,269.00,430.00,233.00,0.91,-1,-1,-1
275,3,524.00,238.00,279.00,166.00,0.86,-1,-1,-1
276,1,330.00,269.00,430.00,233.00,0.91,-1,-1,-1
276,3,525.00,238.00,278.00,166.00,0.86,-1,-1,-1
277,1,330.00,269.00,430.00,233.00,0.91,-1,-1,-1
277,3,525.00,238.00,278.00,166.00,0.86,-1,-1,-1
278,1,330.00,269.00,430.00,233.00,0.91,-1,-1,-1
278,3,526.00,238.00,276.00,166.00,0.85,-1,-1,-1
279,1,330.00,269.00,430.00,233.00,0.91,-1,-1,-1
279,3,526.00,238.00,276.00,166.00,0.86,-1,-1,-1
280,1,330.00,269.00,430.00,233.00,0.91,-1,-1,-1
280,3,526.00,238.00,276.00,165.00,0.86,-1,-1,-1
281,1,330.00,269.00,430.00,233.00,0.91,-1,-1,-1
281,3,526.00,238.00,275.00,165.00,0.86,-1,-1,-1
282,1,330.00,269.00,430.00,233.00,0.91,-1,-1,-1
282,3,527.00,238.00,275.00,165.00,0.86,-1,-1,-1
283,1,330.00,269.00,430.00,233.00,0.91,-1,-1,-1
283,3,527.00,238.00,275.00,165.00,0.86,-1,-1,-1
284,1,330.00,269.00,430.00,234.00,0.91,-1,-1,-1
284,3,527.00,238.00,275.00,166.00,0.86,-1,-1,-1
285,1,330.00,269.00,430.00,234.00,0.91,-1,-1,-1
285,3,527.00,238.00,275.00,166.00,0.86,-1,-1,-1
286,1,329.00,269.00,431.00,234.00,0.91,-1,-1,-1
286,3,527.00,238.00,275.00,166.00,0.86,-1,-1,-1
287,1,329.00,268.00,432.00,235.00,0.91,-1,-1,-1
287,3,527.00,238.00,275.00,166.00,0.86,-1,-1,-1
288,1,329.00,268.00,432.00,235.00,0.91,-1,-1,-1
288,3,527.00,238.00,275.00,166.00,0.86,-1,-1,-1
289,1,330.00,268.00,430.00,235.00,0.91,-1,-1,-1
289,3,527.00,238.00,274.00,165.00,0.85,-1,-1,-1
290,1,330.00,268.00,430.00,235.00,0.91,-1,-1,-1
290,3,527.00,238.00,274.00,165.00,0.86,-1,-1,-1
291,1,330.00,268.00,430.00,235.00,0.91,-1,-1,-1
291,3,527.00,238.00,274.00,166.00,0.85,-1,-1,-1
292,1,329.00,268.00,431.00,235.00,0.91,-1,-1,-1
292,3,527.00,238.00,274.00,166.00,0.85,-1,-1,-1
293,1,329.00,268.00,432.00,235.00,0.91,-1,-1,-1
293,3,527.00,238.00,275.00,166.00,0.85,-1,-1,-1
294,1,329.00,268.00,432.00,235.00,0.91,-1,-1,-1
294,3,527.00,238.00,275.00,166.00,0.86,-1,-1,-1
295,1,329.00,268.00,432.00,235.00,0.91,-1,-1,-1
295,3,527.00,238.00,275.00,166.00,0.85,-1,-1,-1
296,1,329.00,268.00,432.00,235.00,0.91,-1,-1,-1
296,3,528.00,238.00,273.00,166.00,0.85,-1,-1,-1
297,1,329.00,268.00,432.00,235.00,0.91,-1,-1,-1
297,3,528.00,238.00,273.00,166.00,0.85,-1,-1,-1
298,1,329.00,268.00,432.00,235.00,0.91,-1,-1,-1
298,3,528.00,238.00,273.00,166.00,0.85,-1,-1,-1
299,1,329.00,268.00,432.00,235.00,0.92,-1,-1,-1
299,3,528.00,238.00,273.00,166.00,0.85,-1,-1,-1
300,1,329.00,268.00,432.00,235.00,0.92,-1,-1,-1
300,3,528.00,238.00,273.00,166.00,0.85,-1,-1,-1
301,1,329.00,268.00,432.00,235.00,0.91,-1,-1,-1
301,3,528.00,238.00,273.00,166.00,0.85,-1,-1,-1
302,1,330.00,269.00,430.00,233.00,0.91,-1,-1,-1
302,3,528.00,238.00,271.00,164.00,0.86,-1,-1,-1
303,1,331.00,269.00,428.00,233.00,0.91,-1,-1,-1
303,3,528.00,238.00,270.00,163.00,0.86,-1,-1,-1
304,1,330.00,269.00,429.00,233.00,0.91,-1,-1,-1
304,3,529.00,238.00,268.00,163.00,0.86,-1,-1,-1
305,1,330.00,269.00,429.00,233.00,0.91,-1,-1,-1
305,3,528.00,238.00,270.00,163.00,0.86,-1,-1,-1
306,1,330.00,269.00,430.00,233.00,0.91,-1,-1,-1
306,3,528.00,238.00,269.00,163.00,0.86,-1,-1,-1
307,1,330.00,269.00,429.00,233.00,0.91,-1,-1,-1
307,3,528.00,238.00,269.00,163.00,0.86,-1,-1,-1
308,1,330.00,269.00,429.00,233.00,0.91,-1,-1,-1
308,3,528.00,238.00,269.00,163.00,0.86,-1,-1,-1
309,1,330.00,270.00,429.00,232.00,0.91,-1,-1,-1
309,3,528.00,238.00,269.00,163.00,0.86,-1,-1,-1
310,1,330.00,270.00,430.00,232.00,0.91,-1,-1,-1
310,3,528.00,238.00,270.00,163.00,0.86,-1,-1,-1
311,1,330.00,269.00,430.00,233.00,0.91,-1,-1,-1
311,3,528.00,238.00,270.00,163.00,0.86,-1,-1,-1
312,1,330.00,269.00,430.00,233.00,0.91,-1,-1,-1
312,3,528.00,238.00,270.00,163.00,0.86,-1,-1,-1
313,1,330.00,270.00,430.00,232.00,0.91,-1,-1,-1
313,3,528.00,238.00,270.00,163.00,0.86,-1,-1,-1
314,1,330.00,270.00,430.00,232.00,0.91,-1,-1,-1
314,3,528.00,238.00,270.00,163.00,0.86,-1,-1,-1
315,1,330.00,270.00,430.00,232.00,0.91,-1,-1,-1
315,3,528.00,238.00,270.00,163.00,0.86,-1,-1,-1
316,1,330.00,270.00,430.00,232.00,0.91,-1,-1,-1
316,3,528.00,238.00,270.00,163.00,0.86,-1,-1,-1
317,1,329.00,269.00,431.00,233.00,0.91,-1,-1,-1
317,3,528.00,238.00,270.00,163.00,0.86,-1,-1,-1
318,1,329.00,269.00,432.00,233.00,0.91,-1,-1,-1
318,3,528.00,238.00,270.00,163.00,0.86,-1,-1,-1
319,1,329.00,269.00,432.00,233.00,0.91,-1,-1,-1
319,3,528.00,238.00,270.00,163.00,0.86,-1,-1,-1
320,1,329.00,269.00,432.00,233.00,0.91,-1,-1,-1
320,3,528.00,238.00,270.00,163.00,0.86,-1,-1,-1
321,1,329.00,269.00,432.00,233.00,0.91,-1,-1,-1
321,3,528.00,238.00,270.00,163.00,0.86,-1,-1,-1
322,1,329.00,269.00,432.00,233.00,0.91,-1,-1,-1
322,3,528.00,238.00,270.00,163.00,0.86,-1,-1,-1
323,1,329.00,269.00,432.00,233.00,0.91,-1,-1,-1
323,3,528.00,238.00,270.00,163.00,0.86,-1,-1,-1
324,1,329.00,269.00,432.00,233.00,0.91,-1,-1,-1
324,3,528.00,238.00,270.00,163.00,0.86,-1,-1,-1
325,1,329.00,269.00,432.00,233.00,0.91,-1,-1,-1
325,3,528.00,238.00,270.00,163.00,0.86,-1,-1,-1
326,1,329.00,269.00,432.00,233.00,0.91,-1,-1,-1
326,3,528.00,238.00,270.00,163.00,0.86,-1,-1,-1
327,1,329.00,269.00,431.00,233.00,0.91,-1,-1,-1
327,3,528.00,238.00,270.00,163.00,0.86,-1,-1,-1
328,1,329.00,269.00,431.00,233.00,0.91,-1,-1,-1
328,3,528.00,238.00,270.00,163.00,0.86,-1,-1,-1
329,1,330.00,269.00,430.00,233.00,0.91,-1,-1,-1
329,3,528.00,238.00,270.00,163.00,0.86,-1,-1,-1
330,1,329.00,269.00,431.00,233.00,0.91,-1,-1,-1
330,3,528.00,238.00,270.00,163.00,0.86,-1,-1,-1
331,1,330.00,270.00,430.00,232.00,0.91,-1,-1,-1
331,3,529.00,238.00,269.00,163.00,0.86,-1,-1,-1
332,1,330.00,270.00,429.00,232.00,0.91,-1,-1,-1
332,3,530.00,238.00,265.00,160.00,0.85,-1,-1,-1
333,1,330.00,269.00,430.00,232.00,0.91,-1,-1,-1
333,3,530.00,238.00,264.00,159.00,0.85,-1,-1,-1
334,1,330.00,269.00,430.00,232.00,0.91,-1,-1,-1
334,3,530.00,238.00,264.00,159.00,0.86,-1,-1,-1
335,1,330.00,269.00,430.00,232.00,0.91,-1,-1,-1
335,3,529.00,237.00,266.00,160.00,0.86,-1,-1,-1
336,1,330.00,269.00,430.00,232.00,0.91,-1,-1,-1
336,3,529.00,238.00,265.00,158.00,0.85,-1,-1,-1
337,1,330.00,270.00,429.00,231.00,0.91,-1,-1,-1
337,3,530.00,238.00,264.00,158.00,0.85,-1,-1,-1
338,1,330.00,269.00,430.00,232.00,0.91,-1,-1,-1
338,3,529.00,238.00,265.00,158.00,0.85,-1,-1,-1
339,1,331.00,270.00,428.00,231.00,0.91,-1,-1,-1
339,3,529.00,238.00,265.00,158.00,0.86,-1,-1,-1
340,1,331.00,271.00,427.00,230.00,0.91,-1,-1,-1
340,3,528.00,238.00,268.00,159.00,0.85,-1,-1,-1
341,1,333.00,274.00,423.00,227.00,0.90,-1,-1,-1
341,3,528.00,238.00,268.00,160.00,0.84,-1,-1,-1
342,1,334.00,275.00,422.00,226.00,0.90,-1,-1,-1
342,3,528.00,238.00,268.00,160.00,0.85,-1,-1,-1
343,1,334.00,275.00,422.00,226.00,0.90,-1,-1,-1
343,3,528.00,238.00,268.00,159.00,0.84,-1,-1,-1
344,1,334.00,277.00,421.00,224.00,0.90,-1,-1,-1
344,3,528.00,238.00,268.00,159.00,0.84,-1,-1,-1
345,1,334.00,277.00,421.00,224.00,0.90,-1,-1,-1
345,3,528.00,238.00,268.00,160.00,0.85,-1,-1,-1
346,1,333.00,276.00,424.00,225.00,0.90,-1,-1,-1
346,3,528.00,238.00,268.00,160.00,0.85,-1,-1,-1
347,1,332.00,275.00,425.00,226.00,0.90,-1,-1,-1
347,3,528.00,238.00,268.00,160.00,0.85,-1,-1,-1
348,1,332.00,276.00,425.00,225.00,0.91,-1,-1,-1
348,3,528.00,238.00,268.00,159.00,0.85,-1,-1,-1
