2,1,399.00,254.00,279.00,129.00,0.89,-1,-1,-1
3,1,399.00,254.00,278.00,129.00,0.89,-1,-1,-1
4,1,399.00,254.00,279.00,129.00,0.89,-1,-1,-1
5,1,399.00,254.00,279.00,129.00,0.89,-1,-1,-1
6,1,399.00,255.00,278.00,128.00,0.89,-1,-1,-1
7,1,399.00,255.00,278.00,128.00,0.89,-1,-1,-1
8,1,399.00,255.00,278.00,128.00,0.89,-1,-1,-1
9,1,400.00,255.00,277.00,128.00,0.89,-1,-1,-1
10,1,400.00,255.00,277.00,128.00,0.89,-1,-1,-1
11,1,400.00,255.00,277.00,128.00,0.90,-1,-1,-1
12,1,401.00,256.00,276.00,127.00,0.90,-1,-1,-1
13,1,401.00,256.00,275.00,127.00,0.90,-1,-1,-1
14,1,401.00,256.00,275.00,127.00,0.90,-1,-1,-1
15,1,401.00,256.00,275.00,127.00,0.90,-1,-1,-1
16,1,401.00,256.00,275.00,127.00,0.90,-1,-1,-1
17,1,401.00,256.00,275.00,127.00,0.90,-1,-1,-1
18,1,401.00,256.00,275.00,127.00,0.90,-1,-1,-1
19,1,400.00,256.00,276.00,127.00,0.90,-1,-1,-1
20,1,400.00,256.00,276.00,127.00,0.90,-1,-1,-1
21,1,400.00,256.00,276.00,127.00,0.90,-1,-1,-1
22,1,400.00,256.00,276.00,127.00,0.90,-1,-1,-1
23,1,400.00,256.00,276.00,127.00,0.90,-1,-1,-1
24,1,400.00,256.00,277.00,127.00,0.90,-1,-1,-1
25,1,400.00,256.00,277.00,127.00,0.90,-1,-1,-1
26,1,400.00,256.00,277.00,127.00,0.90,-1,-1,-1
27,1,400.00,256.00,277.00,127.00,0.90,-1,-1,-1
28,1,400.00,256.00,277.00,127.00,0.90,-1,-1,-1
29,1,400.00,256.00,277.00,127.00,0.90,-1,-1,-1
30,1,400.00,256.00,277.00,126.00,0.90,-1,-1,-1
31,1,400.00,256.00,277.00,126.00,0.90,-1,-1,-1
32,1,400.00,257.00,275.00,125.00,0.91,-1,-1,-1
33,1,399.00,258.00,276.00,124.00,0.91,-1,-1,-1
34,1,399.00,258.00,276.00,124.00,0.91,-1,-1,-1
35,1,399.00,258.00,276.00,125.00,0.91,-1,-1,-1
36,1,398.00,258.00,277.00,125.00,0.91,-1,-1,-1
37,1,398.00,258.00,277.00,125.00,0.91,-1,-1,-1
38,1,398.00,258.00,277.00,125.00,0.91,-1,-1,-1
39,1,398.00,258.00,278.00,125.00,0.90,-1,-1,-1
40,1,398.00,257.00,278.00,126.00,0.90,-1,-1,-1
41,1,398.00,257.00,278.00,126.00,0.90,-1,-1,-1
41,4,875.00,241.00,144.00,100.00,0.87,-1,-1,-1
42,1,398.00,257.00,278.00,126.00,0.90,-1,-1,-1
42,4,876.00,241.00,143.00,101.00,0.86,-1,-1,-1
43,1,398.00,257.00,278.00,126.00,0.90,-1,-1,-1
43,4,877.00,242.00,143.00,103.00,0.84,-1,-1,-1
44,1,398.00,257.00,278.00,126.00,0.90,-1,-1,-1
44,4,878.00,242.00,142.00,105.00,0.81,-1,-1,-1
45,1,397.00,257.00,279.00,126.00,0.90,-1,-1,-1
45,4,878.00,242.00,142.00,106.00,0.84,-1,-1,-1
46,1,397.00,257.00,279.00,126.00,0.90,-1,-1,-1
46,4,879.00,243.00,140.00,107.00,0.83,-1,-1,-1
47,1,397.00,257.00,279.00,126.00,0.90,-1,-1,-1
47,4,879.00,244.00,140.00,108.00,0.84,-1,-1,-1
48,1,397.00,257.00,279.00,126.00,0.90,-1,-1,-1
48,4,879.00,245.00,139.00,109.00,0.84,-1,-1,-1
49,1,397.00,257.00,279.00,126.00,0.90,-1,-1,-1
49,4,878.00,245.00,137.00,110.00,0.84,-1,-1,-1
50,1,397.00,257.00,279.00,126.00,0.90,-1,-1,-1
50,4,878.00,246.00,135.00,110.00,0.85,-1,-1,-1
51,1,397.00,257.00,279.00,126.00,0.90,-1,-1,-1
51,4,878.00,248.00,133.00,110.00,0.86,-1,-1,-1
52,1,397.00,257.00,279.00,126.00,0.90,-1,-1,-1
52,4,876.00,249.00,132.00,111.00,0.86,-1,-1,-1
53,1,397.00,257.00,279.00,126.00,0.90,-1,-1,-1
53,4,873.00,249.00,132.00,113.00,0.87,-1,-1,-1
54,1,397.00,257.00,279.00,126.00,0.90,-1,-1,-1
54,4,871.00,249.00,131.00,114.00,0.86,-1,-1,-1
55,1,397.00,257.00,279.00,126.00,0.90,-1,-1,-1
55,4,866.00,248.00,132.00,116.00,0.85,-1,-1,-1
56,1,397.00,257.00,280.00,126.00,0.90,-1,-1,-1
56,4,862.00,249.00,132.00,117.00,0.86,-1,-1,-1
57,1,397.00,257.00,280.00,126.00,0.90,-1,-1,-1
57,4,859.00,249.00,132.00,118.00,0.88,-1,-1,-1
58,1,397.00,257.00,280.00,126.00,0.90,-1,-1,-1
58,4,855.00,250.00,133.00,119.00,0.89,-1,-1,-1
59,1,397.00,257.00,280.00,126.00,0.90,-1,-1,-1
59,4,850.00,251.00,134.00,120.00,0.90,-1,-1,-1
60,1,397.00,257.00,280.00,126.00,0.90,-1,-1,-1
60,4,847.00,251.00,135.00,121.00,0.90,-1,-1,-1
61,1,397.00,257.00,280.00,126.00,0.90,-1,-1,-1
61,4,843.00,252.00,136.00,122.00,0.90,-1,-1,-1
62,1,397.00,256.00,281.00,127.00,0.90,-1,-1,-1
62,4,838.00,253.00,138.00,122.00,0.90,-1,-1,-1
63,1,397.00,256.00,282.00,127.00,0.90,-1,-1,-1
63,4,833.00,254.00,141.00,123.00,0.91,-1,-1,-1
64,1,397.00,256.00,282.00,127.00,0.90,-1,-1,-1
64,4,828.00,254.00,144.00,125.00,0.92,-1,-1,-1
65,1,397.00,256.00,282.00,127.00,0.90,-1,-1,-1
65,4,821.00,254.00,148.00,127.00,0.91,-1,-1,-1
66,1,397.00,256.00,282.00,126.00,0.90,-1,-1,-1
66,4,816.00,254.00,152.00,128.00,0.91,-1,-1,-1
67,1,398.00,256.00,281.00,127.00,0.90,-1,-1,-1
67,4,810.00,255.00,155.00,128.00,0.90,-1,-1,-1
68,1,398.00,256.00,280.00,126.00,0.90,-1,-1,-1
68,4,804.00,255.00,157.00,129.00,0.90,-1,-1,-1
69,1,398.00,256.00,280.00,127.00,0.90,-1,-1,-1
69,4,799.00,255.00,160.00,129.00,0.91,-1,-1,-1
70,1,398.00,256.00,280.00,127.00,0.90,-1,-1,-1
70,4,792.00,255.00,164.00,130.00,0.91,-1,-1,-1
71,1,398.00,256.00,280.00,127.00,0.90,-1,-1,-1
71,4,784.00,255.00,170.00,131.00,0.91,-1,-1,-1
72,1,398.00,256.00,280.00,126.00,0.90,-1,-1,-1
72,4,779.00,254.00,174.00,132.00,0.90,-1,-1,-1
73,1,398.00,256.00,280.00,126.00,0.90,-1,-1,-1
73,4,773.00,255.00,177.00,133.00,0.91,-1,-1,-1
74,1,398.00,256.00,280.00,126.00,0.90,-1,-1,-1
74,4,765.00,255.00,182.00,134.00,0.91,-1,-1,-1
75,1,398.00,256.00,280.00,126.00,0.90,-1,-1,-1
75,4,758.00,254.00,188.00,136.00,0.91,-1,-1,-1
76,1,398.00,256.00,280.00,126.00,0.90,-1,-1,-1
76,4,750.00,254.00,194.00,137.00,0.91,-1,-1,-1
77,1,398.00,256.00,280.00,126.00,0.90,-1,-1,-1
77,4,742.00,253.00,199.00,140.00,0.91,-1,-1,-1
78,1,399.00,256.00,279.00,126.00,0.90,-1,-1,-1
78,4,738.00,254.00,203.00,140.00,0.91,-1,-1,-1
79,1,399.00,256.00,279.00,126.00,0.90,-1,-1,-1
79,4,733.00,254.00,209.00,141.00,0.90,-1,-1,-1
80,1,399.00,256.00,279.00,126.00,0.90,-1,-1,-1
80,4,723.00,255.00,213.00,141.00,0.90,-1,-1,-1
81,1,399.00,256.00,279.00,126.00,0.90,-1,-1,-1
81,4,716.00,255.00,217.00,142.00,0.91,-1,-1,-1
82,1,399.00,256.00,279.00,127.00,0.90,-1,-1,-1
82,4,709.00,255.00,221.00,142.00,0.90,-1,-1,-1
83,1,399.00,256.00,279.00,127.00,0.90,-1,-1,-1
83,4,701.00,256.00,224.00,143.00,0.91,-1,-1,-1
84,1,399.00,256.00,279.00,127.00,0.90,-1,-1,-1
84,4,695.00,256.00,228.00,143.00,0.91,-1,-1,-1
85,1,399.00,256.00,279.00,127.00,0.90,-1,-1,-1
85,4,687.00,256.00,233.00,145.00,0.91,-1,-1,-1
86,1,398.00,256.00,280.00,127.00,0.90,-1,-1,-1
86,4,678.00,256.00,239.00,146.00,0.91,-1,-1,-1
87,1,398.00,256.00,280.00,127.00,0.90,-1,-1,-1
87,4,672.00,256.00,243.00,147.00,0.91,-1,-1,-1
88,1,398.00,256.00,279.00,127.00,0.89,-1,-1,-1
88,4,664.00,255.00,248.00,149.00,0.92,-1,-1,-1
89,1,398.00,256.00,279.00,127.00,0.89,-1,-1,-1
89,4,656.00,255.00,252.00,150.00,0.92,-1,-1,-1
90,1,398.00,256.00,279.00,127.00,0.89,-1,-1,-1
90,4,650.00,255.00,256.00,150.00,0.92,-1,-1,-1
91,1,399.00,256.00,278.00,127.00,0.89,-1,-1,-1
91,4,643.00,255.00,260.00,151.00,0.91,-1,-1,-1
92,1,399.00,256.00,277.00,126.00,0.89,-1,-1,-1
92,4,634.00,254.00,267.00,154.00,0.91,-1,-1,-1
93,1,399.00,257.00,276.00,125.00,0.89,-1,-1,-1
93,4,626.00,254.00,272.00,156.00,0.91,-1,-1,-1
94,1,398.00,257.00,276.00,125.00,0.89,-1,-1,-1
94,4,618.00,253.00,278.00,158.00,0.91,-1,-1,-1
95,1,398.00,257.00,276.00,125.00,0.89,-1,-1,-1
95,4,612.00,254.00,279.00,158.00,0.92,-1,-1,-1
96,1,398.00,257.00,276.00,125.00,0.89,-1,-1,-1
96,4,606.00,255.00,282.00,158.00,0.91,-1,-1,-1
97,1,398.00,257.00,276.00,125.00,0.89,-1,-1,-1
97,4,599.00,255.00,285.00,159.00,0.90,-1,-1,-1
98,1,396.00,257.00,276.00,125.00,0.89,-1,-1,-1
98,4,591.00,254.00,290.00,161.00,0.91,-1,-1,-1
