2,1,298.00,289.00,445.00,234.00,0.93,-1,-1,-1
2,2,400.00,232.00,329.00,128.00,0.88,-1,-1,-1
2,3,674.00,226.00,213.00,123.00,0.74,-1,-1,-1
3,1,298.00,289.00,445.00,234.00,0.93,-1,-1,-1
3,2,400.00,232.00,329.00,128.00,0.88,-1,-1,-1
3,3,673.00,226.00,213.00,123.00,0.70,-1,-1,-1
4,1,298.00,290.00,444.00,233.00,0.93,-1,-1,-1
4,2,400.00,232.00,329.00,128.00,0.88,-1,-1,-1
4,3,673.00,226.00,213.00,123.00,0.71,-1,-1,-1
5,1,298.00,289.00,445.00,234.00,0.93,-1,-1,-1
5,2,399.00,231.00,331.00,128.00,0.88,-1,-1,-1
5,3,674.00,226.00,212.00,123.00,0.74,-1,-1,-1
6,1,298.00,289.00,445.00,234.00,0.93,-1,-1,-1
6,2,398.00,230.00,333.00,129.00,0.88,-1,-1,-1
6,3,674.00,226.00,212.00,123.00,0.73,-1,-1,-1
7,1,298.00,289.00,445.00,234.00,0.93,-1,-1,-1
7,2,400.00,232.00,329.00,127.00,0.88,-1,-1,-1
7,3,674.00,226.00,212.00,123.00,0.73,-1,-1,-1
8,1,298.00,289.00,445.00,234.00,0.93,-1,-1,-1
8,2,401.00,232.00,328.00,128.00,0.88,-1,-1,-1
8,3,674.00,226.00,212.00,123.00,0.74,-1,-1,-1
9,1,298.00,289.00,445.00,234.00,0.93,-1,-1,-1
9,2,399.00,231.00,331.00,128.00,0.88,-1,-1,-1
9,3,673.00,226.00,213.00,123.00,0.73,-1,-1,-1
10,1,298.00,289.00,445.00,234.00,0.93,-1,-1,-1
10,2,400.00,232.00,329.00,127.00,0.88,-1,-1,-1
10,3,673.00,226.00,213.00,123.00,0.73,-1,-1,-1
11,1,298.00,289.00,445.00,234.00,0.93,-1,-1,-1
11,2,400.00,232.00,329.00,128.00,0.88,-1,-1,-1
11,3,674.00,226.00,212.00,122.00,0.73,-1,-1,-1
12,1,298.00,289.00,445.00,234.00,0.93,-1,-1,-1
12,2,399.00,230.00,331.00,129.00,0.88,-1,-1,-1
12,3,674.00,226.00,213.00,122.00,0.77,-1,-1,-1
13,1,298.00,289.00,445.00,234.00,0.93,-1,-1,-1
13,2,400.00,231.00,329.00,128.00,0.88,-1,-1,-1
13,3,674.00,226.00,213.00,122.00,0.75,-1,-1,-1
14,1,298.00,289.00,445.00,234.00,0.93,-1,-1,-1
14,2,400.00,232.00,329.00,127.00,0.88,-1,-1,-1
14,3,674.00,226.00,212.00,122.00,0.72,-1,-1,-1
15,1,298.00,289.00,445.00,234.00,0.93,-1,-1,-1
15,2,400.00,232.00,329.00,127.00,0.88,-1,-1,-1
15,3,674.00,226.00,213.00,122.00,0.73,-1,-1,-1
16,1,298.00,289.00,445.00,234.00,0.93,-1,-1,-1
16,2,400.00,232.00,329.00,127.00,0.88,-1,-1,-1
16,3,674.00,226.00,213.00,122.00,0.71,-1,-1,-1
17,1,298.00,289.00,445.00,234.00,0.93,-1,-1,-1
17,2,401.00,232.00,327.00,127.00,0.88,-1,-1,-1
17,3,674.00,226.00,212.00,122.00,0.68,-1,-1,-1
18,1,298.00,289.00,445.00,234.00,0.93,-1,-1,-1
18,2,400.00,232.00,329.00,128.00,0.88,-1,-1,-1
18,3,673.00,226.00,213.00,122.00,0.69,-1,-1,-1
19,1,298.00,289.00,445.00,234.00,0.93,-1,-1,-1
19,2,400.00,232.00,329.00,128.00,0.88,-1,-1,-1
19,3,672.00,225.00,214.00,123.00,0.68,-1,-1,-1
20,1,298.00,289.00,445.00,234.00,0.93,-1,-1,-1
20,2,399.00,231.00,331.00,128.00,0.88,-1,-1,-1
20,3,673.00,226.00,213.00,122.00,0.68,-1,-1,-1
21,1,298.00,289.00,445.00,234.00,0.93,-1,-1,-1
21,2,401.00,232.00,327.00,127.00,0.88,-1,-1,-1
21,3,673.00,226.00,213.00,122.00,0.69,-1,-1,-1
22,1,298.00,289.00,445.00,234.00,0.93,-1,-1,-1
22,2,401.00,232.00,327.00,127.00,0.88,-1,-1,-1
22,3,673.00,226.00,213.00,122.00,0.70,-1,-1,-1
23,1,298.00,289.00,445.00,234.00,0.93,-1,-1,-1
23,2,401.00,232.00,328.00,127.00,0.88,-1,-1,-1
23,3,673.00,226.00,213.00,122.00,0.69,-1,-1,-1
24,1,298.00,289.00,445.00,234.00,0.93,-1,-1,-1
24,2,399.00,231.00,331.00,128.00,0.88,-1,-1,-1
24,3,673.00,226.00,212.00,122.00,0.68,-1,-1,-1
25,1,298.00,289.00,445.00,234.00,0.93,-1,-1,-1
25,2,398.00,230.00,333.00,129.00,0.88,-1,-1,-1
25,3,673.00,226.00,212.00,122.00,0.70,-1,-1,-1
26,1,298.00,289.00,445.00,234.00,0.93,-1,-1,-1
26,2,398.00,229.00,334.00,130.00,0.88,-1,-1,-1
26,3,672.00,226.00,213.00,122.00,0.67,-1,-1,-1
27,1,298.00,289.00,445.00,234.00,0.93,-1,-1,-1
27,2,398.00,229.00,333.00,130.00,0.88,-1,-1,-1
27,3,673.00,227.00,213.00,121.00,0.70,-1,-1,-1
28,1,298.00,289.00,445.00,234.00,0.93,-1,-1,-1
28,2,398.00,229.00,334.00,130.00,0.88,-1,-1,-1
28,3,673.00,227.00,213.00,121.00,0.69,-1,-1,-1
29,1,297.00,288.00,446.00,235.00,0.93,-1,-1,-1
29,2,400.00,231.00,329.00,129.00,0.88,-1,-1,-1
29,3,673.00,227.00,213.00,121.00,0.71,-1,-1,-1
30,1,298.00,289.00,445.00,234.00,0.93,-1,-1,-1
30,2,400.00,231.00,329.00,128.00,0.88,-1,-1,-1
30,3,674.00,227.00,212.00,121.00,0.75,-1,-1,-1
31,1,298.00,289.00,445.00,234.00,0.93,-1,-1,-1
31,2,400.00,231.00,329.00,128.00,0.88,-1,-1,-1
31,3,674.00,227.00,212.00,121.00,0.75,-1,-1,-1
32,1,298.00,289.00,446.00,234.00,0.94,-1,-1,-1
32,2,400.00,231.00,329.00,128.00,0.89,-1,-1,-1
32,3,670.00,227.00,215.00,122.00,0.69,-1,-1,-1
33,1,298.00,289.00,446.00,235.00,0.94,-1,-1,-1
33,2,400.00,230.00,329.00,129.00,0.89,-1,-1,-1
33,3,667.00,226.00,218.00,124.00,0.69,-1,-1,-1
34,1,298.00,289.00,446.00,235.00,0.94,-1,-1,-1
34,2,400.00,230.00,329.00,129.00,0.89,-1,-1,-1
34,3,666.00,225.00,219.00,125.00,0.71,-1,-1,-1
35,1,298.00,289.00,446.00,235.00,0.94,-1,-1,-1
35,2,401.00,231.00,328.00,128.00,0.89,-1,-1,-1
35,3,667.00,226.00,219.00,124.00,0.71,-1,-1,-1
36,1,298.00,289.00,446.00,235.00,0.94,-1,-1,-1
36,2,401.00,231.00,328.00,128.00,0.89,-1,-1,-1
36,3,667.00,226.00,218.00,124.00,0.73,-1,-1,-1
37,1,298.00,289.00,446.00,235.00,0.94,-1,-1,-1
37,2,400.00,231.00,329.00,128.00,0.89,-1,-1,-1
37,3,667.00,225.00,218.00,124.00,0.72,-1,-1,-1
38,1,298.00,289.00,446.00,235.00,0.94,-1,-1,-1
38,2,400.00,230.00,329.00,129.00,0.89,-1,-1,-1
38,3,667.00,225.00,217.00,124.00,0.72,-1,-1,-1
39,1,298.00,289.00,446.00,235.00,0.94,-1,-1,-1
39,2,400.00,230.00,329.00,129.00,0.89,-1,-1,-1
39,3,669.00,226.00,217.00,124.00,0.76,-1,-1,-1
40,1,298.00,289.00,446.00,235.00,0.94,-1,-1,-1
40,2,400.00,230.00,330.00,129.00,0.89,-1,-1,-1
40,3,669.00,226.00,218.00,124.00,0.77,-1,-1,-1
41,1,298.00,289.00,446.00,235.00,0.94,-1,-1,-1
41,2,400.00,230.00,329.00,129.00,0.89,-1,-1,-1
41,3,669.00,226.00,218.00,124.00,0.76,-1,-1,-1
42,1,298.00,289.00,446.00,235.00,0.93,-1,-1,-1
42,2,400.00,230.00,330.00,129.00,0.89,-1,-1,-1
42,3,670.00,226.00,217.00,123.00,0.75,-1,-1,-1
43,1,298.00,289.00,446.00,234.00,0.93,-1,-1,-1
43,2,400.00,230.00,330.00,129.00,0.89,-1,-1,-1
43,3,670.00,226.00,217.00,123.00,0.75,-1,-1,-1
44,1,298.00,289.00,446.00,235.00,0.93,-1,-1,-1
44,2,400.00,230.00,329.00,129.00,0.89,-1,-1,-1
44,3,670.00,226.00,217.00,123.00,0.73,-1,-1,-1
45,1,299.00,289.00,445.00,235.00,0.93,-1,-1,-1
45,2,400.00,230.00,329.00,129.00,0.89,-1,-1,-1
45,3,670.00,226.00,217.00,124.00,0.74,-1,-1,-1
46,1,299.00,289.00,446.00,235.00,0.93,-1,-1,-1
46,2,400.00,231.00,329.00,128.00,0.89,-1,-1,-1
46,3,671.00,226.00,216.00,124.00,0.73,-1,-1,-1
47,1,301.00,289.00,445.00,235.00,0.93,-1,-1,-1
47,2,400.00,231.00,329.00,128.00,0.89,-1,-1,-1
47,3,671.00,226.00,216.00,123.00,0.73,-1,-1,-1
48,1,304.00,289.00,444.00,235.00,0.93,-1,-1,-1
48,2,401.00,231.00,328.00,128.00,0.89,-1,-1,-1
48,3,671.00,226.00,216.00,123.00,0.76,-1,-1,-1
49,1,307.00,289.00,442.00,235.00,0.93,-1,-1,-1
49,2,401.00,231.00,328.00,128.00,0.89,-1,-1,-1
49,3,671.00,226.00,216.00,123.00,0.74,-1,-1,-1
50,1,310.00,289.00,441.00,235.00,0.92,-1,-1,-1
50,2,401.00,232.00,327.00,127.00,0.89,-1,-1,-1
50,3,671.00,226.00,216.00,123.00,0.75,-1,-1,-1
51,1,312.00,289.00,439.00,235.00,0.92,-1,-1,-1
51,2,401.00,232.00,327.00,127.00,0.89,-1,-1,-1
51,3,672.00,226.00,215.00,123.00,0.75,-1,-1,-1
52,1,312.00,289.00,438.00,235.00,0.92,-1,-1,-1
52,2,401.00,232.00,327.00,127.00,0.89,-1,-1,-1
52,3,672.00,226.00,215.00,123.00,0.75,-1,-1,-1
53,1,309.00,288.00,438.00,236.00,0.91,-1,-1,-1
53,2,401.00,232.00,328.00,127.00,0.89,-1,-1,-1
53,3,672.00,226.00,215.00,123.00,0.76,-1,-1,-1
54,1,305.00,289.00,438.00,234.00,0.92,-1,-1,-1
54,2,399.00,230.00,331.00,129.00,0.89,-1,-1,-1
54,3,672.00,226.00,215.00,124.00,0.75,-1,-1,-1
55,1,303.00,289.00,439.00,234.00,0.93,-1,-1,-1
55,2,399.00,230.00,331.00,129.00,0.89,-1,-1,-1
55,3,672.00,226.00,215.00,124.00,0.76,-1,-1,-1
56,1,302.00,289.00,439.00,235.00,0.93,-1,-1,-1
56,2,400.00,231.00,330.00,128.00,0.89,-1,-1,-1
56,3,672.00,226.00,215.00,124.00,0.76,-1,-1,-1
57,1,301.00,289.00,439.00,235.00,0.93,-1,-1,-1
57,2,400.00,231.00,329.00,128.00,0.89,-1,-1,-1
57,3,672.00,226.00,215.00,124.00,0.75,-1,-1,-1
58,1,301.00,290.00,439.00,234.00,0.93,-1,-1,-1
58,2,400.00,231.00,329.00,128.00,0.89,-1,-1,-1
58,3,672.00,226.00,215.00,124.00,0.75,-1,-1,-1
59,1,301.00,290.00,439.00,234.00,0.93,-1,-1,-1
59,2,401.00,232.00,328.00,127.00,0.89,-1,-1,-1
59,3,672.00,226.00,215.00,124.00,0.75,-1,-1,-1
60,1,301.00,290.00,439.00,234.00,0.94,-1,-1,-1
60,2,401.00,232.00,327.00,127.00,0.89,-1,-1,-1
60,3,671.00,226.00,215.00,124.00,0.73,-1,-1,-1
61,1,301.00,290.00,439.00,234.00,0.94,-1,-1,-1
61,2,401.00,232.00,327.00,127.00,0.89,-1,-1,-1
61,3,670.00,226.00,216.00,124.00,0.72,-1,-1,-1
62,1,302.00,291.00,438.00,232.00,0.94,-1,-1,-1
62,2,399.00,231.00,330.00,128.00,0.89,-1,-1,-1
62,3,673.00,226.00,213.00,124.00,0.76,-1,-1,-1
63,1,302.00,291.00,438.00,231.00,0.94,-1,-1,-1
63,2,398.00,231.00,332.00,128.00,0.88,-1,-1,-1
63,3,674.00,226.00,212.00,123.00,0.77,-1,-1,-1
64,1,301.00,291.00,439.00,231.00,0.93,-1,-1,-1
64,2,398.00,230.00,332.00,129.00,0.88,-1,-1,-1
64,3,675.00,227.00,211.00,122.00,0.76,-1,-1,-1
65,1,301.00,291.00,439.00,231.00,0.93,-1,-1,-1
65,2,398.00,230.00,332.00,129.00,0.89,-1,-1,-1
65,3,675.00,226.00,211.00,123.00,0.74,-1,-1,-1
66,1,301.00,291.00,439.00,231.00,0.93,-1,-1,-1
66,2,398.00,230.00,332.00,129.00,0.88,-1,-1,-1
66,3,674.00,226.00,212.00,123.00,0.73,-1,-1,-1
67,1,301.00,291.00,439.00,231.00,0.93,-1,-1,-1
67,2,398.00,230.00,332.00,129.00,0.88,-1,-1,-1
67,3,674.00,226.00,212.00,123.00,0.73,-1,-1,-1
68,1,301.00,290.00,440.00,232.00,0.93,-1,-1,-1
68,2,399.00,231.00,331.00,128.00,0.88,-1,-1,-1
68,3,675.00,226.00,211.00,123.00,0.74,-1,-1,-1
69,1,300.00,290.00,441.00,232.00,0.93,-1,-1,-1
69,2,399.00,231.00,331.00,128.00,0.88,-1,-1,-1
69,3,675.00,226.00,211.00,123.00,0.73,-1,-1,-1
70,1,298.00,290.00,445.00,233.00,0.93,-1,-1,-1
70,2,399.00,231.00,330.00,128.00,0.88,-1,-1,-1
70,3,675.00,226.00,211.00,123.00,0.74,-1,-1,-1
71,1,299.00,290.00,443.00,233.00,0.93,-1,-1,-1
71,2,399.00,231.00,330.00,128.00,0.89,-1,-1,-1
71,3,675.00,226.00,211.00,123.00,0.72,-1,-1,-1
72,1,299.00,290.00,442.00,232.00,0.93,-1,-1,-1
72,2,400.00,231.00,329.00,128.00,0.88,-1,-1,-1
72,3,673.00,226.00,213.00,123.00,0.71,-1,-1,-1
73,1,299.00,290.00,442.00,232.00,0.92,-1,-1,-1
73,2,400.00,231.00,329.00,128.00,0.88,-1,-1,-1
73,3,674.00,226.00,212.00,123.00,0.71,-1,-1,-1
74,1,299.00,291.00,442.00,231.00,0.92,-1,-1,-1
74,2,400.00,231.00,329.00,128.00,0.88,-1,-1,-1
74,3,675.00,226.00,210.00,122.00,0.71,-1,-1,-1
75,1,299.00,291.00,442.00,231.00,0.92,-1,-1,-1
75,2,400.00,231.00,329.00,128.00,0.88,-1,-1,-1
75,3,675.00,226.00,210.00,122.00,0.71,-1,-1,-1
76,1,299.00,291.00,442.00,232.00,0.92,-1,-1,-1
76,2,400.00,232.00,329.00,127.00,0.88,-1,-1,-1
76,3,673.00,226.00,212.00,123.00,0.70,-1,-1,-1
77,1,298.00,291.00,444.00,232.00,0.92,-1,-1,-1
77,2,399.00,231.00,330.00,128.00,0.89,-1,-1,-1
77,3,674.00,226.00,211.00,123.00,0.71,-1,-1,-1
78,1,299.00,290.00,443.00,233.00,0.92,-1,-1,-1
78,2,398.00,230.00,332.00,129.00,0.89,-1,-1,-1
78,3,675.00,226.00,210.00,122.00,0.72,-1,-1,-1
79,1,300.00,290.00,442.00,232.00,0.92,-1,-1,-1
79,2,398.00,230.00,332.00,129.00,0.89,-1,-1,-1
79,3,675.00,226.00,210.00,122.00,0.72,-1,-1,-1
80,1,300.00,290.00,442.00,232.00,0.92,-1,-1,-1
80,2,398.00,230.00,332.00,129.00,0.89,-1,-1,-1
80,3,673.00,226.00,212.00,123.00,0.71,-1,-1,-1
81,1,299.00,290.00,444.00,232.00,0.93,-1,-1,-1
81,2,398.00,230.00,332.00,129.00,0.89,-1,-1,-1
81,3,674.00,226.00,211.00,122.00,0.73,-1,-1,-1
82,1,299.00,289.00,443.00,232.00,0.93,-1,-1,-1
82,2,398.00,230.00,333.00,129.00,0.88,-1,-1,-1
82,3,675.00,226.00,210.00,122.00,0.74,-1,-1,-1
83,1,304.00,289.00,435.00,227.00,0.93,-1,-1,-1
83,2,399.00,230.00,331.00,130.00,0.89,-1,-1,-1
83,3,675.00,226.00,210.00,122.00,0.74,-1,-1,-1
84,1,307.00,289.00,431.00,225.00,0.92,-1,-1,-1
84,2,398.00,230.00,333.00,130.00,0.89,-1,-1,-1
84,3,676.00,226.00,209.00,121.00,0.74,-1,-1,-1
85,1,308.00,289.00,430.00,224.00,0.91,-1,-1,-1
85,2,399.00,230.00,331.00,130.00,0.88,-1,-1,-1
85,3,676.00,226.00,209.00,121.00,0.75,-1,-1,-1
86,1,308.00,289.00,430.00,223.00,0.91,-1,-1,-1
86,2,398.00,230.00,332.00,130.00,0.88,-1,-1,-1
86,3,677.00,226.00,208.00,121.00,0.73,-1,-1,-1
87,1,307.00,289.00,432.00,223.00,0.92,-1,-1,-1
87,2,398.00,230.00,333.00,130.00,0.88,-1,-1,-1
87,3,677.00,226.00,208.00,121.00,0.75,-1,-1,-1
88,1,307.00,289.00,434.00,223.00,0.91,-1,-1,-1
88,2,397.00,229.00,335.00,132.00,0.88,-1,-1,-1
88,3,677.00,226.00,208.00,121.00,0.75,-1,-1,-1
89,1,301.00,289.00,445.00,230.00,0.92,-1,-1,-1
89,2,398.00,230.00,333.00,130.00,0.88,-1,-1,-1
89,3,676.00,226.00,209.00,121.00,0.76,-1,-1,-1
90,1,299.00,289.00,448.00,232.00,0.92,-1,-1,-1
90,2,399.00,230.00,331.00,130.00,0.88,-1,-1,-1
90,3,676.00,226.00,210.00,122.00,0.76,-1,-1,-1
91,1,299.00,289.00,447.00,232.00,0.92,-1,-1,-1
91,2,400.00,230.00,329.00,130.00,0.88,-1,-1,-1
91,3,676.00,226.00,210.00,122.00,0.77,-1,-1,-1
92,1,299.00,290.00,445.00,230.00,0.92,-1,-1,-1
92,2,401.00,231.00,327.00,128.00,0.89,-1,-1,-1
92,3,666.00,226.00,217.00,125.00,0.63,-1,-1,-1
93,1,299.00,290.00,445.00,230.00,0.92,-1,-1,-1
93,2,401.00,232.00,326.00,127.00,0.88,-1,-1,-1
93,3,662.00,225.00,221.00,127.00,0.60,-1,-1,-1
94,1,298.00,291.00,446.00,230.00,0.92,-1,-1,-1
94,2,401.00,232.00,327.00,127.00,0.88,-1,-1,-1
94,3,662.00,225.00,221.00,127.00,0.54,-1,-1,-1
95,1,298.00,291.00,447.00,231.00,0.92,-1,-1,-1
95,2,401.00,232.00,327.00,128.00,0.88,-1,-1,-1
95,3,660.00,225.00,223.00,127.00,0.57,-1,-1,-1
96,1,297.00,290.00,448.00,232.00,0.92,-1,-1,-1
96,2,400.00,232.00,328.00,128.00,0.89,-1,-1,-1
96,3,662.00,225.00,222.00,127.00,0.60,-1,-1,-1
97,1,297.00,290.00,448.00,232.00,0.91,-1,-1,-1
97,2,400.00,232.00,328.00,127.00,0.88,-1,-1,-1
97,3,663.00,225.00,223.00,127.00,0.60,-1,-1,-1
98,1,301.00,289.00,450.00,233.00,0.90,-1,-1,-1
98,2,400.00,232.00,328.00,128.00,0.88,-1,-1,-1
98,3,663.00,225.00,223.00,127.00,0.54,-1,-1,-1
99,1,305.00,289.00,452.00,234.00,0.88,-1,-1,-1
99,2,399.00,231.00,330.00,129.00,0.88,-1,-1,-1
99,3,661.00,225.00,224.00,127.00,0.53,-1,-1,-1
100,1,300.00,290.00,451.00,232.00,0.72,-1,-1,-1
100,2,398.00,230.00,332.00,129.00,0.89,-1,-1,-1
100,3,646.00,226.00,227.00,126.00,0.57,-1,-1,-1
101,1,291.00,289.00,449.00,233.00,0.88,-1,-1,-1
101,2,398.00,230.00,332.00,129.00,0.88,-1,-1,-1
101,3,638.00,226.00,231.00,126.00,0.52,-1,-1,-1
102,1,289.00,290.00,446.00,232.00,0.91,-1,-1,-1
102,2,398.00,230.00,331.00,129.00,0.89,-1,-1,-1
102,3,635.00,226.00,234.00,126.00,0.56,-1,-1,-1
103,1,290.00,290.00,444.00,232.00,0.92,-1,-1,-1
103,2,399.00,230.00,330.00,129.00,0.89,-1,-1,-1
103,3,633.00,226.00,237.00,126.00,0.55,-1,-1,-1
104,1,292.00,290.00,443.00,232.00,0.92,-1,-1,-1
104,2,399.00,230.00,330.00,129.00,0.89,-1,-1,-1
104,3,630.00,226.00,241.00,126.00,0.55,-1,-1,-1
105,1,293.00,290.00,443.00,233.00,0.93,-1,-1,-1
105,2,399.00,230.00,330.00,129.00,0.89,-1,-1,-1
105,3,629.00,226.00,243.00,126.00,0.57,-1,-1,-1
106,1,296.00,290.00,441.00,232.00,0.93,-1,-1,-1
106,2,400.00,230.00,329.00,129.00,0.89,-1,-1,-1
106,3,628.00,226.00,245.00,126.00,0.59,-1,-1,-1
107,1,298.00,290.00,440.00,231.00,0.93,-1,-1,-1
107,2,400.00,230.00,329.00,129.00,0.89,-1,-1,-1
107,3,627.00,226.00,247.00,126.00,0.56,-1,-1,-1
108,1,300.00,290.00,440.00,231.00,0.93,-1,-1,-1
108,2,400.00,230.00,328.00,129.00,0.89,-1,-1,-1
108,3,627.00,226.00,249.00,126.00,0.52,-1,-1,-1
109,1,300.00,290.00,440.00,231.00,0.93,-1,-1,-1
109,2,400.00,230.00,328.00,129.00,0.89,-1,-1,-1
109,3,644.00,226.00,247.00,126.00,0.49,-1,-1,-1
110,1,301.00,290.00,440.00,231.00,0.93,-1,-1,-1
110,2,400.00,231.00,328.00,128.00,0.88,-1,-1,-1
110,3,650.00,226.00,245.00,126.00,0.57,-1,-1,-1
111,1,300.00,290.00,441.00,231.00,0.93,-1,-1,-1
111,2,401.00,231.00,326.00,128.00,0.88,-1,-1,-1
111,3,655.00,225.00,242.00,126.00,0.51,-1,-1,-1
112,1,300.00,290.00,441.00,231.00,0.93,-1,-1,-1
112,2,402.00,232.00,324.00,127.00,0.88,-1,-1,-1
112,3,659.00,225.00,239.00,126.00,0.51,-1,-1,-1
113,1,300.00,291.00,441.00,231.00,0.93,-1,-1,-1
113,2,402.00,233.00,324.00,126.00,0.88,-1,-1,-1
113,3,659.00,225.00,237.00,126.00,0.53,-1,-1,-1
114,1,300.00,291.00,441.00,231.00,0.93,-1,-1,-1
114,2,403.00,233.00,323.00,126.00,0.88,-1,-1,-1
114,3,659.00,225.00,236.00,126.00,0.52,-1,-1,-1
115,1,300.00,291.00,440.00,231.00,0.93,-1,-1,-1
115,2,403.00,234.00,323.00,125.00,0.88,-1,-1,-1
115,3,658.00,225.00,235.00,126.00,0.51,-1,-1,-1
116,1,299.00,291.00,442.00,232.00,0.93,-1,-1,-1
116,2,402.00,233.00,324.00,126.00,0.88,-1,-1,-1
116,3,662.00,225.00,231.00,125.00,0.50,-1,-1,-1
117,1,299.00,291.00,442.00,232.00,0.93,-1,-1,-1
117,2,402.00,234.00,325.00,126.00,0.89,-1,-1,-1
117,3,662.00,225.00,232.00,126.00,0.53,-1,-1,-1
118,1,299.00,291.00,442.00,232.00,0.93,-1,-1,-1
118,2,401.00,234.00,327.00,126.00,0.89,-1,-1,-1
118,3,662.00,225.00,232.00,127.00,0.57,-1,-1,-1
119,1,299.00,291.00,441.00,231.00,0.93,-1,-1,-1
119,2,400.00,232.00,329.00,127.00,0.89,-1,-1,-1
119,3,663.00,225.00,230.00,127.00,0.53,-1,-1,-1
120,1,298.00,291.00,442.00,231.00,0.93,-1,-1,-1
120,2,399.00,231.00,330.00,128.00,0.89,-1,-1,-1
120,3,663.00,225.00,230.00,127.00,0.50,-1,-1,-1
121,1,296.00,290.00,445.00,234.00,0.93,-1,-1,-1
121,2,399.00,231.00,331.00,128.00,0.89,-1,-1,-1
121,3,664.00,225.00,228.00,127.00,0.51,-1,-1,-1
122,1,292.00,290.00,449.00,236.00,0.92,-1,-1,-1
122,2,397.00,230.00,335.00,130.00,0.89,-1,-1,-1
122,3,669.00,225.00,224.00,126.00,0.71,-1,-1,-1
123,1,293.00,290.00,442.00,233.00,0.92,-1,-1,-1
123,2,396.00,229.00,337.00,132.00,0.88,-1,-1,-1
123,3,671.00,225.00,222.00,126.00,0.66,-1,-1,-1
124,1,293.00,290.00,439.00,232.00,0.91,-1,-1,-1
124,2,397.00,230.00,335.00,131.00,0.89,-1,-1,-1
124,3,672.00,225.00,221.00,126.00,0.70,-1,-1,-1
125,1,295.00,289.00,433.00,230.00,0.88,-1,-1,-1
125,2,397.00,229.00,336.00,132.00,0.89,-1,-1,-1
125,3,673.00,225.00,220.00,126.00,0.68,-1,-1,-1
126,1,299.00,289.00,427.00,226.00,0.87,-1,-1,-1
126,2,397.00,229.00,335.00,132.00,0.89,-1,-1,-1
126,3,674.00,226.00,219.00,126.00,0.70,-1,-1,-1
127,1,296.00,289.00,430.00,227.00,0.86,-1,-1,-1
127,2,397.00,229.00,336.00,132.00,0.88,-1,-1,-1
127,3,674.00,226.00,218.00,126.00,0.69,-1,-1,-1
128,1,301.00,289.00,436.00,231.00,0.51,-1,-1,-1
128,2,397.00,229.00,335.00,131.00,0.88,-1,-1,-1
128,3,674.00,225.00,217.00,127.00,0.67,-1,-1,-1
129,1,300.00,290.00,438.00,230.00,0.82,-1,-1,-1
129,2,399.00,229.00,332.00,131.00,0.89,-1,-1,-1
129,3,675.00,226.00,216.00,126.00,0.70,-1,-1,-1
130,1,300.00,290.00,439.00,231.00,0.89,-1,-1,-1
130,2,398.00,229.00,333.00,131.00,0.89,-1,-1,-1
130,3,675.00,226.00,215.00,126.00,0.70,-1,-1,-1
131,1,299.00,289.00,442.00,233.00,0.92,-1,-1,-1
131,2,399.00,229.00,332.00,131.00,0.89,-1,-1,-1
131,3,676.00,225.00,215.00,127.00,0.68,-1,-1,-1
132,1,298.00,289.00,444.00,234.00,0.92,-1,-1,-1
132,2,400.00,229.00,330.00,130.00,0.89,-1,-1,-1
132,3,677.00,225.00,214.00,127.00,0.68,-1,-1,-1
133,1,298.00,288.00,445.00,234.00,0.92,-1,-1,-1
133,2,401.00,230.00,328.00,128.00,0.89,-1,-1,-1
133,3,677.00,225.00,213.00,127.00,0.68,-1,-1,-1
134,1,299.00,289.00,442.00,232.00,0.91,-1,-1,-1
134,2,401.00,229.00,328.00,130.00,0.89,-1,-1,-1
134,3,677.00,225.00,212.00,127.00,0.70,-1,-1,-1
135,1,299.00,290.00,441.00,231.00,0.88,-1,-1,-1
135,2,400.00,229.00,330.00,130.00,0.89,-1,-1,-1
135,3,677.00,225.00,212.00,127.00,0.70,-1,-1,-1
136,1,299.00,290.00,441.00,231.00,0.86,-1,-1,-1
136,2,399.00,229.00,332.00,131.00,0.89,-1,-1,-1
136,3,677.00,225.00,211.00,127.00,0.71,-1,-1,-1
137,1,303.00,290.00,429.00,224.00,0.72,-1,-1,-1
137,2,399.00,229.00,332.00,131.00,0.88,-1,-1,-1
137,3,677.00,225.00,211.00,127.00,0.70,-1,-1,-1
138,1,298.00,289.00,416.00,218.00,0.64,-1,-1,-1
138,2,400.00,229.00,330.00,131.00,0.88,-1,-1,-1
138,3,677.00,225.00,211.00,127.00,0.67,-1,-1,-1
139,1,299.00,289.00,423.00,221.00,0.78,-1,-1,-1
139,2,400.00,230.00,329.00,130.00,0.88,-1,-1,-1
139,3,677.00,225.00,211.00,127.00,0.67,-1,-1,-1
140,1,296.00,289.00,433.00,227.00,0.79,-1,-1,-1
140,2,400.00,231.00,329.00,129.00,0.89,-1,-1,-1
140,3,678.00,225.00,210.00,127.00,0.68,-1,-1,-1
141,1,292.00,290.00,436.00,229.00,0.80,-1,-1,-1
141,2,400.00,231.00,329.00,129.00,0.89,-1,-1,-1
141,3,677.00,225.00,210.00,127.00,0.70,-1,-1,-1
142,1,291.00,290.00,436.00,229.00,0.89,-1,-1,-1
142,2,400.00,230.00,329.00,130.00,0.89,-1,-1,-1
142,3,677.00,225.00,210.00,127.00,0.70,-1,-1,-1
143,1,290.00,290.00,441.00,232.00,0.90,-1,-1,-1
143,2,400.00,230.00,329.00,130.00,0.89,-1,-1,-1
143,3,678.00,225.00,209.00,127.00,0.70,-1,-1,-1
144,1,293.00,290.00,438.00,232.00,0.91,-1,-1,-1
144,2,400.00,229.00,329.00,130.00,0.88,-1,-1,-1
144,3,678.00,225.00,209.00,127.00,0.68,-1,-1,-1
145,1,295.00,290.00,437.00,232.00,0.92,-1,-1,-1
145,2,400.00,229.00,329.00,130.00,0.88,-1,-1,-1
145,3,678.00,225.00,209.00,127.00,0.68,-1,-1,-1
146,1,296.00,290.00,439.00,233.00,0.93,-1,-1,-1
146,2,400.00,229.00,329.00,130.00,0.89,-1,-1,-1
146,3,677.00,225.00,210.00,127.00,0.69,-1,-1,-1
147,1,298.00,290.00,440.00,233.00,0.93,-1,-1,-1
147,2,400.00,229.00,329.00,130.00,0.89,-1,-1,-1
147,3,677.00,225.00,210.00,127.00,0.70,-1,-1,-1
148,1,298.00,291.00,441.00,233.00,0.93,-1,-1,-1
148,2,400.00,229.00,329.00,130.00,0.89,-1,-1,-1
148,3,677.00,225.00,210.00,127.00,0.67,-1,-1,-1
149,1,299.00,291.00,440.00,232.00,0.93,-1,-1,-1
149,2,400.00,229.00,329.00,130.00,0.89,-1,-1,-1
149,3,677.00,225.00,209.00,127.00,0.67,-1,-1,-1
150,1,300.00,291.00,439.00,232.00,0.93,-1,-1,-1
150,2,400.00,229.00,329.00,130.00,0.89,-1,-1,-1
150,3,677.00,225.00,208.00,127.00,0.70,-1,-1,-1
151,1,300.00,291.00,439.00,231.00,0.93,-1,-1,-1
151,2,400.00,229.00,329.00,130.00,0.89,-1,-1,-1
151,3,679.00,226.00,207.00,125.00,0.73,-1,-1,-1
152,1,300.00,291.00,441.00,232.00,0.93,-1,-1,-1
152,2,398.00,228.00,333.00,131.00,0.89,-1,-1,-1
152,3,677.00,225.00,209.00,127.00,0.63,-1,-1,-1
153,1,299.00,290.00,442.00,233.00,0.93,-1,-1,-1
153,2,398.00,227.00,333.00,132.00,0.89,-1,-1,-1
153,3,676.00,225.00,209.00,126.00,0.56,-1,-1,-1
154,1,299.00,290.00,442.00,233.00,0.93,-1,-1,-1
154,2,398.00,227.00,333.00,132.00,0.89,-1,-1,-1
154,3,675.00,225.00,209.00,126.00,0.58,-1,-1,-1
155,1,299.00,290.00,442.00,233.00,0.93,-1,-1,-1
155,2,398.00,227.00,333.00,132.00,0.89,-1,-1,-1
155,3,677.00,225.00,205.00,123.00,0.57,-1,-1,-1
156,1,299.00,290.00,443.00,233.00,0.93,-1,-1,-1
156,2,398.00,227.00,332.00,132.00,0.89,-1,-1,-1
156,3,676.00,225.00,208.00,124.00,0.55,-1,-1,-1
157,1,299.00,290.00,443.00,233.00,0.93,-1,-1,-1
157,2,398.00,227.00,332.00,132.00,0.89,-1,-1,-1
157,3,675.00,224.00,210.00,126.00,0.56,-1,-1,-1
158,1,299.00,290.00,443.00,233.00,0.93,-1,-1,-1
158,2,399.00,228.00,331.00,131.00,0.89,-1,-1,-1
158,3,675.00,225.00,210.00,126.00,0.59,-1,-1,-1
159,1,298.00,290.00,444.00,233.00,0.93,-1,-1,-1
159,2,399.00,228.00,330.00,131.00,0.89,-1,-1,-1
159,3,675.00,225.00,211.00,126.00,0.61,-1,-1,-1
160,1,298.00,290.00,444.00,234.00,0.93,-1,-1,-1
160,2,399.00,228.00,330.00,131.00,0.89,-1,-1,-1
160,3,675.00,225.00,211.00,126.00,0.59,-1,-1,-1
161,1,298.00,290.00,444.00,234.00,0.93,-1,-1,-1
161,2,399.00,227.00,331.00,132.00,0.89,-1,-1,-1
161,3,675.00,225.00,211.00,126.00,0.61,-1,-1,-1
162,1,298.00,289.00,446.00,234.00,0.93,-1,-1,-1
162,2,399.00,227.00,331.00,132.00,0.88,-1,-1,-1
162,3,675.00,225.00,211.00,126.00,0.64,-1,-1,-1
163,1,298.00,288.00,446.00,235.00,0.93,-1,-1,-1
163,2,399.00,227.00,330.00,132.00,0.88,-1,-1,-1
163,3,675.00,225.00,211.00,126.00,0.66,-1,-1,-1
164,1,298.00,288.00,446.00,235.00,0.93,-1,-1,-1
164,2,400.00,228.00,329.00,131.00,0.88,-1,-1,-1
164,3,675.00,225.00,211.00,127.00,0.62,-1,-1,-1
165,1,299.00,289.00,444.00,235.00,0.93,-1,-1,-1
165,2,400.00,228.00,329.00,131.00,0.89,-1,-1,-1
165,3,675.00,225.00,211.00,127.00,0.59,-1,-1,-1
166,1,299.00,288.00,444.00,235.00,0.93,-1,-1,-1
166,2,400.00,228.00,329.00,131.00,0.89,-1,-1,-1
166,3,674.00,225.00,212.00,127.00,0.59,-1,-1,-1
167,1,298.00,288.00,445.00,235.00,0.93,-1,-1,-1
167,2,400.00,228.00,329.00,131.00,0.89,-1,-1,-1
167,3,675.00,225.00,211.00,127.00,0.54,-1,-1,-1
168,1,298.00,288.00,445.00,235.00,0.93,-1,-1,-1
168,2,400.00,228.00,329.00,131.00,0.89,-1,-1,-1
168,3,675.00,225.00,211.00,127.00,0.60,-1,-1,-1
169,1,298.00,288.00,445.00,235.00,0.93,-1,-1,-1
169,2,400.00,228.00,329.00,131.00,0.89,-1,-1,-1
169,3,675.00,225.00,211.00,127.00,0.62,-1,-1,-1
170,1,298.00,288.00,445.00,235.00,0.93,-1,-1,-1
170,2,399.00,227.00,331.00,132.00,0.89,-1,-1,-1
170,3,675.00,225.00,211.00,127.00,0.65,-1,-1,-1
171,1,298.00,288.00,445.00,235.00,0.93,-1,-1,-1
171,2,399.00,227.00,331.00,132.00,0.89,-1,-1,-1
171,3,675.00,225.00,211.00,127.00,0.66,-1,-1,-1
172,1,298.00,288.00,445.00,235.00,0.93,-1,-1,-1
172,2,398.00,226.00,333.00,133.00,0.89,-1,-1,-1
172,3,675.00,225.00,211.00,127.00,0.65,-1,-1,-1
173,1,298.00,288.00,445.00,235.00,0.93,-1,-1,-1
173,2,398.00,226.00,333.00,133.00,0.89,-1,-1,-1
173,3,676.00,225.00,211.00,127.00,0.65,-1,-1,-1
174,1,298.00,288.00,445.00,235.00,0.93,-1,-1,-1
174,2,398.00,225.00,333.00,134.00,0.89,-1,-1,-1
174,3,676.00,225.00,211.00,127.00,0.68,-1,-1,-1
175,1,298.00,288.00,445.00,235.00,0.93,-1,-1,-1
175,2,397.00,225.00,335.00,134.00,0.89,-1,-1,-1
175,3,676.00,225.00,211.00,127.00,0.67,-1,-1,-1
176,1,298.00,288.00,445.00,235.00,0.93,-1,-1,-1
176,2,398.00,225.00,333.00,134.00,0.89,-1,-1,-1
176,3,676.00,225.00,211.00,127.00,0.68,-1,-1,-1
177,1,298.00,288.00,445.00,235.00,0.93,-1,-1,-1
177,2,398.00,225.00,333.00,134.00,0.89,-1,-1,-1
177,3,676.00,225.00,211.00,127.00,0.70,-1,-1,-1
178,1,298.00,288.00,445.00,235.00,0.93,-1,-1,-1
178,2,399.00,225.00,331.00,134.00,0.89,-1,-1,-1
178,3,676.00,225.00,211.00,127.00,0.70,-1,-1,-1
179,1,298.00,288.00,444.00,235.00,0.93,-1,-1,-1
179,2,399.00,225.00,331.00,134.00,0.89,-1,-1,-1
179,3,676.00,225.00,210.00,127.00,0.70,-1,-1,-1
180,1,298.00,288.00,444.00,235.00,0.93,-1,-1,-1
180,2,399.00,225.00,331.00,134.00,0.89,-1,-1,-1
180,3,676.00,225.00,210.00,127.00,0.69,-1,-1,-1
181,1,298.00,288.00,444.00,235.00,0.93,-1,-1,-1
181,2,399.00,225.00,331.00,134.00,0.88,-1,-1,-1
181,3,676.00,225.00,210.00,127.00,0.66,-1,-1,-1
182,1,298.00,288.00,445.00,235.00,0.93,-1,-1,-1
182,2,398.00,225.00,333.00,134.00,0.88,-1,-1,-1
182,3,673.00,225.00,211.00,127.00,0.73,-1,-1,-1
183,1,298.00,288.00,445.00,235.00,0.93,-1,-1,-1
183,2,398.00,224.00,333.00,135.00,0.88,-1,-1,-1
183,3,672.00,225.00,211.00,127.00,0.74,-1,-1,-1
184,1,298.00,288.00,445.00,235.00,0.93,-1,-1,-1
184,2,398.00,224.00,333.00,136.00,0.88,-1,-1,-1
184,3,672.00,225.00,212.00,127.00,0.74,-1,-1,-1
185,1,298.00,288.00,445.00,235.00,0.93,-1,-1,-1
185,2,399.00,225.00,331.00,135.00,0.88,-1,-1,-1
185,3,673.00,225.00,212.00,126.00,0.72,-1,-1,-1
186,1,298.00,288.00,445.00,236.00,0.93,-1,-1,-1
186,2,399.00,225.00,331.00,135.00,0.88,-1,-1,-1
186,3,672.00,225.00,212.00,126.00,0.70,-1,-1,-1
187,1,298.00,288.00,445.00,235.00,0.93,-1,-1,-1
187,2,399.00,225.00,331.00,135.00,0.87,-1,-1,-1
187,3,674.00,226.00,211.00,125.00,0.68,-1,-1,-1
188,1,298.00,288.00,445.00,235.00,0.93,-1,-1,-1
188,2,400.00,226.00,329.00,134.00,0.88,-1,-1,-1
188,3,675.00,226.00,210.00,124.00,0.70,-1,-1,-1
189,1,298.00,289.00,445.00,235.00,0.93,-1,-1,-1
189,2,401.00,227.00,327.00,132.00,0.88,-1,-1,-1
189,3,674.00,226.00,211.00,125.00,0.70,-1,-1,-1
190,1,298.00,289.00,445.00,235.00,0.93,-1,-1,-1
190,2,402.00,228.00,326.00,132.00,0.87,-1,-1,-1
190,3,673.00,226.00,213.00,125.00,0.69,-1,-1,-1
191,1,298.00,289.00,445.00,235.00,0.93,-1,-1,-1
191,2,403.00,229.00,323.00,130.00,0.87,-1,-1,-1
191,3,675.00,226.00,212.00,125.00,0.69,-1,-1,-1
192,1,298.00,289.00,445.00,235.00,0.93,-1,-1,-1
192,2,404.00,230.00,321.00,129.00,0.87,-1,-1,-1
192,3,675.00,226.00,212.00,125.00,0.67,-1,-1,-1
193,1,298.00,289.00,445.00,235.00,0.93,-1,-1,-1
193,2,404.00,231.00,321.00,128.00,0.87,-1,-1,-1
193,3,676.00,226.00,211.00,125.00,0.70,-1,-1,-1
194,1,298.00,289.00,445.00,235.00,0.93,-1,-1,-1
194,2,403.00,230.00,323.00,129.00,0.87,-1,-1,-1
194,3,676.00,226.00,211.00,125.00,0.73,-1,-1,-1
195,1,298.00,289.00,445.00,235.00,0.93,-1,-1,-1
195,2,402.00,229.00,325.00,130.00,0.87,-1,-1,-1
195,3,676.00,226.00,211.00,125.00,0.74,-1,-1,-1
196,1,298.00,289.00,445.00,235.00,0.93,-1,-1,-1
196,2,401.00,229.00,327.00,130.00,0.86,-1,-1,-1
196,3,676.00,226.00,211.00,125.00,0.74,-1,-1,-1
197,1,298.00,288.00,446.00,236.00,0.93,-1,-1,-1
197,2,397.00,227.00,330.00,132.00,0.86,-1,-1,-1
197,3,675.00,226.00,212.00,125.00,0.75,-1,-1,-1
198,1,298.00,288.00,445.00,236.00,0.93,-1,-1,-1
198,2,395.00,228.00,331.00,131.00,0.85,-1,-1,-1
198,3,676.00,226.00,211.00,125.00,0.72,-1,-1,-1
199,1,298.00,288.00,446.00,236.00,0.93,-1,-1,-1
199,2,391.00,227.00,333.00,132.00,0.84,-1,-1,-1
199,3,675.00,226.00,212.00,125.00,0.72,-1,-1,-1
200,1,298.00,288.00,446.00,236.00,0.93,-1,-1,-1
200,2,381.00,228.00,336.00,132.00,0.84,-1,-1,-1
200,3,674.00,226.00,213.00,125.00,0.71,-1,-1,-1
201,1,297.00,288.00,447.00,236.00,0.93,-1,-1,-1
201,2,370.00,225.00,347.00,135.00,0.85,-1,-1,-1
201,3,674.00,226.00,213.00,125.00,0.71,-1,-1,-1
202,1,297.00,288.00,447.00,236.00,0.94,-1,-1,-1
202,2,371.00,226.00,347.00,134.00,0.83,-1,-1,-1
202,3,674.00,226.00,213.00,125.00,0.74,-1,-1,-1
203,1,298.00,288.00,445.00,236.00,0.93,-1,-1,-1
203,2,383.00,227.00,342.00,133.00,0.84,-1,-1,-1
203,3,674.00,225.00,213.00,126.00,0.73,-1,-1,-1
204,1,298.00,288.00,445.00,236.00,0.93,-1,-1,-1
204,2,390.00,229.00,338.00,131.00,0.81,-1,-1,-1
204,3,674.00,225.00,213.00,126.00,0.74,-1,-1,-1
205,1,297.00,288.00,446.00,236.00,0.94,-1,-1,-1
205,2,392.00,228.00,339.00,131.00,0.85,-1,-1,-1
205,3,674.00,225.00,213.00,125.00,0.74,-1,-1,-1
205,38,305.00,163.00,477.00,152.00,0.46,-1,-1,-1
206,1,297.00,288.00,446.00,236.00,0.93,-1,-1,-1
206,2,394.00,229.00,337.00,131.00,0.83,-1,-1,-1
206,3,675.00,225.00,212.00,125.00,0.73,-1,-1,-1
206,38,286.00,163.00,503.00,160.00,0.49,-1,-1,-1
207,1,298.00,289.00,445.00,235.00,0.94,-1,-1,-1
207,2,394.00,227.00,339.00,133.00,0.86,-1,-1,-1
207,3,675.00,225.00,213.00,125.00,0.74,-1,-1,-1
207,38,270.00,164.00,518.00,164.00,0.39,-1,-1,-1
208,1,298.00,289.00,445.00,235.00,0.94,-1,-1,-1
208,2,395.00,227.00,338.00,133.00,0.86,-1,-1,-1
208,3,675.00,225.00,213.00,126.00,0.76,-1,-1,-1
208,38,261.00,164.00,523.00,167.00,0.45,-1,-1,-1
209,1,298.00,289.00,445.00,235.00,0.94,-1,-1,-1
209,2,395.00,227.00,338.00,133.00,0.88,-1,-1,-1
209,3,675.00,226.00,213.00,125.00,0.77,-1,-1,-1
210,1,298.00,289.00,445.00,235.00,0.94,-1,-1,-1
210,2,395.00,227.00,338.00,133.00,0.87,-1,-1,-1
210,3,676.00,226.00,212.00,125.00,0.77,-1,-1,-1
211,1,298.00,289.00,445.00,235.00,0.94,-1,-1,-1
211,2,396.00,227.00,337.00,133.00,0.86,-1,-1,-1
211,3,676.00,226.00,212.00,125.00,0.79,-1,-1,-1
212,1,297.00,288.00,446.00,236.00,0.94,-1,-1,-1
212,2,399.00,229.00,331.00,130.00,0.87,-1,-1,-1
212,3,675.00,226.00,212.00,125.00,0.73,-1,-1,-1
213,1,297.00,288.00,446.00,236.00,0.94,-1,-1,-1
213,2,400.00,230.00,329.00,129.00,0.87,-1,-1,-1
213,3,675.00,226.00,212.00,125.00,0.73,-1,-1,-1
214,1,297.00,287.00,446.00,237.00,0.94,-1,-1,-1
214,2,400.00,230.00,328.00,129.00,0.87,-1,-1,-1
214,3,675.00,226.00,212.00,125.00,0.74,-1,-1,-1
215,1,297.00,287.00,446.00,237.00,0.94,-1,-1,-1
215,2,402.00,231.00,325.00,128.00,0.87,-1,-1,-1
215,3,675.00,226.00,212.00,125.00,0.73,-1,-1,-1
216,1,297.00,287.00,446.00,237.00,0.94,-1,-1,-1
216,2,402.00,232.00,325.00,127.00,0.87,-1,-1,-1
216,3,675.00,226.00,212.00,126.00,0.71,-1,-1,-1
217,1,297.00,287.00,446.00,236.00,0.93,-1,-1,-1
217,2,402.00,232.00,325.00,127.00,0.88,-1,-1,-1
217,3,675.00,226.00,212.00,126.00,0.70,-1,-1,-1
218,1,298.00,287.00,445.00,236.00,0.93,-1,-1,-1
218,2,402.00,232.00,325.00,127.00,0.88,-1,-1,-1
218,3,675.00,226.00,212.00,126.00,0.71,-1,-1,-1
219,1,298.00,288.00,445.00,235.00,0.93,-1,-1,-1
219,2,402.00,232.00,325.00,127.00,0.89,-1,-1,-1
219,3,677.00,226.00,212.00,126.00,0.69,-1,-1,-1
220,1,298.00,288.00,445.00,235.00,0.93,-1,-1,-1
220,2,402.00,232.00,325.00,127.00,0.88,-1,-1,-1
220,3,676.00,226.00,212.00,126.00,0.71,-1,-1,-1
221,1,298.00,288.00,444.00,235.00,0.93,-1,-1,-1
221,2,401.00,232.00,326.00,127.00,0.88,-1,-1,-1
221,3,675.00,226.00,212.00,126.00,0.69,-1,-1,-1
222,1,298.00,288.00,444.00,235.00,0.93,-1,-1,-1
222,2,401.00,232.00,326.00,127.00,0.89,-1,-1,-1
222,3,674.00,225.00,212.00,127.00,0.67,-1,-1,-1
223,1,298.00,288.00,445.00,235.00,0.93,-1,-1,-1
223,2,400.00,232.00,328.00,127.00,0.89,-1,-1,-1
223,3,674.00,225.00,212.00,127.00,0.65,-1,-1,-1
224,1,298.00,288.00,445.00,235.00,0.93,-1,-1,-1
224,2,400.00,231.00,328.00,128.00,0.88,-1,-1,-1
224,3,676.00,225.00,212.00,127.00,0.66,-1,-1,-1
225,1,298.00,288.00,445.00,235.00,0.93,-1,-1,-1
225,2,400.00,231.00,329.00,128.00,0.88,-1,-1,-1
225,3,677.00,225.00,212.00,127.00,0.65,-1,-1,-1
226,1,298.00,288.00,445.00,235.00,0.93,-1,-1,-1
226,2,399.00,231.00,330.00,128.00,0.89,-1,-1,-1
226,3,678.00,225.00,211.00,127.00,0.68,-1,-1,-1
227,1,298.00,288.00,445.00,235.00,0.93,-1,-1,-1
227,2,399.00,230.00,330.00,129.00,0.88,-1,-1,-1
227,3,674.00,225.00,211.00,127.00,0.59,-1,-1,-1
228,1,298.00,288.00,445.00,235.00,0.94,-1,-1,-1
228,2,399.00,230.00,330.00,129.00,0.88,-1,-1,-1
228,3,672.00,225.00,212.00,127.00,0.59,-1,-1,-1
229,1,298.00,288.00,445.00,235.00,0.94,-1,-1,-1
229,2,399.00,230.00,330.00,129.00,0.88,-1,-1,-1
229,3,671.00,225.00,213.00,127.00,0.59,-1,-1,-1
230,1,298.00,288.00,445.00,235.00,0.94,-1,-1,-1
230,2,399.00,230.00,330.00,129.00,0.89,-1,-1,-1
230,3,670.00,225.00,213.00,127.00,0.59,-1,-1,-1
231,1,298.00,288.00,445.00,235.00,0.93,-1,-1,-1
231,2,399.00,231.00,330.00,128.00,0.88,-1,-1,-1
231,3,668.00,225.00,215.00,127.00,0.57,-1,-1,-1
232,1,298.00,288.00,445.00,235.00,0.94,-1,-1,-1
232,2,400.00,231.00,329.00,128.00,0.89,-1,-1,-1
232,3,668.00,225.00,215.00,127.00,0.61,-1,-1,-1
233,1,298.00,288.00,444.00,235.00,0.94,-1,-1,-1
233,2,400.00,231.00,329.00,128.00,0.89,-1,-1,-1
233,3,668.00,225.00,215.00,127.00,0.62,-1,-1,-1
234,1,298.00,288.00,445.00,235.00,0.94,-1,-1,-1
234,2,400.00,231.00,329.00,128.00,0.89,-1,-1,-1
234,3,668.00,225.00,216.00,127.00,0.63,-1,-1,-1
235,1,298.00,288.00,445.00,235.00,0.94,-1,-1,-1
235,2,400.00,231.00,329.00,128.00,0.89,-1,-1,-1
235,3,669.00,225.00,216.00,127.00,0.62,-1,-1,-1
236,1,298.00,288.00,445.00,235.00,0.94,-1,-1,-1
236,2,400.00,231.00,329.00,128.00,0.89,-1,-1,-1
236,3,673.00,225.00,215.00,127.00,0.65,-1,-1,-1
237,1,298.00,288.00,445.00,235.00,0.94,-1,-1,-1
237,2,400.00,231.00,329.00,128.00,0.89,-1,-1,-1
237,3,670.00,225.00,216.00,127.00,0.64,-1,-1,-1
238,1,298.00,288.00,445.00,235.00,0.94,-1,-1,-1
238,2,400.00,231.00,329.00,128.00,0.89,-1,-1,-1
238,3,669.00,226.00,216.00,126.00,0.65,-1,-1,-1
239,1,298.00,288.00,445.00,235.00,0.93,-1,-1,-1
239,2,400.00,231.00,329.00,128.00,0.89,-1,-1,-1
239,3,668.00,226.00,217.00,126.00,0.64,-1,-1,-1
240,1,298.00,288.00,445.00,235.00,0.93,-1,-1,-1
240,2,400.00,231.00,329.00,128.00,0.89,-1,-1,-1
240,3,667.00,226.00,218.00,126.00,0.64,-1,-1,-1
241,1,298.00,288.00,445.00,235.00,0.93,-1,-1,-1
241,2,400.00,231.00,329.00,128.00,0.89,-1,-1,-1
241,3,667.00,226.00,217.00,126.00,0.65,-1,-1,-1
242,1,299.00,289.00,443.00,234.00,0.93,-1,-1,-1
242,2,400.00,230.00,329.00,129.00,0.88,-1,-1,-1
242,3,664.00,225.00,219.00,127.00,0.56,-1,-1,-1
243,1,299.00,289.00,443.00,234.00,0.94,-1,-1,-1
243,2,400.00,231.00,329.00,128.00,0.88,-1,-1,-1
243,3,655.00,226.00,222.00,127.00,0.48,-1,-1,-1
244,1,299.00,289.00,443.00,234.00,0.93,-1,-1,-1
244,2,400.00,231.00,329.00,128.00,0.88,-1,-1,-1
244,3,646.00,226.00,226.00,127.00,0.52,-1,-1,-1
245,1,298.00,289.00,444.00,234.00,0.93,-1,-1,-1
245,2,400.00,231.00,329.00,128.00,0.88,-1,-1,-1
245,3,655.00,225.00,225.00,127.00,0.53,-1,-1,-1
246,1,298.00,289.00,444.00,234.00,0.94,-1,-1,-1
246,2,400.00,231.00,329.00,128.00,0.88,-1,-1,-1
246,3,660.00,225.00,225.00,127.00,0.56,-1,-1,-1
247,1,298.00,289.00,444.00,234.00,0.94,-1,-1,-1
247,2,400.00,230.00,329.00,129.00,0.88,-1,-1,-1
247,3,662.00,225.00,225.00,127.00,0.51,-1,-1,-1
248,1,298.00,289.00,444.00,234.00,0.94,-1,-1,-1
248,2,400.00,230.00,329.00,129.00,0.88,-1,-1,-1
248,3,662.00,225.00,225.00,127.00,0.52,-1,-1,-1
249,1,299.00,289.00,443.00,234.00,0.94,-1,-1,-1
249,2,399.00,230.00,331.00,129.00,0.88,-1,-1,-1
249,3,662.00,225.00,225.00,127.00,0.54,-1,-1,-1
250,1,298.00,289.00,444.00,234.00,0.94,-1,-1,-1
250,2,399.00,230.00,330.00,129.00,0.88,-1,-1,-1
250,3,662.00,225.00,225.00,127.00,0.53,-1,-1,-1
251,1,298.00,289.00,444.00,234.00,0.94,-1,-1,-1
251,2,400.00,230.00,329.00,129.00,0.88,-1,-1,-1
251,3,662.00,225.00,224.00,127.00,0.48,-1,-1,-1
252,1,298.00,289.00,444.00,234.00,0.94,-1,-1,-1
252,2,400.00,230.00,329.00,129.00,0.88,-1,-1,-1
252,3,661.00,225.00,225.00,127.00,0.54,-1,-1,-1
253,1,298.00,289.00,444.00,234.00,0.94,-1,-1,-1
253,2,400.00,230.00,329.00,129.00,0.88,-1,-1,-1
253,3,663.00,225.00,224.00,127.00,0.55,-1,-1,-1
254,1,298.00,289.00,445.00,234.00,0.94,-1,-1,-1
254,2,399.00,230.00,330.00,129.00,0.88,-1,-1,-1
254,3,667.00,225.00,223.00,127.00,0.55,-1,-1,-1
255,1,298.00,289.00,445.00,234.00,0.94,-1,-1,-1
255,2,399.00,230.00,330.00,129.00,0.88,-1,-1,-1
255,3,670.00,225.00,221.00,127.00,0.58,-1,-1,-1
256,1,298.00,289.00,445.00,234.00,0.93,-1,-1,-1
256,2,399.00,230.00,331.00,129.00,0.88,-1,-1,-1
256,3,671.00,225.00,221.00,127.00,0.57,-1,-1,-1
257,1,298.00,289.00,445.00,234.00,0.94,-1,-1,-1
257,2,399.00,229.00,331.00,130.00,0.88,-1,-1,-1
257,3,671.00,225.00,220.00,127.00,0.58,-1,-1,-1
258,1,298.00,289.00,445.00,234.00,0.93,-1,-1,-1
258,2,399.00,229.00,331.00,130.00,0.88,-1,-1,-1
258,3,671.00,225.00,219.00,127.00,0.57,-1,-1,-1
259,1,298.00,289.00,445.00,234.00,0.94,-1,-1,-1
259,2,399.00,229.00,331.00,130.00,0.88,-1,-1,-1
259,3,672.00,225.00,218.00,127.00,0.54,-1,-1,-1
260,1,298.00,289.00,445.00,234.00,0.94,-1,-1,-1
260,2,399.00,229.00,331.00,130.00,0.88,-1,-1,-1
260,3,670.00,225.00,217.00,127.00,0.55,-1,-1,-1
261,1,298.00,288.00,445.00,235.00,0.94,-1,-1,-1
261,2,399.00,229.00,331.00,130.00,0.88,-1,-1,-1
261,3,671.00,225.00,218.00,127.00,0.56,-1,-1,-1
262,1,298.00,288.00,445.00,235.00,0.93,-1,-1,-1
262,2,399.00,228.00,331.00,131.00,0.88,-1,-1,-1
262,3,672.00,225.00,217.00,127.00,0.56,-1,-1,-1
263,1,298.00,289.00,445.00,234.00,0.93,-1,-1,-1
263,2,399.00,229.00,331.00,130.00,0.88,-1,-1,-1
263,3,669.00,225.00,216.00,127.00,0.52,-1,-1,-1
264,1,298.00,289.00,445.00,234.00,0.93,-1,-1,-1
264,2,399.00,228.00,331.00,131.00,0.89,-1,-1,-1
264,3,669.00,226.00,215.00,125.00,0.55,-1,-1,-1
265,1,298.00,289.00,445.00,234.00,0.93,-1,-1,-1
265,2,399.00,229.00,331.00,130.00,0.89,-1,-1,-1
265,3,669.00,227.00,214.00,124.00,0.55,-1,-1,-1
266,1,298.00,289.00,445.00,234.00,0.93,-1,-1,-1
266,2,399.00,229.00,330.00,130.00,0.88,-1,-1,-1
266,3,668.00,227.00,214.00,124.00,0.58,-1,-1,-1
267,1,298.00,289.00,445.00,234.00,0.93,-1,-1,-1
267,2,400.00,229.00,329.00,130.00,0.88,-1,-1,-1
267,3,664.00,226.00,218.00,126.00,0.55,-1,-1,-1
268,1,298.00,289.00,445.00,234.00,0.93,-1,-1,-1
268,2,400.00,229.00,329.00,130.00,0.88,-1,-1,-1
268,3,662.00,226.00,220.00,126.00,0.55,-1,-1,-1
269,1,298.00,289.00,445.00,234.00,0.93,-1,-1,-1
269,2,400.00,229.00,329.00,130.00,0.88,-1,-1,-1
269,3,664.00,226.00,220.00,126.00,0.57,-1,-1,-1
270,1,298.00,288.00,445.00,235.00,0.93,-1,-1,-1
270,2,400.00,229.00,329.00,130.00,0.88,-1,-1,-1
270,3,664.00,226.00,220.00,126.00,0.57,-1,-1,-1
271,1,298.00,289.00,445.00,234.00,0.93,-1,-1,-1
271,2,400.00,229.00,329.00,130.00,0.88,-1,-1,-1
271,3,665.00,225.00,220.00,127.00,0.59,-1,-1,-1
272,1,297.00,288.00,447.00,236.00,0.93,-1,-1,-1
272,2,400.00,229.00,329.00,130.00,0.89,-1,-1,-1
272,3,666.00,226.00,220.00,126.00,0.67,-1,-1,-1
273,1,297.00,288.00,447.00,236.00,0.93,-1,-1,-1
273,2,400.00,229.00,329.00,130.00,0.89,-1,-1,-1
273,3,669.00,226.00,219.00,126.00,0.67,-1,-1,-1
274,1,297.00,288.00,447.00,236.00,0.93,-1,-1,-1
274,2,400.00,229.00,329.00,130.00,0.89,-1,-1,-1
274,3,669.00,225.00,219.00,127.00,0.65,-1,-1,-1
275,1,297.00,288.00,447.00,236.00,0.93,-1,-1,-1
275,2,400.00,229.00,329.00,130.00,0.89,-1,-1,-1
275,3,670.00,225.00,218.00,126.00,0.62,-1,-1,-1
276,1,297.00,288.00,447.00,236.00,0.93,-1,-1,-1
276,2,400.00,229.00,328.00,130.00,0.89,-1,-1,-1
276,3,670.00,226.00,218.00,125.00,0.64,-1,-1,-1
277,1,297.00,288.00,447.00,236.00,0.93,-1,-1,-1
277,2,400.00,229.00,328.00,130.00,0.89,-1,-1,-1
277,3,670.00,225.00,218.00,126.00,0.62,-1,-1,-1
278,1,297.00,288.00,446.00,236.00,0.93,-1,-1,-1
278,2,400.00,229.00,329.00,130.00,0.89,-1,-1,-1
278,3,671.00,226.00,217.00,126.00,0.59,-1,-1,-1
279,1,297.00,288.00,446.00,236.00,0.93,-1,-1,-1
279,2,401.00,230.00,327.00,129.00,0.89,-1,-1,-1
279,3,671.00,226.00,217.00,126.00,0.57,-1,-1,-1
280,1,297.00,288.00,446.00,236.00,0.93,-1,-1,-1
280,2,401.00,230.00,327.00,129.00,0.89,-1,-1,-1
280,3,671.00,226.00,217.00,126.00,0.62,-1,-1,-1
281,1,297.00,288.00,446.00,236.00,0.93,-1,-1,-1
281,2,400.00,230.00,329.00,129.00,0.89,-1,-1,-1
281,3,672.00,226.00,216.00,125.00,0.66,-1,-1,-1
282,1,297.00,288.00,446.00,236.00,0.93,-1,-1,-1
282,2,400.00,230.00,329.00,129.00,0.89,-1,-1,-1
282,3,672.00,226.00,216.00,126.00,0.64,-1,-1,-1
283,1,298.00,288.00,445.00,236.00,0.93,-1,-1,-1
283,2,400.00,229.00,329.00,130.00,0.89,-1,-1,-1
283,3,672.00,226.00,216.00,126.00,0.62,-1,-1,-1
284,1,298.00,288.00,445.00,236.00,0.93,-1,-1,-1
284,2,400.00,229.00,329.00,130.00,0.89,-1,-1,-1
284,3,672.00,226.00,216.00,126.00,0.62,-1,-1,-1
285,1,298.00,288.00,445.00,236.00,0.93,-1,-1,-1
285,2,400.00,229.00,329.00,130.00,0.89,-1,-1,-1
285,3,672.00,226.00,216.00,126.00,0.63,-1,-1,-1
286,1,298.00,288.00,445.00,236.00,0.93,-1,-1,-1
286,2,400.00,229.00,329.00,130.00,0.89,-1,-1,-1
286,3,672.00,226.00,216.00,126.00,0.63,-1,-1,-1
287,1,298.00,288.00,445.00,236.00,0.93,-1,-1,-1
287,2,400.00,229.00,329.00,130.00,0.89,-1,-1,-1
287,3,672.00,226.00,216.00,126.00,0.63,-1,-1,-1
288,1,298.00,288.00,445.00,236.00,0.93,-1,-1,-1
288,2,400.00,229.00,329.00,130.00,0.89,-1,-1,-1
288,3,672.00,225.00,216.00,127.00,0.64,-1,-1,-1
289,1,298.00,288.00,445.00,236.00,0.93,-1,-1,-1
289,2,400.00,229.00,329.00,130.00,0.89,-1,-1,-1
289,3,672.00,225.00,216.00,127.00,0.63,-1,-1,-1
290,1,298.00,288.00,445.00,236.00,0.93,-1,-1,-1
290,2,400.00,229.00,329.00,130.00,0.89,-1,-1,-1
290,3,672.00,225.00,216.00,127.00,0.63,-1,-1,-1
291,1,298.00,288.00,445.00,236.00,0.93,-1,-1,-1
291,2,400.00,229.00,329.00,130.00,0.89,-1,-1,-1
291,3,672.00,225.00,216.00,127.00,0.62,-1,-1,-1
292,1,298.00,288.00,445.00,236.00,0.93,-1,-1,-1
292,2,400.00,229.00,329.00,130.00,0.89,-1,-1,-1
292,3,673.00,225.00,215.00,127.00,0.62,-1,-1,-1
293,1,298.00,288.00,445.00,236.00,0.93,-1,-1,-1
293,2,400.00,229.00,329.00,130.00,0.89,-1,-1,-1
293,3,673.00,226.00,215.00,126.00,0.64,-1,-1,-1
294,1,298.00,288.00,445.00,236.00,0.93,-1,-1,-1
294,2,400.00,229.00,329.00,130.00,0.89,-1,-1,-1
294,3,675.00,225.00,215.00,127.00,0.64,-1,-1,-1
295,1,298.00,288.00,445.00,236.00,0.93,-1,-1,-1
295,2,400.00,229.00,329.00,130.00,0.89,-1,-1,-1
295,3,674.00,225.00,214.00,127.00,0.64,-1,-1,-1
296,1,298.00,288.00,445.00,236.00,0.93,-1,-1,-1
296,2,400.00,229.00,329.00,130.00,0.89,-1,-1,-1
296,3,674.00,225.00,214.00,127.00,0.64,-1,-1,-1
297,1,298.00,288.00,445.00,236.00,0.93,-1,-1,-1
297,2,400.00,229.00,329.00,130.00,0.89,-1,-1,-1
297,3,674.00,225.00,214.00,127.00,0.64,-1,-1,-1
298,1,298.00,288.00,445.00,236.00,0.93,-1,-1,-1
298,2,400.00,229.00,329.00,130.00,0.89,-1,-1,-1
298,3,674.00,226.00,213.00,126.00,0.65,-1,-1,-1
299,1,298.00,288.00,445.00,236.00,0.93,-1,-1,-1
299,2,400.00,229.00,329.00,130.00,0.89,-1,-1,-1
299,3,674.00,225.00,213.00,127.00,0.64,-1,-1,-1
300,1,298.00,288.00,445.00,236.00,0.93,-1,-1,-1
300,2,400.00,229.00,329.00,130.00,0.89,-1,-1,-1
300,3,674.00,226.00,213.00,126.00,0.65,-1,-1,-1
301,1,298.00,288.00,445.00,236.00,0.93,-1,-1,-1
301,2,400.00,229.00,329.00,130.00,0.89,-1,-1,-1
301,3,674.00,225.00,213.00,127.00,0.65,-1,-1,-1
302,1,299.00,288.00,443.00,235.00,0.93,-1,-1,-1
302,2,402.00,231.00,325.00,128.00,0.88,-1,-1,-1
302,3,673.00,225.00,214.00,127.00,0.69,-1,-1,-1
303,1,299.00,289.00,443.00,234.00,0.93,-1,-1,-1
303,2,403.00,232.00,323.00,127.00,0.88,-1,-1,-1
303,3,673.00,225.00,215.00,127.00,0.69,-1,-1,-1
304,1,299.00,289.00,443.00,234.00,0.93,-1,-1,-1
304,2,403.00,232.00,323.00,127.00,0.88,-1,-1,-1
304,3,673.00,225.00,214.00,127.00,0.69,-1,-1,-1
305,1,299.00,288.00,443.00,235.00,0.93,-1,-1,-1
305,2,403.00,233.00,323.00,126.00,0.88,-1,-1,-1
305,3,674.00,225.00,213.00,127.00,0.68,-1,-1,-1
306,1,298.00,288.00,444.00,235.00,0.93,-1,-1,-1
306,2,403.00,233.00,323.00,126.00,0.88,-1,-1,-1
306,3,673.00,225.00,214.00,127.00,0.68,-1,-1,-1
307,1,298.00,288.00,444.00,235.00,0.93,-1,-1,-1
307,2,403.00,233.00,323.00,126.00,0.87,-1,-1,-1
307,3,673.00,225.00,214.00,127.00,0.65,-1,-1,-1
308,1,298.00,288.00,444.00,235.00,0.93,-1,-1,-1
308,2,403.00,233.00,323.00,126.00,0.88,-1,-1,-1
308,3,674.00,225.00,213.00,127.00,0.68,-1,-1,-1
309,1,298.00,288.00,444.00,235.00,0.93,-1,-1,-1
309,2,402.00,233.00,325.00,126.00,0.88,-1,-1,-1
309,3,674.00,225.00,213.00,127.00,0.69,-1,-1,-1
310,1,298.00,288.00,444.00,235.00,0.93,-1,-1,-1
310,2,402.00,233.00,325.00,126.00,0.88,-1,-1,-1
310,3,674.00,225.00,213.00,127.00,0.69,-1,-1,-1
311,1,298.00,288.00,444.00,235.00,0.93,-1,-1,-1
311,2,402.00,233.00,325.00,126.00,0.88,-1,-1,-1
311,3,674.00,225.00,213.00,127.00,0.69,-1,-1,-1
312,1,298.00,288.00,444.00,235.00,0.93,-1,-1,-1
312,2,401.00,232.00,327.00,127.00,0.87,-1,-1,-1
312,3,675.00,226.00,211.00,126.00,0.70,-1,-1,-1
313,1,298.00,288.00,444.00,235.00,0.93,-1,-1,-1
313,2,401.00,232.00,327.00,127.00,0.88,-1,-1,-1
313,3,675.00,226.00,211.00,126.00,0.70,-1,-1,-1
314,1,298.00,288.00,445.00,235.00,0.93,-1,-1,-1
314,2,400.00,232.00,328.00,127.00,0.88,-1,-1,-1
314,3,674.00,225.00,212.00,127.00,0.68,-1,-1,-1
315,1,298.00,288.00,445.00,235.00,0.93,-1,-1,-1
315,2,400.00,232.00,328.00,127.00,0.87,-1,-1,-1
315,3,674.00,225.00,212.00,127.00,0.68,-1,-1,-1
316,1,298.00,288.00,445.00,235.00,0.93,-1,-1,-1
316,2,400.00,232.00,328.00,127.00,0.87,-1,-1,-1
316,3,674.00,225.00,212.00,127.00,0.68,-1,-1,-1
317,1,298.00,288.00,445.00,235.00,0.93,-1,-1,-1
317,2,400.00,231.00,329.00,128.00,0.88,-1,-1,-1
317,3,674.00,225.00,212.00,127.00,0.67,-1,-1,-1
318,1,298.00,288.00,445.00,235.00,0.93,-1,-1,-1
318,2,400.00,231.00,329.00,128.00,0.88,-1,-1,-1
318,3,674.00,226.00,211.00,126.00,0.69,-1,-1,-1
319,1,297.00,288.00,446.00,235.00,0.93,-1,-1,-1
319,2,400.00,232.00,328.00,127.00,0.88,-1,-1,-1
319,3,674.00,226.00,211.00,126.00,0.68,-1,-1,-1
320,1,297.00,288.00,446.00,235.00,0.93,-1,-1,-1
320,2,401.00,233.00,326.00,126.00,0.88,-1,-1,-1
320,3,673.00,225.00,212.00,127.00,0.66,-1,-1,-1
321,1,297.00,288.00,446.00,235.00,0.93,-1,-1,-1
321,2,402.00,234.00,325.00,125.00,0.87,-1,-1,-1
321,3,674.00,226.00,211.00,126.00,0.68,-1,-1,-1
322,1,297.00,288.00,446.00,235.00,0.93,-1,-1,-1
322,2,400.00,232.00,328.00,127.00,0.87,-1,-1,-1
322,3,674.00,226.00,211.00,126.00,0.68,-1,-1,-1
323,1,297.00,288.00,446.00,235.00,0.93,-1,-1,-1
323,2,399.00,231.00,330.00,128.00,0.87,-1,-1,-1
323,3,674.00,226.00,211.00,126.00,0.69,-1,-1,-1
324,1,297.00,288.00,446.00,235.00,0.93,-1,-1,-1
324,2,398.00,230.00,333.00,129.00,0.87,-1,-1,-1
324,3,674.00,226.00,211.00,126.00,0.69,-1,-1,-1
325,1,297.00,288.00,446.00,235.00,0.93,-1,-1,-1
325,2,398.00,230.00,332.00,129.00,0.88,-1,-1,-1
325,3,674.00,226.00,211.00,126.00,0.70,-1,-1,-1
326,1,297.00,288.00,446.00,235.00,0.93,-1,-1,-1
326,2,399.00,230.00,331.00,129.00,0.88,-1,-1,-1
326,3,674.00,226.00,211.00,126.00,0.71,-1,-1,-1
327,1,297.00,288.00,446.00,235.00,0.93,-1,-1,-1
327,2,399.00,230.00,331.00,129.00,0.88,-1,-1,-1
327,3,674.00,226.00,212.00,126.00,0.71,-1,-1,-1
328,1,297.00,288.00,446.00,235.00,0.93,-1,-1,-1
328,2,399.00,231.00,330.00,128.00,0.88,-1,-1,-1
328,3,674.00,226.00,212.00,126.00,0.71,-1,-1,-1
329,1,297.00,288.00,446.00,235.00,0.93,-1,-1,-1
329,2,399.00,230.00,331.00,129.00,0.88,-1,-1,-1
329,3,674.00,226.00,211.00,126.00,0.70,-1,-1,-1
330,1,297.00,288.00,446.00,235.00,0.93,-1,-1,-1
330,2,399.00,230.00,331.00,129.00,0.88,-1,-1,-1
330,3,674.00,226.00,211.00,126.00,0.70,-1,-1,-1
331,1,297.00,288.00,446.00,235.00,0.93,-1,-1,-1
331,2,399.00,230.00,331.00,129.00,0.88,-1,-1,-1
331,3,674.00,226.00,211.00,126.00,0.70,-1,-1,-1
332,1,297.00,288.00,446.00,235.00,0.93,-1,-1,-1
332,2,399.00,231.00,330.00,128.00,0.88,-1,-1,-1
332,3,674.00,225.00,211.00,126.00,0.73,-1,-1,-1
333,1,297.00,288.00,446.00,235.00,0.93,-1,-1,-1
333,2,399.00,231.00,331.00,129.00,0.88,-1,-1,-1
333,3,674.00,225.00,211.00,125.00,0.73,-1,-1,-1
334,1,297.00,288.00,446.00,235.00,0.93,-1,-1,-1
334,2,399.00,231.00,331.00,129.00,0.88,-1,-1,-1
334,3,674.00,225.00,211.00,125.00,0.73,-1,-1,-1
335,1,297.00,288.00,446.00,235.00,0.93,-1,-1,-1
335,2,400.00,231.00,330.00,129.00,0.88,-1,-1,-1
335,3,673.00,225.00,212.00,125.00,0.72,-1,-1,-1
336,1,297.00,289.00,446.00,234.00,0.93,-1,-1,-1
336,2,400.00,231.00,330.00,129.00,0.88,-1,-1,-1
336,3,673.00,225.00,212.00,125.00,0.73,-1,-1,-1
337,1,297.00,289.00,446.00,234.00,0.93,-1,-1,-1
337,2,400.00,231.00,329.00,129.00,0.88,-1,-1,-1
337,3,673.00,225.00,212.00,125.00,0.71,-1,-1,-1
338,1,297.00,289.00,446.00,234.00,0.93,-1,-1,-1
338,2,400.00,232.00,329.00,128.00,0.88,-1,-1,-1
338,3,673.00,225.00,212.00,125.00,0.71,-1,-1,-1
339,1,297.00,289.00,446.00,234.00,0.93,-1,-1,-1
339,2,400.00,232.00,329.00,128.00,0.88,-1,-1,-1
339,3,673.00,225.00,212.00,125.00,0.71,-1,-1,-1
340,1,297.00,289.00,446.00,234.00,0.93,-1,-1,-1
340,2,400.00,232.00,329.00,128.00,0.88,-1,-1,-1
340,3,673.00,225.00,212.00,125.00,0.70,-1,-1,-1
341,1,297.00,289.00,446.00,234.00,0.93,-1,-1,-1
341,2,400.00,232.00,329.00,128.00,0.88,-1,-1,-1
341,3,673.00,225.00,213.00,125.00,0.70,-1,-1,-1
342,1,297.00,289.00,446.00,234.00,0.93,-1,-1,-1
342,2,400.00,232.00,329.00,128.00,0.88,-1,-1,-1
342,3,673.00,225.00,213.00,125.00,0.72,-1,-1,-1
343,1,297.00,289.00,446.00,234.00,0.93,-1,-1,-1
343,2,400.00,232.00,329.00,128.00,0.88,-1,-1,-1
343,3,673.00,225.00,213.00,125.00,0.71,-1,-1,-1
344,1,297.00,289.00,446.00,234.00,0.93,-1,-1,-1
344,2,401.00,232.00,327.00,128.00,0.87,-1,-1,-1
344,3,673.00,225.00,213.00,125.00,0.71,-1,-1,-1
345,1,297.00,289.00,446.00,234.00,0.93,-1,-1,-1
345,2,401.00,232.00,327.00,128.00,0.87,-1,-1,-1
345,3,673.00,225.00,213.00,125.00,0.70,-1,-1,-1
346,1,297.00,289.00,446.00,234.00,0.93,-1,-1,-1
346,2,401.00,232.00,327.00,128.00,0.87,-1,-1,-1
346,3,672.00,225.00,214.00,126.00,0.69,-1,-1,-1
347,1,297.00,289.00,446.00,234.00,0.93,-1,-1,-1
347,2,400.00,232.00,329.00,128.00,0.88,-1,-1,-1
347,3,672.00,224.00,214.00,127.00,0.70,-1,-1,-1
348,1,297.00,289.00,446.00,234.00,0.93,-1,-1,-1
348,2,400.00,232.00,330.00,128.00,0.88,-1,-1,-1
348,3,672.00,224.00,214.00,127.00,0.70,-1,-1,-1
349,1,297.00,289.00,446.00,234.00,0.93,-1,-1,-1
349,2,400.00,232.00,330.00,128.00,0.88,-1,-1,-1
349,3,673.00,225.00,213.00,125.00,0.70,-1,-1,-1
350,1,297.00,289.00,446.00,234.00,0.93,-1,-1,-1
350,2,400.00,231.00,330.00,129.00,0.88,-1,-1,-1
350,3,673.00,225.00,213.00,125.00,0.71,-1,-1,-1
351,1,297.00,289.00,446.00,234.00,0.93,-1,-1,-1
351,2,400.00,232.00,329.00,128.00,0.88,-1,-1,-1
351,3,673.00,225.00,213.00,125.00,0.71,-1,-1,-1
352,1,297.00,288.00,446.00,235.00,0.93,-1,-1,-1
352,2,400.00,232.00,329.00,128.00,0.88,-1,-1,-1
352,3,673.00,225.00,213.00,125.00,0.72,-1,-1,-1
353,1,297.00,288.00,446.00,235.00,0.93,-1,-1,-1
353,2,400.00,232.00,329.00,128.00,0.88,-1,-1,-1
353,3,673.00,225.00,213.00,125.00,0.72,-1,-1,-1
354,1,297.00,289.00,446.00,234.00,0.93,-1,-1,-1
354,2,400.00,232.00,329.00,128.00,0.88,-1,-1,-1
354,3,673.00,225.00,213.00,125.00,0.70,-1,-1,-1
355,1,297.00,289.00,446.00,234.00,0.93,-1,-1,-1
355,2,400.00,232.00,329.00,128.00,0.88,-1,-1,-1
355,3,673.00,225.00,213.00,125.00,0.72,-1,-1,-1
356,1,297.00,289.00,446.00,234.00,0.93,-1,-1,-1
356,2,401.00,232.00,327.00,128.00,0.88,-1,-1,-1
356,3,673.00,225.00,213.00,125.00,0.71,-1,-1,-1
357,1,297.00,289.00,446.00,234.00,0.93,-1,-1,-1
357,2,400.00,232.00,329.00,128.00,0.88,-1,-1,-1
357,3,673.00,225.00,213.00,125.00,0.71,-1,-1,-1
358,1,297.00,289.00,446.00,234.00,0.93,-1,-1,-1
358,2,400.00,232.00,329.00,128.00,0.88,-1,-1,-1
358,3,673.00,225.00,213.00,125.00,0.71,-1,-1,-1
359,1,297.00,288.00,446.00,235.00,0.93,-1,-1,-1
359,2,400.00,232.00,329.00,128.00,0.88,-1,-1,-1
359,3,673.00,225.00,213.00,125.00,0.71,-1,-1,-1
360,1,297.00,289.00,446.00,234.00,0.93,-1,-1,-1
360,2,400.00,232.00,329.00,128.00,0.88,-1,-1,-1
360,3,673.00,225.00,213.00,125.00,0.71,-1,-1,-1
361,1,297.00,289.00,446.00,234.00,0.93,-1,-1,-1
361,2,401.00,232.00,328.00,128.00,0.88,-1,-1,-1
361,3,673.00,225.00,213.00,125.00,0.72,-1,-1,-1
362,1,297.00,288.00,446.00,235.00,0.93,-1,-1,-1
362,2,400.00,232.00,328.00,127.00,0.89,-1,-1,-1
362,3,673.00,225.00,214.00,126.00,0.54,-1,-1,-1
363,1,297.00,288.00,446.00,235.00,0.93,-1,-1,-1
363,2,401.00,232.00,327.00,127.00,0.89,-1,-1,-1
363,3,673.00,225.00,215.00,126.00,0.55,-1,-1,-1
364,1,297.00,288.00,446.00,235.00,0.93,-1,-1,-1
364,2,401.00,233.00,326.00,126.00,0.88,-1,-1,-1
364,3,676.00,225.00,213.00,126.00,0.53,-1,-1,-1
365,1,297.00,288.00,446.00,235.00,0.93,-1,-1,-1
365,2,401.00,233.00,326.00,126.00,0.88,-1,-1,-1
365,3,677.00,225.00,213.00,126.00,0.52,-1,-1,-1
366,1,297.00,288.00,446.00,235.00,0.93,-1,-1,-1
366,2,401.00,233.00,326.00,126.00,0.88,-1,-1,-1
366,3,677.00,225.00,213.00,126.00,0.52,-1,-1,-1
367,1,297.00,288.00,446.00,235.00,0.93,-1,-1,-1
367,2,401.00,233.00,326.00,126.00,0.88,-1,-1,-1
367,3,677.00,225.00,213.00,126.00,0.50,-1,-1,-1
368,1,297.00,288.00,446.00,235.00,0.93,-1,-1,-1
368,2,401.00,233.00,326.00,126.00,0.88,-1,-1,-1
368,3,675.00,225.00,213.00,126.00,0.41,-1,-1,-1
369,1,297.00,288.00,446.00,235.00,0.93,-1,-1,-1
369,2,401.00,233.00,327.00,126.00,0.89,-1,-1,-1
369,3,650.00,223.00,221.00,129.00,0.42,-1,-1,-1
370,1,297.00,288.00,446.00,235.00,0.93,-1,-1,-1
370,2,400.00,233.00,328.00,126.00,0.89,-1,-1,-1
370,3,640.00,223.00,227.00,129.00,0.43,-1,-1,-1
371,1,297.00,288.00,446.00,235.00,0.93,-1,-1,-1
371,2,400.00,232.00,329.00,127.00,0.89,-1,-1,-1
371,3,658.00,224.00,224.00,127.00,0.44,-1,-1,-1
372,1,297.00,288.00,446.00,235.00,0.93,-1,-1,-1
372,2,399.00,232.00,330.00,127.00,0.89,-1,-1,-1
372,3,665.00,224.00,222.00,127.00,0.44,-1,-1,-1
373,1,297.00,288.00,446.00,235.00,0.93,-1,-1,-1
373,2,400.00,232.00,329.00,127.00,0.89,-1,-1,-1
373,3,668.00,224.00,221.00,127.00,0.45,-1,-1,-1
374,1,297.00,288.00,446.00,235.00,0.93,-1,-1,-1
374,2,399.00,232.00,330.00,127.00,0.89,-1,-1,-1
374,3,670.00,224.00,220.00,127.00,0.44,-1,-1,-1
375,1,297.00,288.00,446.00,235.00,0.93,-1,-1,-1
375,2,399.00,232.00,331.00,127.00,0.89,-1,-1,-1
375,3,671.00,224.00,220.00,127.00,0.46,-1,-1,-1
375,68,588.00,222.00,298.00,130.00,0.36,-1,-1,-1
376,1,297.00,288.00,446.00,235.00,0.93,-1,-1,-1
376,2,399.00,232.00,331.00,127.00,0.89,-1,-1,-1
376,3,671.00,225.00,219.00,126.00,0.51,-1,-1,-1
376,68,522.00,181.00,393.00,171.00,0.12,-1,-1,-1
377,1,297.00,288.00,446.00,235.00,0.93,-1,-1,-1
377,2,399.00,232.00,330.00,127.00,0.89,-1,-1,-1
377,3,671.00,225.00,218.00,126.00,0.52,-1,-1,-1
377,68,499.00,166.00,425.00,186.00,0.10,-1,-1,-1
378,1,297.00,288.00,446.00,235.00,0.93,-1,-1,-1
378,2,399.00,232.00,330.00,127.00,0.88,-1,-1,-1
378,3,672.00,225.00,217.00,126.00,0.48,-1,-1,-1
378,68,493.00,161.00,432.00,191.00,0.16,-1,-1,-1
379,1,297.00,288.00,446.00,235.00,0.93,-1,-1,-1
379,2,400.00,232.00,329.00,127.00,0.89,-1,-1,-1
379,3,674.00,225.00,216.00,126.00,0.51,-1,-1,-1
379,68,495.00,161.00,429.00,191.00,0.12,-1,-1,-1
380,1,297.00,288.00,446.00,235.00,0.93,-1,-1,-1
380,2,400.00,233.00,328.00,126.00,0.89,-1,-1,-1
380,3,673.00,225.00,217.00,126.00,0.45,-1,-1,-1
380,68,498.00,162.00,423.00,190.00,0.17,-1,-1,-1
381,1,297.00,288.00,446.00,235.00,0.93,-1,-1,-1
381,2,400.00,233.00,328.00,126.00,0.89,-1,-1,-1
381,3,672.00,225.00,217.00,126.00,0.50,-1,-1,-1
381,68,502.00,163.00,417.00,189.00,0.11,-1,-1,-1
382,1,297.00,288.00,446.00,235.00,0.93,-1,-1,-1
382,2,400.00,233.00,328.00,126.00,0.88,-1,-1,-1
382,3,672.00,225.00,216.00,126.00,0.45,-1,-1,-1
382,68,504.00,164.00,412.00,188.00,0.14,-1,-1,-1
383,1,297.00,288.00,446.00,235.00,0.93,-1,-1,-1
383,2,400.00,233.00,328.00,126.00,0.89,-1,-1,-1
383,3,672.00,224.00,216.00,127.00,0.45,-1,-1,-1
383,68,507.00,164.00,407.00,188.00,0.12,-1,-1,-1
384,1,297.00,288.00,446.00,235.00,0.93,-1,-1,-1
384,2,399.00,232.00,331.00,127.00,0.89,-1,-1,-1
384,3,672.00,224.00,216.00,127.00,0.43,-1,-1,-1
384,68,510.00,165.00,402.00,187.00,0.18,-1,-1,-1
385,1,297.00,288.00,446.00,235.00,0.93,-1,-1,-1
385,2,399.00,231.00,331.00,128.00,0.88,-1,-1,-1
385,3,673.00,225.00,215.00,126.00,0.47,-1,-1,-1
385,68,512.00,166.00,398.00,186.00,0.16,-1,-1,-1
386,1,297.00,288.00,446.00,235.00,0.93,-1,-1,-1
386,2,399.00,232.00,331.00,127.00,0.89,-1,-1,-1
386,3,673.00,225.00,215.00,126.00,0.49,-1,-1,-1
386,68,515.00,166.00,393.00,186.00,0.15,-1,-1,-1
387,1,297.00,288.00,446.00,235.00,0.93,-1,-1,-1
387,2,399.00,231.00,331.00,128.00,0.88,-1,-1,-1
387,3,673.00,225.00,215.00,126.00,0.50,-1,-1,-1
387,68,517.00,166.00,389.00,186.00,0.14,-1,-1,-1
388,1,297.00,288.00,446.00,235.00,0.93,-1,-1,-1
388,2,399.00,231.00,330.00,128.00,0.88,-1,-1,-1
388,3,673.00,225.00,215.00,126.00,0.52,-1,-1,-1
388,68,519.00,167.00,385.00,185.00,0.13,-1,-1,-1
389,1,297.00,288.00,446.00,235.00,0.93,-1,-1,-1
389,2,400.00,232.00,329.00,127.00,0.89,-1,-1,-1
389,3,673.00,225.00,215.00,126.00,0.52,-1,-1,-1
389,68,521.00,167.00,382.00,185.00,0.15,-1,-1,-1
390,1,297.00,288.00,446.00,235.00,0.93,-1,-1,-1
390,2,399.00,232.00,330.00,127.00,0.88,-1,-1,-1
390,3,674.00,225.00,214.00,126.00,0.51,-1,-1,-1
390,68,523.00,167.00,378.00,185.00,0.17,-1,-1,-1
391,1,297.00,288.00,446.00,235.00,0.93,-1,-1,-1
391,2,400.00,232.00,329.00,127.00,0.88,-1,-1,-1
391,3,676.00,225.00,213.00,126.00,0.52,-1,-1,-1
391,68,524.00,167.00,376.00,185.00,0.18,-1,-1,-1
392,1,298.00,288.00,445.00,235.00,0.93,-1,-1,-1
392,2,399.00,232.00,330.00,127.00,0.89,-1,-1,-1
392,3,670.00,225.00,214.00,127.00,0.71,-1,-1,-1
393,1,298.00,289.00,445.00,234.00,0.93,-1,-1,-1
393,2,399.00,232.00,330.00,127.00,0.89,-1,-1,-1
393,3,668.00,226.00,215.00,126.00,0.69,-1,-1,-1
394,1,298.00,289.00,445.00,234.00,0.93,-1,-1,-1
394,2,400.00,232.00,329.00,127.00,0.88,-1,-1,-1
394,3,666.00,226.00,216.00,126.00,0.70,-1,-1,-1
395,1,298.00,289.00,445.00,234.00,0.93,-1,-1,-1
395,2,400.00,232.00,329.00,128.00,0.88,-1,-1,-1
395,3,666.00,226.00,216.00,126.00,0.66,-1,-1,-1
396,1,298.00,289.00,445.00,234.00,0.93,-1,-1,-1
396,2,400.00,232.00,329.00,128.00,0.88,-1,-1,-1
396,3,665.00,226.00,217.00,126.00,0.66,-1,-1,-1
397,1,298.00,289.00,445.00,234.00,0.93,-1,-1,-1
397,2,400.00,232.00,329.00,128.00,0.88,-1,-1,-1
397,3,665.00,226.00,217.00,126.00,0.64,-1,-1,-1
398,1,298.00,289.00,445.00,234.00,0.93,-1,-1,-1
398,2,400.00,232.00,329.00,128.00,0.88,-1,-1,-1
398,3,665.00,226.00,218.00,126.00,0.64,-1,-1,-1
399,1,298.00,289.00,445.00,234.00,0.93,-1,-1,-1
399,2,400.00,233.00,328.00,127.00,0.88,-1,-1,-1
399,3,665.00,226.00,218.00,126.00,0.66,-1,-1,-1
400,1,298.00,289.00,445.00,234.00,0.93,-1,-1,-1
400,2,400.00,233.00,328.00,126.00,0.88,-1,-1,-1
400,3,665.00,226.00,219.00,126.00,0.65,-1,-1,-1
401,1,298.00,289.00,445.00,234.00,0.93,-1,-1,-1
401,2,400.00,233.00,328.00,127.00,0.88,-1,-1,-1
401,3,665.00,226.00,219.00,126.00,0.65,-1,-1,-1
402,1,298.00,289.00,445.00,234.00,0.93,-1,-1,-1
402,2,400.00,232.00,329.00,128.00,0.88,-1,-1,-1
402,3,664.00,226.00,219.00,126.00,0.64,-1,-1,-1
403,1,298.00,289.00,445.00,234.00,0.93,-1,-1,-1
403,2,400.00,232.00,329.00,127.00,0.89,-1,-1,-1
403,3,664.00,226.00,219.00,126.00,0.62,-1,-1,-1
404,1,298.00,289.00,445.00,234.00,0.93,-1,-1,-1
404,2,400.00,232.00,329.00,127.00,0.88,-1,-1,-1
404,3,663.00,226.00,220.00,126.00,0.65,-1,-1,-1
405,1,298.00,289.00,445.00,234.00,0.93,-1,-1,-1
405,2,400.00,232.00,329.00,127.00,0.88,-1,-1,-1
405,3,663.00,226.00,220.00,126.00,0.65,-1,-1,-1
406,1,298.00,289.00,445.00,234.00,0.93,-1,-1,-1
406,2,399.00,232.00,330.00,127.00,0.88,-1,-1,-1
406,3,662.00,226.00,221.00,126.00,0.67,-1,-1,-1
407,1,298.00,289.00,445.00,234.00,0.93,-1,-1,-1
407,2,400.00,232.00,329.00,127.00,0.89,-1,-1,-1
407,3,661.00,226.00,222.00,126.00,0.68,-1,-1,-1
408,1,298.00,289.00,445.00,234.00,0.93,-1,-1,-1
408,2,399.00,232.00,330.00,127.00,0.89,-1,-1,-1
408,3,661.00,226.00,222.00,126.00,0.67,-1,-1,-1
409,1,298.00,289.00,445.00,234.00,0.93,-1,-1,-1
409,2,399.00,232.00,330.00,127.00,0.88,-1,-1,-1
409,3,661.00,226.00,222.00,126.00,0.67,-1,-1,-1
410,1,298.00,289.00,445.00,234.00,0.93,-1,-1,-1
410,2,399.00,232.00,330.00,127.00,0.89,-1,-1,-1
410,3,661.00,226.00,222.00,126.00,0.66,-1,-1,-1
411,1,298.00,289.00,445.00,234.00,0.93,-1,-1,-1
411,2,399.00,232.00,330.00,127.00,0.88,-1,-1,-1
411,3,661.00,226.00,223.00,126.00,0.67,-1,-1,-1
412,1,298.00,289.00,445.00,234.00,0.93,-1,-1,-1
412,2,399.00,232.00,330.00,127.00,0.88,-1,-1,-1
412,3,660.00,226.00,224.00,126.00,0.67,-1,-1,-1
413,1,298.00,289.00,445.00,234.00,0.93,-1,-1,-1
413,2,400.00,232.00,329.00,127.00,0.89,-1,-1,-1
413,3,661.00,226.00,223.00,126.00,0.68,-1,-1,-1
414,1,298.00,289.00,445.00,234.00,0.93,-1,-1,-1
414,2,400.00,232.00,329.00,127.00,0.89,-1,-1,-1
414,3,661.00,226.00,223.00,126.00,0.68,-1,-1,-1
415,1,298.00,289.00,445.00,234.00,0.93,-1,-1,-1
415,2,400.00,232.00,329.00,127.00,0.89,-1,-1,-1
415,3,661.00,226.00,223.00,126.00,0.69,-1,-1,-1
416,1,298.00,289.00,445.00,234.00,0.93,-1,-1,-1
416,2,400.00,233.00,329.00,126.00,0.88,-1,-1,-1
416,3,661.00,226.00,223.00,126.00,0.69,-1,-1,-1
417,1,298.00,289.00,445.00,234.00,0.93,-1,-1,-1
417,2,400.00,233.00,328.00,126.00,0.88,-1,-1,-1
417,3,660.00,226.00,224.00,126.00,0.68,-1,-1,-1
418,1,298.00,289.00,445.00,234.00,0.93,-1,-1,-1
418,2,400.00,233.00,329.00,126.00,0.89,-1,-1,-1
418,3,659.00,226.00,225.00,126.00,0.68,-1,-1,-1
419,1,298.00,289.00,445.00,234.00,0.93,-1,-1,-1
419,2,400.00,233.00,329.00,126.00,0.89,-1,-1,-1
419,3,660.00,226.00,225.00,126.00,0.68,-1,-1,-1
420,1,298.00,289.00,445.00,234.00,0.93,-1,-1,-1
420,2,400.00,232.00,329.00,127.00,0.89,-1,-1,-1
420,3,660.00,226.00,225.00,126.00,0.68,-1,-1,-1
421,1,298.00,289.00,445.00,234.00,0.93,-1,-1,-1
421,2,400.00,233.00,329.00,126.00,0.88,-1,-1,-1
421,3,660.00,226.00,225.00,126.00,0.68,-1,-1,-1
422,1,298.00,288.00,446.00,235.00,0.93,-1,-1,-1
422,2,399.00,232.00,330.00,127.00,0.88,-1,-1,-1
422,3,659.00,226.00,226.00,126.00,0.68,-1,-1,-1
423,1,298.00,288.00,446.00,235.00,0.93,-1,-1,-1
423,2,399.00,231.00,330.00,128.00,0.88,-1,-1,-1
423,3,662.00,226.00,225.00,126.00,0.69,-1,-1,-1
424,1,298.00,288.00,446.00,235.00,0.93,-1,-1,-1
424,2,399.00,232.00,330.00,127.00,0.88,-1,-1,-1
424,3,662.00,226.00,225.00,126.00,0.68,-1,-1,-1
425,1,298.00,288.00,446.00,235.00,0.93,-1,-1,-1
425,2,399.00,232.00,330.00,127.00,0.88,-1,-1,-1
425,3,662.00,226.00,225.00,127.00,0.66,-1,-1,-1
426,1,298.00,288.00,446.00,235.00,0.93,-1,-1,-1
426,2,399.00,231.00,330.00,128.00,0.88,-1,-1,-1
426,3,662.00,226.00,225.00,126.00,0.67,-1,-1,-1
427,1,298.00,288.00,446.00,235.00,0.93,-1,-1,-1
427,2,399.00,231.00,331.00,128.00,0.88,-1,-1,-1
427,3,661.00,226.00,225.00,127.00,0.68,-1,-1,-1
428,1,298.00,288.00,446.00,235.00,0.93,-1,-1,-1
428,2,398.00,231.00,332.00,128.00,0.88,-1,-1,-1
428,3,661.00,226.00,226.00,126.00,0.68,-1,-1,-1
429,1,298.00,288.00,446.00,235.00,0.93,-1,-1,-1
429,2,398.00,231.00,332.00,128.00,0.88,-1,-1,-1
429,3,661.00,226.00,226.00,126.00,0.68,-1,-1,-1
430,1,298.00,288.00,447.00,235.00,0.93,-1,-1,-1
430,2,399.00,231.00,330.00,128.00,0.88,-1,-1,-1
430,3,661.00,226.00,226.00,126.00,0.68,-1,-1,-1
431,1,298.00,288.00,447.00,235.00,0.93,-1,-1,-1
431,2,399.00,231.00,330.00,128.00,0.88,-1,-1,-1
431,3,659.00,226.00,226.00,127.00,0.67,-1,-1,-1
432,1,298.00,288.00,447.00,235.00,0.93,-1,-1,-1
432,2,399.00,231.00,330.00,128.00,0.88,-1,-1,-1
432,3,658.00,226.00,227.00,127.00,0.67,-1,-1,-1
433,1,298.00,288.00,446.00,235.00,0.93,-1,-1,-1
433,2,399.00,231.00,330.00,128.00,0.88,-1,-1,-1
433,3,658.00,226.00,227.00,127.00,0.68,-1,-1,-1
434,1,298.00,288.00,446.00,235.00,0.93,-1,-1,-1
434,2,399.00,231.00,330.00,128.00,0.88,-1,-1,-1
434,3,658.00,226.00,227.00,127.00,0.67,-1,-1,-1
435,1,297.00,288.00,447.00,235.00,0.93,-1,-1,-1
435,2,399.00,231.00,330.00,128.00,0.88,-1,-1,-1
435,3,657.00,226.00,228.00,127.00,0.67,-1,-1,-1
436,1,297.00,288.00,447.00,235.00,0.93,-1,-1,-1
436,2,399.00,231.00,330.00,128.00,0.88,-1,-1,-1
436,3,657.00,226.00,228.00,127.00,0.67,-1,-1,-1
437,1,297.00,288.00,447.00,235.00,0.93,-1,-1,-1
437,2,399.00,231.00,330.00,128.00,0.88,-1,-1,-1
437,3,658.00,226.00,228.00,127.00,0.68,-1,-1,-1
438,1,297.00,288.00,447.00,235.00,0.93,-1,-1,-1
438,2,399.00,231.00,330.00,128.00,0.88,-1,-1,-1
438,3,658.00,226.00,228.00,127.00,0.68,-1,-1,-1
439,1,297.00,288.00,447.00,235.00,0.93,-1,-1,-1
439,2,399.00,231.00,330.00,128.00,0.88,-1,-1,-1
439,3,656.00,226.00,229.00,127.00,0.67,-1,-1,-1
440,1,297.00,288.00,447.00,235.00,0.93,-1,-1,-1
440,2,399.00,231.00,330.00,128.00,0.88,-1,-1,-1
440,3,656.00,226.00,229.00,127.00,0.68,-1,-1,-1
441,1,297.00,288.00,447.00,235.00,0.93,-1,-1,-1
441,2,399.00,231.00,330.00,128.00,0.88,-1,-1,-1
441,3,656.00,226.00,229.00,127.00,0.68,-1,-1,-1
442,1,297.00,288.00,447.00,235.00,0.93,-1,-1,-1
442,2,400.00,231.00,329.00,129.00,0.88,-1,-1,-1
442,3,655.00,226.00,230.00,127.00,0.68,-1,-1,-1
443,1,297.00,288.00,447.00,235.00,0.93,-1,-1,-1
443,2,399.00,231.00,330.00,128.00,0.88,-1,-1,-1
443,3,653.00,226.00,230.00,127.00,0.67,-1,-1,-1
444,1,297.00,288.00,447.00,235.00,0.93,-1,-1,-1
444,2,400.00,231.00,329.00,129.00,0.88,-1,-1,-1
444,3,654.00,226.00,231.00,127.00,0.66,-1,-1,-1
445,1,297.00,288.00,447.00,235.00,0.93,-1,-1,-1
445,2,400.00,232.00,329.00,128.00,0.88,-1,-1,-1
445,3,656.00,226.00,230.00,127.00,0.67,-1,-1,-1
446,1,297.00,288.00,447.00,235.00,0.93,-1,-1,-1
446,2,400.00,232.00,329.00,128.00,0.88,-1,-1,-1
446,3,656.00,226.00,231.00,127.00,0.66,-1,-1,-1
447,1,297.00,288.00,447.00,235.00,0.93,-1,-1,-1
447,2,400.00,231.00,329.00,128.00,0.88,-1,-1,-1
447,3,657.00,226.00,230.00,127.00,0.68,-1,-1,-1
448,1,297.00,288.00,447.00,235.00,0.93,-1,-1,-1
448,2,399.00,231.00,330.00,128.00,0.88,-1,-1,-1
448,3,658.00,226.00,230.00,127.00,0.67,-1,-1,-1
449,1,297.00,288.00,447.00,235.00,0.93,-1,-1,-1
449,2,400.00,231.00,329.00,128.00,0.88,-1,-1,-1
449,3,658.00,226.00,230.00,127.00,0.67,-1,-1,-1
450,1,297.00,288.00,447.00,235.00,0.93,-1,-1,-1
450,2,400.00,231.00,328.00,128.00,0.88,-1,-1,-1
450,3,658.00,226.00,230.00,127.00,0.67,-1,-1,-1
451,1,297.00,288.00,447.00,235.00,0.93,-1,-1,-1
451,2,400.00,232.00,328.00,128.00,0.88,-1,-1,-1
451,3,658.00,226.00,229.00,127.00,0.67,-1,-1,-1
452,1,298.00,289.00,445.00,234.00,0.93,-1,-1,-1
452,2,400.00,231.00,329.00,128.00,0.88,-1,-1,-1
452,3,661.00,225.00,228.00,127.00,0.72,-1,-1,-1
453,1,298.00,290.00,444.00,233.00,0.93,-1,-1,-1
453,2,400.00,231.00,329.00,129.00,0.88,-1,-1,-1
453,3,663.00,225.00,226.00,126.00,0.71,-1,-1,-1
454,1,298.00,290.00,444.00,233.00,0.93,-1,-1,-1
454,2,400.00,231.00,329.00,129.00,0.88,-1,-1,-1
454,3,665.00,225.00,224.00,126.00,0.72,-1,-1,-1
455,1,298.00,290.00,444.00,233.00,0.93,-1,-1,-1
455,2,400.00,231.00,329.00,129.00,0.88,-1,-1,-1
455,3,664.00,225.00,224.00,126.00,0.71,-1,-1,-1
456,1,298.00,290.00,444.00,233.00,0.93,-1,-1,-1
456,2,400.00,231.00,329.00,129.00,0.88,-1,-1,-1
456,3,664.00,225.00,224.00,126.00,0.72,-1,-1,-1
457,1,298.00,290.00,444.00,233.00,0.93,-1,-1,-1
457,2,400.00,231.00,329.00,129.00,0.88,-1,-1,-1
457,3,664.00,225.00,224.00,126.00,0.71,-1,-1,-1
458,1,298.00,290.00,444.00,233.00,0.93,-1,-1,-1
458,2,399.00,231.00,331.00,128.00,0.88,-1,-1,-1
458,3,664.00,225.00,223.00,126.00,0.71,-1,-1,-1
459,1,298.00,289.00,445.00,234.00,0.93,-1,-1,-1
459,2,400.00,231.00,329.00,129.00,0.88,-1,-1,-1
459,3,665.00,225.00,223.00,126.00,0.72,-1,-1,-1
460,1,298.00,289.00,446.00,234.00,0.93,-1,-1,-1
460,2,400.00,231.00,329.00,129.00,0.88,-1,-1,-1
460,3,665.00,225.00,223.00,126.00,0.72,-1,-1,-1
461,1,298.00,289.00,445.00,234.00,0.93,-1,-1,-1
461,2,401.00,232.00,327.00,128.00,0.88,-1,-1,-1
461,3,666.00,225.00,222.00,126.00,0.72,-1,-1,-1
462,1,298.00,289.00,445.00,234.00,0.93,-1,-1,-1
462,2,401.00,232.00,327.00,128.00,0.88,-1,-1,-1
462,3,666.00,225.00,221.00,126.00,0.72,-1,-1,-1
463,1,298.00,289.00,445.00,234.00,0.93,-1,-1,-1
463,2,401.00,232.00,327.00,128.00,0.88,-1,-1,-1
463,3,666.00,225.00,221.00,126.00,0.72,-1,-1,-1
464,1,298.00,290.00,444.00,233.00,0.93,-1,-1,-1
464,2,401.00,232.00,327.00,128.00,0.88,-1,-1,-1
464,3,667.00,225.00,221.00,126.00,0.72,-1,-1,-1
465,1,298.00,289.00,445.00,234.00,0.93,-1,-1,-1
465,2,401.00,232.00,327.00,128.00,0.88,-1,-1,-1
465,3,667.00,225.00,220.00,126.00,0.70,-1,-1,-1
466,1,297.00,289.00,447.00,234.00,0.93,-1,-1,-1
466,2,401.00,232.00,327.00,128.00,0.88,-1,-1,-1
466,3,667.00,225.00,220.00,126.00,0.68,-1,-1,-1
467,1,297.00,288.00,447.00,235.00,0.93,-1,-1,-1
467,2,400.00,232.00,329.00,128.00,0.88,-1,-1,-1
467,3,667.00,225.00,220.00,126.00,0.68,-1,-1,-1
468,1,297.00,288.00,447.00,235.00,0.93,-1,-1,-1
468,2,400.00,232.00,329.00,128.00,0.88,-1,-1,-1
468,3,667.00,225.00,220.00,126.00,0.68,-1,-1,-1
469,1,297.00,288.00,447.00,235.00,0.93,-1,-1,-1
469,2,400.00,232.00,329.00,128.00,0.88,-1,-1,-1
469,3,667.00,225.00,220.00,126.00,0.67,-1,-1,-1
470,1,297.00,288.00,447.00,235.00,0.93,-1,-1,-1
470,2,400.00,232.00,328.00,128.00,0.88,-1,-1,-1
470,3,668.00,225.00,219.00,126.00,0.68,-1,-1,-1
471,1,297.00,288.00,447.00,235.00,0.93,-1,-1,-1
471,2,400.00,232.00,328.00,128.00,0.88,-1,-1,-1
471,3,669.00,225.00,218.00,126.00,0.69,-1,-1,-1
472,1,297.00,288.00,447.00,235.00,0.93,-1,-1,-1
472,2,400.00,232.00,329.00,128.00,0.88,-1,-1,-1
472,3,669.00,225.00,218.00,126.00,0.70,-1,-1,-1
473,1,297.00,288.00,446.00,235.00,0.93,-1,-1,-1
473,2,400.00,232.00,329.00,128.00,0.88,-1,-1,-1
473,3,669.00,225.00,217.00,126.00,0.70,-1,-1,-1
474,1,298.00,289.00,445.00,234.00,0.93,-1,-1,-1
474,2,400.00,232.00,328.00,128.00,0.88,-1,-1,-1
474,3,669.00,225.00,217.00,126.00,0.70,-1,-1,-1
475,1,298.00,290.00,444.00,233.00,0.93,-1,-1,-1
475,2,400.00,232.00,328.00,128.00,0.88,-1,-1,-1
475,3,669.00,225.00,217.00,126.00,0.71,-1,-1,-1
476,1,298.00,289.00,445.00,234.00,0.93,-1,-1,-1
476,2,401.00,232.00,327.00,128.00,0.88,-1,-1,-1
476,3,668.00,225.00,218.00,126.00,0.71,-1,-1,-1
477,1,298.00,289.00,444.00,234.00,0.93,-1,-1,-1
477,2,401.00,232.00,327.00,128.00,0.88,-1,-1,-1
477,3,669.00,225.00,217.00,126.00,0.72,-1,-1,-1
478,1,297.00,289.00,446.00,234.00,0.93,-1,-1,-1
478,2,401.00,232.00,327.00,128.00,0.88,-1,-1,-1
478,3,669.00,225.00,217.00,126.00,0.71,-1,-1,-1
479,1,297.00,289.00,446.00,234.00,0.93,-1,-1,-1
479,2,401.00,232.00,327.00,128.00,0.88,-1,-1,-1
479,3,669.00,225.00,217.00,126.00,0.70,-1,-1,-1
480,1,298.00,289.00,445.00,234.00,0.93,-1,-1,-1
480,2,401.00,232.00,327.00,128.00,0.88,-1,-1,-1
480,3,670.00,225.00,216.00,126.00,0.71,-1,-1,-1
481,1,298.00,290.00,444.00,233.00,0.93,-1,-1,-1
481,2,401.00,232.00,327.00,128.00,0.88,-1,-1,-1
481,3,670.00,225.00,216.00,126.00,0.70,-1,-1,-1
482,1,298.00,289.00,445.00,234.00,0.93,-1,-1,-1
482,2,400.00,231.00,329.00,129.00,0.88,-1,-1,-1
482,3,666.00,225.00,217.00,126.00,0.47,-1,-1,-1
483,1,298.00,289.00,446.00,234.00,0.93,-1,-1,-1
483,2,399.00,231.00,330.00,128.00,0.88,-1,-1,-1
483,3,668.00,225.00,217.00,126.00,0.40,-1,-1,-1
484,1,298.00,289.00,446.00,234.00,0.93,-1,-1,-1
484,2,399.00,231.00,331.00,128.00,0.88,-1,-1,-1
484,3,668.00,225.00,217.00,126.00,0.45,-1,-1,-1
485,1,298.00,289.00,446.00,234.00,0.93,-1,-1,-1
485,2,399.00,231.00,330.00,128.00,0.88,-1,-1,-1
485,3,666.00,225.00,217.00,126.00,0.50,-1,-1,-1
486,1,298.00,289.00,446.00,234.00,0.93,-1,-1,-1
486,2,399.00,231.00,330.00,128.00,0.88,-1,-1,-1
486,3,664.00,225.00,219.00,126.00,0.49,-1,-1,-1
487,1,298.00,289.00,446.00,234.00,0.93,-1,-1,-1
487,2,399.00,230.00,331.00,129.00,0.88,-1,-1,-1
487,3,647.00,225.00,223.00,126.00,0.51,-1,-1,-1
488,1,298.00,289.00,446.00,234.00,0.93,-1,-1,-1
488,2,399.00,230.00,331.00,129.00,0.88,-1,-1,-1
488,3,639.00,226.00,227.00,125.00,0.49,-1,-1,-1
489,1,298.00,289.00,446.00,234.00,0.93,-1,-1,-1
489,2,399.00,230.00,331.00,129.00,0.88,-1,-1,-1
489,3,652.00,225.00,227.00,126.00,0.51,-1,-1,-1
490,1,298.00,289.00,446.00,234.00,0.93,-1,-1,-1
490,2,398.00,230.00,332.00,129.00,0.88,-1,-1,-1
490,3,657.00,225.00,227.00,126.00,0.52,-1,-1,-1
491,1,298.00,289.00,446.00,234.00,0.93,-1,-1,-1
491,2,399.00,230.00,331.00,129.00,0.88,-1,-1,-1
491,3,660.00,225.00,226.00,126.00,0.53,-1,-1,-1
492,1,298.00,289.00,446.00,234.00,0.93,-1,-1,-1
492,2,399.00,230.00,331.00,129.00,0.88,-1,-1,-1
492,3,662.00,225.00,225.00,126.00,0.52,-1,-1,-1
493,1,298.00,289.00,446.00,234.00,0.93,-1,-1,-1
493,2,399.00,230.00,331.00,129.00,0.88,-1,-1,-1
493,3,662.00,225.00,225.00,126.00,0.52,-1,-1,-1
494,1,298.00,289.00,446.00,234.00,0.93,-1,-1,-1
494,2,399.00,230.00,331.00,129.00,0.88,-1,-1,-1
494,3,663.00,225.00,224.00,126.00,0.52,-1,-1,-1
495,1,298.00,289.00,446.00,234.00,0.93,-1,-1,-1
495,2,399.00,230.00,330.00,129.00,0.88,-1,-1,-1
495,3,663.00,225.00,224.00,126.00,0.52,-1,-1,-1
496,1,298.00,289.00,446.00,234.00,0.93,-1,-1,-1
496,2,400.00,230.00,329.00,129.00,0.88,-1,-1,-1
496,3,663.00,225.00,224.00,126.00,0.52,-1,-1,-1
497,1,298.00,289.00,446.00,234.00,0.93,-1,-1,-1
497,2,400.00,230.00,329.00,129.00,0.88,-1,-1,-1
497,3,663.00,225.00,224.00,126.00,0.52,-1,-1,-1
498,1,298.00,289.00,446.00,234.00,0.93,-1,-1,-1
498,2,400.00,230.00,329.00,129.00,0.88,-1,-1,-1
498,3,663.00,225.00,224.00,126.00,0.52,-1,-1,-1
499,1,298.00,289.00,446.00,234.00,0.93,-1,-1,-1
499,2,400.00,230.00,329.00,129.00,0.88,-1,-1,-1
499,3,663.00,225.00,223.00,126.00,0.51,-1,-1,-1
500,1,298.00,289.00,446.00,234.00,0.93,-1,-1,-1
500,2,400.00,230.00,329.00,129.00,0.88,-1,-1,-1
500,3,663.00,225.00,223.00,126.00,0.51,-1,-1,-1
501,1,298.00,289.00,446.00,234.00,0.93,-1,-1,-1
501,2,400.00,230.00,329.00,129.00,0.88,-1,-1,-1
501,3,664.00,225.00,222.00,126.00,0.52,-1,-1,-1
502,1,298.00,289.00,446.00,234.00,0.93,-1,-1,-1
502,2,400.00,230.00,329.00,129.00,0.88,-1,-1,-1
502,3,663.00,225.00,223.00,126.00,0.52,-1,-1,-1
503,1,298.00,289.00,446.00,234.00,0.93,-1,-1,-1
503,2,400.00,230.00,329.00,129.00,0.88,-1,-1,-1
503,3,662.00,225.00,223.00,126.00,0.52,-1,-1,-1
504,1,298.00,289.00,446.00,234.00,0.93,-1,-1,-1
504,2,400.00,230.00,329.00,129.00,0.88,-1,-1,-1
504,3,663.00,225.00,223.00,126.00,0.52,-1,-1,-1
505,1,298.00,289.00,446.00,234.00,0.93,-1,-1,-1
505,2,400.00,231.00,329.00,128.00,0.88,-1,-1,-1
505,3,664.00,225.00,222.00,126.00,0.51,-1,-1,-1
506,1,298.00,289.00,446.00,234.00,0.93,-1,-1,-1
506,2,400.00,230.00,329.00,129.00,0.88,-1,-1,-1
506,3,665.00,225.00,221.00,126.00,0.51,-1,-1,-1
507,1,298.00,289.00,446.00,234.00,0.93,-1,-1,-1
507,2,400.00,231.00,328.00,128.00,0.87,-1,-1,-1
507,3,665.00,225.00,222.00,126.00,0.52,-1,-1,-1
508,1,298.00,289.00,446.00,234.00,0.93,-1,-1,-1
508,2,401.00,231.00,327.00,128.00,0.87,-1,-1,-1
508,3,664.00,225.00,222.00,126.00,0.54,-1,-1,-1
509,1,298.00,289.00,446.00,234.00,0.93,-1,-1,-1
509,2,401.00,231.00,327.00,128.00,0.87,-1,-1,-1
509,3,665.00,225.00,221.00,126.00,0.51,-1,-1,-1
510,1,298.00,289.00,446.00,234.00,0.93,-1,-1,-1
510,2,401.00,231.00,327.00,128.00,0.87,-1,-1,-1
510,3,665.00,225.00,221.00,126.00,0.51,-1,-1,-1
511,1,298.00,289.00,446.00,234.00,0.93,-1,-1,-1
511,2,401.00,231.00,327.00,128.00,0.87,-1,-1,-1
511,3,666.00,225.00,221.00,126.00,0.49,-1,-1,-1
512,1,297.00,289.00,448.00,234.00,0.93,-1,-1,-1
512,2,401.00,231.00,327.00,128.00,0.88,-1,-1,-1
512,3,666.00,225.00,221.00,126.00,0.68,-1,-1,-1
