2,1,329.00,286.00,432.00,216.00,0.93,-1,-1,-1
2,2,651.00,224.00,215.00,125.00,0.84,-1,-1,-1
2,5,427.00,191.00,367.00,206.00,0.62,-1,-1,-1
2,7,426.00,186.00,372.00,211.00,0.42,-1,-1,-1
2,8,661.00,227.00,201.00,83.00,0.35,-1,-1,-1
2,9,544.00,237.00,257.00,160.00,0.30,-1,-1,-1
3,1,329.00,286.00,432.00,216.00,0.93,-1,-1,-1
3,2,651.00,224.00,215.00,125.00,0.84,-1,-1,-1
3,5,427.00,191.00,367.00,206.00,0.60,-1,-1,-1
3,7,426.00,186.00,372.00,211.00,0.41,-1,-1,-1
3,8,661.00,227.00,201.00,83.00,0.35,-1,-1,-1
3,9,544.00,237.00,256.00,160.00,0.33,-1,-1,-1
4,1,329.00,286.00,432.00,216.00,0.93,-1,-1,-1
4,2,651.00,224.00,215.00,125.00,0.84,-1,-1,-1
4,5,428.00,191.00,365.00,206.00,0.62,-1,-1,-1
4,7,427.00,187.00,370.00,210.00,0.42,-1,-1,-1
4,8,661.00,227.00,201.00,83.00,0.35,-1,-1,-1
4,9,544.00,237.00,256.00,159.00,0.31,-1,-1,-1
5,1,328.00,286.00,433.00,216.00,0.93,-1,-1,-1
5,2,651.00,224.00,215.00,125.00,0.84,-1,-1,-1
5,5,427.00,191.00,367.00,206.00,0.62,-1,-1,-1
5,7,427.00,187.00,371.00,210.00,0.41,-1,-1,-1
5,8,661.00,227.00,201.00,84.00,0.34,-1,-1,-1
5,9,544.00,237.00,257.00,160.00,0.32,-1,-1,-1
6,1,328.00,286.00,433.00,216.00,0.93,-1,-1,-1
6,2,650.00,224.00,216.00,125.00,0.84,-1,-1,-1
6,5,427.00,191.00,367.00,206.00,0.61,-1,-1,-1
6,7,427.00,187.00,371.00,211.00,0.41,-1,-1,-1
6,8,661.00,227.00,201.00,83.00,0.34,-1,-1,-1
6,9,544.00,237.00,257.00,160.00,0.32,-1,-1,-1
7,1,328.00,286.00,433.00,216.00,0.93,-1,-1,-1
7,2,650.00,224.00,216.00,125.00,0.84,-1,-1,-1
7,5,427.00,191.00,367.00,206.00,0.59,-1,-1,-1
7,7,426.00,186.00,372.00,212.00,0.39,-1,-1,-1
7,8,661.00,227.00,202.00,84.00,0.34,-1,-1,-1
7,9,544.00,237.00,257.00,160.00,0.36,-1,-1,-1
8,1,328.00,286.00,433.00,216.00,0.93,-1,-1,-1
8,2,650.00,224.00,216.00,125.00,0.84,-1,-1,-1
8,5,427.00,191.00,367.00,206.00,0.59,-1,-1,-1
8,7,426.00,186.00,372.00,212.00,0.39,-1,-1,-1
8,8,661.00,227.00,202.00,84.00,0.33,-1,-1,-1
8,9,544.00,237.00,257.00,160.00,0.36,-1,-1,-1
9,1,328.00,286.00,433.00,216.00,0.93,-1,-1,-1
9,2,650.00,224.00,216.00,125.00,0.84,-1,-1,-1
9,5,427.00,191.00,367.00,206.00,0.60,-1,-1,-1
9,7,427.00,186.00,371.00,211.00,0.40,-1,-1,-1
9,8,660.00,227.00,203.00,84.00,0.34,-1,-1,-1
9,9,544.00,237.00,257.00,160.00,0.34,-1,-1,-1
10,1,328.00,286.00,433.00,216.00,0.93,-1,-1,-1
10,2,650.00,223.00,216.00,126.00,0.84,-1,-1,-1
10,5,427.00,191.00,367.00,206.00,0.61,-1,-1,-1
10,7,427.00,186.00,371.00,211.00,0.42,-1,-1,-1
10,8,660.00,227.00,203.00,84.00,0.34,-1,-1,-1
10,9,544.00,237.00,257.00,160.00,0.32,-1,-1,-1
11,1,328.00,286.00,433.00,217.00,0.93,-1,-1,-1
11,2,650.00,223.00,216.00,126.00,0.84,-1,-1,-1
11,5,427.00,191.00,367.00,206.00,0.60,-1,-1,-1
11,7,427.00,186.00,371.00,211.00,0.41,-1,-1,-1
11,8,660.00,226.00,203.00,85.00,0.35,-1,-1,-1
11,9,544.00,237.00,257.00,160.00,0.33,-1,-1,-1
12,1,328.00,286.00,433.00,217.00,0.93,-1,-1,-1
12,2,650.00,223.00,216.00,126.00,0.84,-1,-1,-1
12,5,427.00,191.00,367.00,206.00,0.61,-1,-1,-1
12,7,427.00,186.00,371.00,211.00,0.41,-1,-1,-1
12,8,660.00,226.00,203.00,84.00,0.35,-1,-1,-1
12,9,544.00,237.00,257.00,159.00,0.33,-1,-1,-1
13,1,328.00,286.00,433.00,217.00,0.93,-1,-1,-1
13,2,650.00,223.00,216.00,126.00,0.84,-1,-1,-1
13,5,427.00,191.00,367.00,206.00,0.60,-1,-1,-1
13,7,427.00,187.00,371.00,210.00,0.41,-1,-1,-1
13,8,660.00,226.00,203.00,84.00,0.35,-1,-1,-1
13,9,544.00,237.00,257.00,159.00,0.33,-1,-1,-1
14,1,328.00,286.00,433.00,217.00,0.93,-1,-1,-1
14,2,650.00,223.00,216.00,126.00,0.84,-1,-1,-1
14,5,427.00,191.00,367.00,205.00,0.59,-1,-1,-1
14,7,427.00,186.00,371.00,211.00,0.40,-1,-1,-1
14,8,660.00,226.00,203.00,84.00,0.35,-1,-1,-1
14,9,544.00,237.00,257.00,159.00,0.35,-1,-1,-1
15,1,328.00,286.00,433.00,217.00,0.93,-1,-1,-1
15,2,650.00,223.00,216.00,126.00,0.84,-1,-1,-1
15,5,427.00,191.00,366.00,205.00,0.59,-1,-1,-1
15,7,427.00,186.00,370.00,211.00,0.43,-1,-1,-1
15,8,661.00,226.00,202.00,84.00,0.35,-1,-1,-1
15,9,544.00,237.00,256.00,159.00,0.32,-1,-1,-1
16,1,328.00,286.00,433.00,217.00,0.93,-1,-1,-1
16,2,650.00,223.00,216.00,126.00,0.84,-1,-1,-1
16,5,428.00,191.00,365.00,205.00,0.60,-1,-1,-1
16,7,427.00,187.00,370.00,210.00,0.46,-1,-1,-1
16,8,661.00,226.00,201.00,84.00,0.36,-1,-1,-1
16,9,544.00,237.00,256.00,159.00,0.29,-1,-1,-1
17,1,328.00,286.00,433.00,217.00,0.93,-1,-1,-1
17,2,650.00,223.00,216.00,126.00,0.84,-1,-1,-1
17,5,427.00,191.00,366.00,205.00,0.59,-1,-1,-1
17,7,427.00,187.00,370.00,210.00,0.44,-1,-1,-1
17,8,661.00,226.00,202.00,84.00,0.35,-1,-1,-1
17,9,544.00,237.00,256.00,159.00,0.31,-1,-1,-1
18,1,329.00,286.00,432.00,216.00,0.93,-1,-1,-1
18,2,650.00,223.00,216.00,126.00,0.84,-1,-1,-1
18,5,427.00,191.00,367.00,205.00,0.58,-1,-1,-1
18,7,427.00,187.00,371.00,210.00,0.43,-1,-1,-1
18,8,660.00,226.00,203.00,84.00,0.35,-1,-1,-1
18,9,544.00,237.00,257.00,159.00,0.32,-1,-1,-1
19,1,329.00,286.00,432.00,216.00,0.93,-1,-1,-1
19,2,650.00,223.00,216.00,126.00,0.84,-1,-1,-1
19,5,427.00,191.00,367.00,205.00,0.58,-1,-1,-1
19,7,427.00,187.00,371.00,210.00,0.45,-1,-1,-1
19,8,660.00,226.00,203.00,84.00,0.35,-1,-1,-1
19,9,544.00,237.00,257.00,159.00,0.31,-1,-1,-1
20,1,329.00,286.00,432.00,216.00,0.93,-1,-1,-1
20,2,650.00,223.00,216.00,126.00,0.84,-1,-1,-1
20,5,427.00,191.00,367.00,205.00,0.56,-1,-1,-1
20,7,427.00,187.00,371.00,210.00,0.43,-1,-1,-1
20,8,660.00,226.00,203.00,85.00,0.35,-1,-1,-1
20,9,544.00,237.00,257.00,159.00,0.34,-1,-1,-1
21,1,329.00,286.00,431.00,216.00,0.93,-1,-1,-1
21,2,650.00,223.00,216.00,126.00,0.84,-1,-1,-1
21,5,427.00,191.00,367.00,205.00,0.56,-1,-1,-1
21,7,427.00,187.00,371.00,210.00,0.44,-1,-1,-1
21,8,660.00,227.00,203.00,84.00,0.35,-1,-1,-1
21,9,544.00,237.00,256.00,159.00,0.32,-1,-1,-1
22,1,329.00,286.00,431.00,216.00,0.93,-1,-1,-1
22,2,650.00,223.00,216.00,126.00,0.84,-1,-1,-1
22,5,427.00,191.00,366.00,205.00,0.57,-1,-1,-1
22,7,427.00,187.00,370.00,210.00,0.44,-1,-1,-1
22,8,661.00,227.00,201.00,84.00,0.36,-1,-1,-1
22,9,544.00,237.00,256.00,159.00,0.33,-1,-1,-1
23,1,329.00,286.00,432.00,216.00,0.93,-1,-1,-1
23,2,650.00,223.00,216.00,126.00,0.84,-1,-1,-1
23,5,427.00,191.00,366.00,205.00,0.57,-1,-1,-1
23,7,427.00,187.00,370.00,210.00,0.43,-1,-1,-1
23,8,661.00,227.00,201.00,84.00,0.35,-1,-1,-1
23,9,543.00,237.00,257.00,159.00,0.34,-1,-1,-1
24,1,329.00,286.00,432.00,217.00,0.93,-1,-1,-1
24,2,650.00,223.00,216.00,126.00,0.84,-1,-1,-1
24,5,427.00,191.00,366.00,205.00,0.57,-1,-1,-1
24,7,427.00,187.00,370.00,209.00,0.44,-1,-1,-1
24,8,660.00,226.00,203.00,85.00,0.35,-1,-1,-1
24,9,543.00,237.00,257.00,159.00,0.33,-1,-1,-1
25,1,329.00,286.00,432.00,217.00,0.93,-1,-1,-1
25,2,651.00,224.00,215.00,125.00,0.84,-1,-1,-1
25,5,427.00,191.00,366.00,205.00,0.58,-1,-1,-1
25,7,427.00,187.00,370.00,209.00,0.43,-1,-1,-1
25,8,661.00,227.00,201.00,84.00,0.34,-1,-1,-1
25,9,544.00,237.00,256.00,159.00,0.32,-1,-1,-1
26,1,329.00,286.00,432.00,217.00,0.93,-1,-1,-1
26,2,650.00,223.00,216.00,126.00,0.84,-1,-1,-1
26,5,428.00,191.00,365.00,205.00,0.58,-1,-1,-1
26,7,427.00,187.00,370.00,209.00,0.44,-1,-1,-1
26,8,661.00,226.00,201.00,84.00,0.34,-1,-1,-1
26,9,544.00,237.00,256.00,159.00,0.31,-1,-1,-1
27,1,329.00,286.00,432.00,217.00,0.93,-1,-1,-1
27,2,650.00,224.00,216.00,125.00,0.84,-1,-1,-1
27,5,428.00,191.00,365.00,204.00,0.58,-1,-1,-1
27,7,427.00,187.00,370.00,209.00,0.44,-1,-1,-1
27,8,661.00,226.00,202.00,84.00,0.34,-1,-1,-1
27,9,544.00,237.00,256.00,159.00,0.31,-1,-1,-1
28,1,329.00,286.00,431.00,216.00,0.93,-1,-1,-1
28,2,651.00,224.00,215.00,125.00,0.84,-1,-1,-1
28,5,428.00,191.00,364.00,204.00,0.58,-1,-1,-1
28,7,427.00,187.00,369.00,209.00,0.44,-1,-1,-1
28,8,661.00,227.00,201.00,83.00,0.34,-1,-1,-1
28,9,544.00,237.00,256.00,158.00,0.30,-1,-1,-1
29,1,329.00,286.00,432.00,217.00,0.93,-1,-1,-1
29,2,650.00,224.00,215.00,125.00,0.84,-1,-1,-1
29,5,428.00,191.00,365.00,204.00,0.60,-1,-1,-1
29,7,427.00,187.00,369.00,209.00,0.42,-1,-1,-1
29,8,661.00,227.00,201.00,83.00,0.33,-1,-1,-1
29,9,544.00,237.00,255.00,158.00,0.32,-1,-1,-1
30,1,329.00,286.00,432.00,217.00,0.93,-1,-1,-1
30,2,651.00,224.00,215.00,125.00,0.85,-1,-1,-1
30,5,428.00,192.00,364.00,203.00,0.67,-1,-1,-1
30,7,427.00,187.00,369.00,208.00,0.45,-1,-1,-1
30,8,661.00,226.00,202.00,84.00,0.34,-1,-1,-1
30,9,544.00,236.00,256.00,159.00,0.22,-1,-1,-1
31,1,329.00,286.00,432.00,217.00,0.93,-1,-1,-1
31,2,650.00,223.00,216.00,126.00,0.84,-1,-1,-1
31,5,429.00,193.00,363.00,202.00,0.68,-1,-1,-1
31,7,428.00,188.00,367.00,207.00,0.42,-1,-1,-1
31,8,660.00,226.00,203.00,84.00,0.33,-1,-1,-1
31,9,543.00,236.00,257.00,159.00,0.25,-1,-1,-1
32,1,329.00,285.00,433.00,217.00,0.93,-1,-1,-1
32,2,649.00,223.00,217.00,126.00,0.85,-1,-1,-1
32,5,428.00,192.00,364.00,203.00,0.58,-1,-1,-1
32,7,427.00,187.00,370.00,208.00,0.22,-1,-1,-1
32,8,661.00,227.00,201.00,83.00,0.30,-1,-1,-1
32,9,545.00,237.00,255.00,158.00,0.43,-1,-1,-1
33,1,329.00,284.00,433.00,217.00,0.93,-1,-1,-1
33,2,648.00,223.00,218.00,126.00,0.85,-1,-1,-1
33,5,427.00,192.00,365.00,203.00,0.55,-1,-1,-1
33,7,427.00,186.00,371.00,209.00,0.19,-1,-1,-1
33,8,661.00,227.00,201.00,83.00,0.30,-1,-1,-1
33,9,545.00,238.00,256.00,157.00,0.45,-1,-1,-1
34,1,329.00,284.00,433.00,217.00,0.93,-1,-1,-1
34,2,649.00,223.00,217.00,126.00,0.85,-1,-1,-1
34,5,426.00,192.00,365.00,203.00,0.52,-1,-1,-1
34,7,426.00,185.00,373.00,210.00,0.17,-1,-1,-1
34,8,661.00,227.00,201.00,83.00,0.31,-1,-1,-1
34,9,545.00,238.00,256.00,157.00,0.46,-1,-1,-1
35,1,329.00,284.00,434.00,217.00,0.93,-1,-1,-1
35,2,650.00,224.00,216.00,125.00,0.86,-1,-1,-1
35,5,417.00,179.00,384.00,215.00,0.24,-1,-1,-1
35,7,419.00,176.00,386.00,219.00,0.11,-1,-1,-1
35,8,661.00,227.00,201.00,83.00,0.31,-1,-1,-1
35,9,544.00,236.00,258.00,159.00,0.68,-1,-1,-1
36,1,329.00,284.00,435.00,217.00,0.93,-1,-1,-1
36,2,650.00,224.00,215.00,124.00,0.85,-1,-1,-1
36,5,418.00,180.00,383.00,214.00,0.32,-1,-1,-1
36,7,421.00,177.00,383.00,218.00,0.12,-1,-1,-1
36,8,662.00,227.00,199.00,83.00,0.31,-1,-1,-1
36,9,543.00,236.00,259.00,159.00,0.65,-1,-1,-1
37,1,329.00,284.00,434.00,217.00,0.93,-1,-1,-1
37,2,650.00,224.00,215.00,124.00,0.85,-1,-1,-1
37,5,418.00,180.00,383.00,215.00,0.37,-1,-1,-1
37,7,421.00,177.00,383.00,218.00,0.15,-1,-1,-1
37,8,662.00,228.00,199.00,82.00,0.32,-1,-1,-1
37,9,543.00,236.00,259.00,159.00,0.60,-1,-1,-1
38,1,329.00,284.00,434.00,217.00,0.93,-1,-1,-1
38,2,650.00,223.00,215.00,125.00,0.85,-1,-1,-1
38,5,413.00,172.00,392.00,222.00,0.23,-1,-1,-1
38,7,419.00,174.00,387.00,221.00,0.16,-1,-1,-1
38,8,661.00,228.00,200.00,82.00,0.33,-1,-1,-1
38,9,542.00,236.00,260.00,159.00,0.69,-1,-1,-1
39,1,329.00,284.00,434.00,217.00,0.93,-1,-1,-1
39,2,649.00,223.00,216.00,125.00,0.85,-1,-1,-1
39,5,417.00,175.00,387.00,220.00,0.17,-1,-1,-1
39,7,421.00,178.00,379.00,216.00,0.31,-1,-1,-1
39,8,661.00,228.00,200.00,82.00,0.33,-1,-1,-1
39,9,542.00,236.00,260.00,159.00,0.64,-1,-1,-1
40,1,329.00,284.00,434.00,217.00,0.93,-1,-1,-1
40,2,650.00,223.00,215.00,125.00,0.85,-1,-1,-1
40,5,414.00,175.00,389.00,220.00,0.19,-1,-1,-1
40,7,416.00,176.00,382.00,218.00,0.27,-1,-1,-1
40,8,661.00,228.00,200.00,82.00,0.34,-1,-1,-1
40,9,542.00,236.00,260.00,159.00,0.67,-1,-1,-1
41,1,328.00,284.00,435.00,217.00,0.93,-1,-1,-1
41,2,650.00,224.00,215.00,124.00,0.85,-1,-1,-1
41,5,420.00,179.00,381.00,217.00,0.16,-1,-1,-1
41,7,423.00,184.00,370.00,211.00,0.31,-1,-1,-1
41,8,662.00,228.00,199.00,82.00,0.33,-1,-1,-1
41,9,541.00,236.00,260.00,159.00,0.65,-1,-1,-1
42,1,328.00,284.00,435.00,218.00,0.93,-1,-1,-1
42,2,650.00,224.00,215.00,124.00,0.85,-1,-1,-1
42,5,422.00,181.00,378.00,215.00,0.16,-1,-1,-1
42,7,425.00,186.00,366.00,209.00,0.29,-1,-1,-1
42,8,661.00,228.00,200.00,82.00,0.33,-1,-1,-1
42,9,541.00,236.00,260.00,159.00,0.67,-1,-1,-1
43,1,328.00,284.00,435.00,218.00,0.93,-1,-1,-1
43,2,649.00,224.00,216.00,124.00,0.85,-1,-1,-1
43,5,423.00,182.00,376.00,214.00,0.19,-1,-1,-1
43,7,425.00,189.00,362.00,205.00,0.37,-1,-1,-1
43,8,661.00,228.00,200.00,82.00,0.32,-1,-1,-1
43,9,541.00,236.00,260.00,159.00,0.61,-1,-1,-1
44,1,328.00,284.00,434.00,218.00,0.93,-1,-1,-1
44,2,649.00,224.00,216.00,124.00,0.85,-1,-1,-1
44,5,424.00,182.00,374.00,214.00,0.19,-1,-1,-1
44,7,426.00,189.00,363.00,206.00,0.30,-1,-1,-1
44,8,661.00,228.00,200.00,82.00,0.31,-1,-1,-1
44,9,541.00,236.00,260.00,159.00,0.63,-1,-1,-1
45,1,328.00,284.00,435.00,218.00,0.93,-1,-1,-1
45,2,649.00,224.00,216.00,124.00,0.85,-1,-1,-1
45,5,425.00,183.00,373.00,213.00,0.17,-1,-1,-1
45,7,427.00,189.00,363.00,206.00,0.32,-1,-1,-1
45,8,661.00,228.00,200.00,82.00,0.31,-1,-1,-1
45,9,541.00,236.00,260.00,159.00,0.64,-1,-1,-1
46,1,328.00,284.00,434.00,218.00,0.93,-1,-1,-1
46,2,650.00,224.00,215.00,124.00,0.86,-1,-1,-1
46,5,425.00,183.00,373.00,213.00,0.21,-1,-1,-1
46,7,427.00,190.00,364.00,205.00,0.33,-1,-1,-1
46,8,662.00,228.00,199.00,81.00,0.34,-1,-1,-1
46,9,541.00,236.00,260.00,159.00,0.60,-1,-1,-1
47,1,329.00,284.00,434.00,217.00,0.93,-1,-1,-1
47,2,650.00,224.00,216.00,124.00,0.86,-1,-1,-1
47,5,425.00,183.00,373.00,213.00,0.18,-1,-1,-1
47,7,426.00,188.00,366.00,207.00,0.29,-1,-1,-1
47,8,662.00,228.00,198.00,81.00,0.35,-1,-1,-1
47,9,541.00,236.00,260.00,159.00,0.64,-1,-1,-1
48,1,329.00,284.00,435.00,217.00,0.93,-1,-1,-1
48,2,651.00,224.00,215.00,124.00,0.86,-1,-1,-1
48,5,428.00,184.00,369.00,210.00,0.15,-1,-1,-1
48,7,427.00,188.00,365.00,206.00,0.24,-1,-1,-1
48,8,662.00,228.00,198.00,81.00,0.36,-1,-1,-1
48,9,541.00,236.00,260.00,159.00,0.70,-1,-1,-1
49,1,329.00,284.00,435.00,217.00,0.93,-1,-1,-1
49,2,650.00,224.00,216.00,124.00,0.85,-1,-1,-1
49,5,425.00,182.00,374.00,213.00,0.19,-1,-1,-1
49,7,425.00,187.00,367.00,208.00,0.28,-1,-1,-1
49,8,662.00,228.00,199.00,81.00,0.35,-1,-1,-1
49,9,541.00,236.00,260.00,159.00,0.62,-1,-1,-1
50,1,328.00,284.00,435.00,218.00,0.93,-1,-1,-1
50,2,649.00,224.00,216.00,125.00,0.85,-1,-1,-1
50,5,428.00,185.00,368.00,210.00,0.21,-1,-1,-1
50,7,426.00,191.00,361.00,204.00,0.38,-1,-1,-1
50,8,661.00,228.00,200.00,81.00,0.35,-1,-1,-1
50,9,542.00,237.00,259.00,158.00,0.54,-1,-1,-1
51,1,328.00,285.00,435.00,217.00,0.93,-1,-1,-1
51,2,649.00,224.00,216.00,125.00,0.85,-1,-1,-1
51,5,428.00,185.00,368.00,210.00,0.20,-1,-1,-1
51,7,426.00,191.00,364.00,204.00,0.32,-1,-1,-1
51,8,661.00,228.00,200.00,81.00,0.35,-1,-1,-1
51,9,542.00,237.00,259.00,158.00,0.57,-1,-1,-1
52,1,329.00,284.00,434.00,218.00,0.93,-1,-1,-1
52,2,649.00,224.00,216.00,125.00,0.85,-1,-1,-1
52,5,427.00,186.00,366.00,209.00,0.30,-1,-1,-1
52,7,424.00,185.00,373.00,211.00,0.19,-1,-1,-1
52,8,661.00,228.00,200.00,81.00,0.34,-1,-1,-1
52,9,541.00,236.00,261.00,159.00,0.63,-1,-1,-1
53,1,328.00,285.00,435.00,217.00,0.93,-1,-1,-1
53,2,650.00,224.00,215.00,124.00,0.85,-1,-1,-1
53,5,424.00,183.00,374.00,213.00,0.21,-1,-1,-1
53,7,422.00,184.00,375.00,211.00,0.28,-1,-1,-1
53,8,661.00,228.00,201.00,81.00,0.34,-1,-1,-1
53,9,541.00,236.00,261.00,159.00,0.64,-1,-1,-1
54,1,328.00,285.00,435.00,217.00,0.93,-1,-1,-1
54,2,650.00,224.00,215.00,124.00,0.85,-1,-1,-1
54,5,424.00,182.00,375.00,214.00,0.22,-1,-1,-1
54,7,422.00,185.00,374.00,210.00,0.31,-1,-1,-1
54,8,661.00,228.00,201.00,82.00,0.33,-1,-1,-1
54,9,541.00,236.00,261.00,160.00,0.61,-1,-1,-1
55,1,328.00,285.00,434.00,217.00,0.93,-1,-1,-1
55,2,649.00,223.00,216.00,125.00,0.85,-1,-1,-1
55,5,423.00,182.00,374.00,213.00,0.27,-1,-1,-1
55,7,421.00,181.00,380.00,215.00,0.19,-1,-1,-1
55,8,660.00,228.00,202.00,82.00,0.33,-1,-1,-1
55,9,541.00,236.00,261.00,160.00,0.65,-1,-1,-1
56,1,329.00,284.00,434.00,218.00,0.93,-1,-1,-1
56,2,649.00,223.00,216.00,125.00,0.85,-1,-1,-1
56,5,422.00,183.00,372.00,212.00,0.24,-1,-1,-1
56,7,419.00,180.00,381.00,216.00,0.15,-1,-1,-1
56,8,660.00,228.00,202.00,82.00,0.32,-1,-1,-1
56,9,541.00,236.00,261.00,160.00,0.67,-1,-1,-1
57,1,328.00,285.00,434.00,217.00,0.93,-1,-1,-1
57,2,649.00,223.00,216.00,125.00,0.85,-1,-1,-1
57,5,423.00,184.00,370.00,211.00,0.25,-1,-1,-1
57,7,420.00,180.00,381.00,216.00,0.16,-1,-1,-1
57,8,660.00,228.00,203.00,82.00,0.31,-1,-1,-1
57,9,541.00,236.00,261.00,160.00,0.66,-1,-1,-1
58,1,328.00,285.00,434.00,217.00,0.93,-1,-1,-1
58,2,649.00,224.00,217.00,125.00,0.85,-1,-1,-1
58,5,423.00,185.00,369.00,210.00,0.29,-1,-1,-1
58,7,421.00,181.00,379.00,215.00,0.20,-1,-1,-1
58,8,660.00,228.00,203.00,82.00,0.31,-1,-1,-1
58,9,541.00,236.00,261.00,159.00,0.64,-1,-1,-1
59,1,328.00,285.00,434.00,217.00,0.93,-1,-1,-1
59,2,649.00,223.00,217.00,126.00,0.85,-1,-1,-1
59,5,424.00,186.00,367.00,209.00,0.31,-1,-1,-1
59,7,421.00,182.00,378.00,214.00,0.20,-1,-1,-1
59,8,660.00,227.00,203.00,83.00,0.30,-1,-1,-1
59,9,541.00,236.00,261.00,159.00,0.63,-1,-1,-1
60,1,329.00,284.00,434.00,218.00,0.93,-1,-1,-1
60,2,649.00,223.00,217.00,126.00,0.85,-1,-1,-1
60,5,425.00,187.00,367.00,208.00,0.26,-1,-1,-1
60,7,423.00,182.00,376.00,214.00,0.17,-1,-1,-1
60,8,660.00,227.00,203.00,83.00,0.30,-1,-1,-1
60,9,541.00,236.00,261.00,159.00,0.67,-1,-1,-1
61,1,329.00,284.00,434.00,217.00,0.93,-1,-1,-1
61,2,649.00,223.00,217.00,125.00,0.85,-1,-1,-1
61,5,426.00,187.00,366.00,207.00,0.24,-1,-1,-1
61,7,424.00,182.00,375.00,214.00,0.17,-1,-1,-1
61,8,660.00,227.00,203.00,83.00,0.31,-1,-1,-1
61,9,541.00,236.00,260.00,159.00,0.68,-1,-1,-1
62,1,328.00,285.00,434.00,217.00,0.93,-1,-1,-1
62,2,649.00,223.00,218.00,126.00,0.86,-1,-1,-1
62,5,426.00,190.00,364.00,206.00,0.57,-1,-1,-1
62,7,424.00,185.00,373.00,212.00,0.38,-1,-1,-1
62,8,659.00,227.00,205.00,83.00,0.33,-1,-1,-1
62,9,541.00,237.00,260.00,159.00,0.38,-1,-1,-1
63,1,328.00,285.00,433.00,217.00,0.93,-1,-1,-1
63,2,649.00,223.00,218.00,126.00,0.85,-1,-1,-1
63,5,426.00,191.00,363.00,206.00,0.58,-1,-1,-1
63,7,425.00,186.00,372.00,211.00,0.39,-1,-1,-1
63,8,659.00,227.00,205.00,83.00,0.33,-1,-1,-1
63,9,541.00,237.00,260.00,160.00,0.36,-1,-1,-1
64,1,327.00,285.00,434.00,217.00,0.93,-1,-1,-1
64,2,649.00,223.00,218.00,126.00,0.85,-1,-1,-1
64,5,426.00,191.00,363.00,206.00,0.60,-1,-1,-1
64,7,425.00,186.00,372.00,211.00,0.39,-1,-1,-1
64,8,659.00,227.00,205.00,83.00,0.33,-1,-1,-1
64,9,541.00,237.00,259.00,160.00,0.36,-1,-1,-1
65,1,327.00,285.00,434.00,218.00,0.93,-1,-1,-1
65,2,648.00,223.00,218.00,126.00,0.85,-1,-1,-1
65,5,426.00,192.00,364.00,205.00,0.62,-1,-1,-1
65,7,425.00,186.00,371.00,212.00,0.43,-1,-1,-1
65,8,659.00,227.00,205.00,84.00,0.33,-1,-1,-1
65,9,541.00,237.00,259.00,160.00,0.30,-1,-1,-1
66,1,327.00,285.00,434.00,218.00,0.93,-1,-1,-1
66,2,648.00,223.00,218.00,126.00,0.85,-1,-1,-1
66,5,426.00,192.00,364.00,206.00,0.62,-1,-1,-1
66,7,425.00,187.00,372.00,211.00,0.44,-1,-1,-1
66,8,659.00,226.00,205.00,85.00,0.33,-1,-1,-1
66,9,541.00,237.00,259.00,160.00,0.29,-1,-1,-1
67,1,327.00,285.00,434.00,218.00,0.93,-1,-1,-1
67,2,649.00,223.00,217.00,127.00,0.85,-1,-1,-1
67,5,426.00,192.00,364.00,206.00,0.60,-1,-1,-1
67,7,425.00,187.00,372.00,212.00,0.42,-1,-1,-1
67,8,659.00,226.00,205.00,85.00,0.32,-1,-1,-1
67,9,541.00,237.00,259.00,160.00,0.31,-1,-1,-1
68,1,327.00,285.00,434.00,218.00,0.93,-1,-1,-1
68,2,649.00,224.00,217.00,126.00,0.85,-1,-1,-1
68,5,426.00,192.00,364.00,206.00,0.60,-1,-1,-1
68,7,425.00,187.00,372.00,211.00,0.41,-1,-1,-1
68,8,660.00,226.00,204.00,84.00,0.33,-1,-1,-1
68,9,542.00,237.00,258.00,160.00,0.32,-1,-1,-1
69,1,327.00,285.00,434.00,218.00,0.93,-1,-1,-1
69,2,649.00,224.00,217.00,126.00,0.85,-1,-1,-1
69,5,426.00,192.00,364.00,206.00,0.63,-1,-1,-1
69,7,425.00,187.00,371.00,211.00,0.45,-1,-1,-1
69,8,660.00,226.00,204.00,84.00,0.33,-1,-1,-1
69,9,542.00,238.00,257.00,159.00,0.27,-1,-1,-1
70,1,328.00,285.00,433.00,218.00,0.93,-1,-1,-1
70,2,651.00,224.00,215.00,126.00,0.86,-1,-1,-1
70,5,426.00,192.00,364.00,206.00,0.62,-1,-1,-1
70,7,425.00,187.00,371.00,211.00,0.42,-1,-1,-1
70,8,660.00,227.00,203.00,83.00,0.33,-1,-1,-1
70,9,542.00,238.00,257.00,159.00,0.29,-1,-1,-1
71,1,328.00,285.00,433.00,218.00,0.93,-1,-1,-1
71,2,649.00,224.00,217.00,126.00,0.85,-1,-1,-1
71,5,426.00,192.00,365.00,206.00,0.66,-1,-1,-1
71,7,425.00,187.00,371.00,212.00,0.46,-1,-1,-1
71,8,660.00,227.00,203.00,84.00,0.34,-1,-1,-1
71,9,542.00,238.00,256.00,159.00,0.23,-1,-1,-1
72,1,328.00,285.00,432.00,218.00,0.93,-1,-1,-1
72,2,649.00,223.00,217.00,127.00,0.85,-1,-1,-1
72,5,426.00,193.00,364.00,206.00,0.70,-1,-1,-1
72,7,425.00,188.00,370.00,211.00,0.46,-1,-1,-1
72,8,660.00,227.00,203.00,84.00,0.34,-1,-1,-1
72,9,542.00,238.00,256.00,160.00,0.22,-1,-1,-1
73,1,328.00,285.00,432.00,218.00,0.93,-1,-1,-1
73,2,649.00,223.00,217.00,127.00,0.85,-1,-1,-1
73,5,426.00,193.00,364.00,206.00,0.66,-1,-1,-1
73,7,425.00,188.00,370.00,211.00,0.39,-1,-1,-1
73,8,660.00,227.00,203.00,84.00,0.34,-1,-1,-1
73,9,542.00,238.00,257.00,160.00,0.30,-1,-1,-1
74,1,328.00,285.00,432.00,218.00,0.93,-1,-1,-1
74,2,648.00,223.00,218.00,127.00,0.85,-1,-1,-1
74,5,425.00,193.00,366.00,206.00,0.70,-1,-1,-1
74,7,424.00,187.00,372.00,213.00,0.38,-1,-1,-1
74,8,660.00,227.00,203.00,84.00,0.34,-1,-1,-1
74,9,541.00,236.00,259.00,162.00,0.24,-1,-1,-1
75,1,328.00,285.00,433.00,218.00,0.93,-1,-1,-1
75,2,649.00,223.00,217.00,127.00,0.85,-1,-1,-1
75,5,426.00,193.00,366.00,207.00,0.70,-1,-1,-1
75,7,425.00,187.00,372.00,213.00,0.38,-1,-1,-1
75,8,659.00,226.00,204.00,85.00,0.34,-1,-1,-1
75,9,542.00,238.00,257.00,160.00,0.24,-1,-1,-1
76,1,328.00,285.00,433.00,218.00,0.93,-1,-1,-1
76,2,649.00,223.00,217.00,126.00,0.85,-1,-1,-1
76,5,421.00,185.00,378.00,215.00,0.24,-1,-1,-1
76,7,423.00,186.00,371.00,213.00,0.57,-1,-1,-1
76,8,659.00,226.00,204.00,85.00,0.34,-1,-1,-1
76,9,542.00,237.00,258.00,161.00,0.48,-1,-1,-1
77,1,328.00,285.00,432.00,218.00,0.93,-1,-1,-1
77,2,649.00,223.00,217.00,127.00,0.85,-1,-1,-1
77,5,422.00,185.00,377.00,214.00,0.36,-1,-1,-1
77,7,424.00,188.00,368.00,211.00,0.61,-1,-1,-1
77,8,659.00,226.00,204.00,85.00,0.35,-1,-1,-1
77,9,542.00,237.00,258.00,161.00,0.36,-1,-1,-1
78,1,328.00,285.00,432.00,218.00,0.93,-1,-1,-1
78,2,649.00,223.00,217.00,127.00,0.85,-1,-1,-1
78,5,417.00,181.00,381.00,218.00,0.44,-1,-1,-1
78,7,454.00,220.00,320.00,180.00,0.30,-1,-1,-1
78,8,659.00,226.00,204.00,85.00,0.34,-1,-1,-1
78,9,542.00,236.00,258.00,162.00,0.56,-1,-1,-1
79,1,328.00,285.00,432.00,218.00,0.93,-1,-1,-1
79,2,649.00,223.00,217.00,127.00,0.85,-1,-1,-1
79,5,415.00,177.00,384.00,221.00,0.50,-1,-1,-1
79,8,659.00,226.00,204.00,85.00,0.34,-1,-1,-1
79,9,542.00,236.00,258.00,162.00,0.54,-1,-1,-1
80,1,328.00,285.00,432.00,218.00,0.93,-1,-1,-1
80,2,650.00,223.00,216.00,127.00,0.85,-1,-1,-1
80,5,413.00,179.00,381.00,219.00,0.51,-1,-1,-1
80,8,659.00,226.00,204.00,85.00,0.34,-1,-1,-1
80,9,542.00,236.00,258.00,162.00,0.56,-1,-1,-1
81,1,328.00,285.00,432.00,218.00,0.93,-1,-1,-1
81,2,650.00,223.00,216.00,127.00,0.85,-1,-1,-1
81,5,418.00,182.00,374.00,215.00,0.55,-1,-1,-1
81,8,659.00,226.00,204.00,85.00,0.33,-1,-1,-1
81,9,542.00,236.00,258.00,162.00,0.53,-1,-1,-1
82,1,328.00,285.00,433.00,218.00,0.93,-1,-1,-1
82,2,650.00,223.00,216.00,127.00,0.85,-1,-1,-1
82,5,422.00,186.00,367.00,211.00,0.57,-1,-1,-1
82,8,660.00,227.00,203.00,84.00,0.33,-1,-1,-1
82,9,543.00,236.00,256.00,162.00,0.49,-1,-1,-1
83,1,328.00,285.00,433.00,219.00,0.93,-1,-1,-1
83,2,649.00,223.00,217.00,126.00,0.85,-1,-1,-1
83,5,425.00,188.00,364.00,209.00,0.61,-1,-1,-1
83,8,660.00,227.00,203.00,84.00,0.32,-1,-1,-1
83,9,543.00,236.00,256.00,161.00,0.43,-1,-1,-1
84,1,327.00,285.00,434.00,219.00,0.93,-1,-1,-1
84,2,649.00,223.00,217.00,126.00,0.85,-1,-1,-1
84,5,426.00,190.00,362.00,208.00,0.64,-1,-1,-1
84,8,660.00,227.00,203.00,84.00,0.33,-1,-1,-1
84,9,543.00,237.00,256.00,161.00,0.36,-1,-1,-1
84,7,424.00,189.00,373.00,210.00,0.35,-1,-1,-1
85,1,328.00,285.00,433.00,219.00,0.93,-1,-1,-1
85,2,650.00,223.00,216.00,127.00,0.85,-1,-1,-1
85,5,427.00,191.00,361.00,207.00,0.64,-1,-1,-1
85,8,660.00,227.00,203.00,84.00,0.32,-1,-1,-1
85,9,543.00,237.00,256.00,161.00,0.37,-1,-1,-1
85,7,422.00,187.00,377.00,212.00,0.34,-1,-1,-1
86,1,328.00,285.00,433.00,219.00,0.93,-1,-1,-1
86,2,649.00,223.00,217.00,127.00,0.85,-1,-1,-1
86,5,428.00,192.00,360.00,206.00,0.63,-1,-1,-1
86,8,660.00,227.00,203.00,84.00,0.32,-1,-1,-1
86,9,543.00,237.00,256.00,161.00,0.40,-1,-1,-1
86,7,422.00,186.00,377.00,213.00,0.34,-1,-1,-1
87,1,328.00,285.00,433.00,219.00,0.93,-1,-1,-1
87,2,650.00,223.00,216.00,127.00,0.85,-1,-1,-1
87,5,428.00,193.00,360.00,205.00,0.62,-1,-1,-1
87,8,660.00,227.00,203.00,84.00,0.33,-1,-1,-1
87,9,543.00,237.00,255.00,161.00,0.40,-1,-1,-1
87,7,422.00,186.00,376.00,213.00,0.33,-1,-1,-1
88,1,328.00,285.00,433.00,219.00,0.93,-1,-1,-1
88,2,650.00,224.00,216.00,126.00,0.85,-1,-1,-1
88,5,427.00,193.00,361.00,205.00,0.58,-1,-1,-1
88,8,660.00,227.00,203.00,84.00,0.33,-1,-1,-1
88,9,543.00,237.00,255.00,161.00,0.45,-1,-1,-1
88,7,423.00,186.00,375.00,213.00,0.32,-1,-1,-1
89,1,328.00,285.00,432.00,219.00,0.93,-1,-1,-1
89,2,650.00,224.00,216.00,126.00,0.85,-1,-1,-1
89,5,427.00,193.00,360.00,205.00,0.55,-1,-1,-1
89,8,660.00,227.00,202.00,84.00,0.32,-1,-1,-1
89,9,543.00,237.00,255.00,161.00,0.47,-1,-1,-1
89,7,423.00,186.00,375.00,213.00,0.31,-1,-1,-1
90,1,328.00,285.00,432.00,219.00,0.93,-1,-1,-1
90,2,650.00,224.00,216.00,126.00,0.85,-1,-1,-1
90,5,427.00,193.00,361.00,205.00,0.59,-1,-1,-1
90,8,660.00,227.00,203.00,84.00,0.32,-1,-1,-1
90,9,543.00,237.00,255.00,161.00,0.43,-1,-1,-1
90,7,423.00,187.00,375.00,212.00,0.34,-1,-1,-1
91,1,328.00,285.00,432.00,219.00,0.93,-1,-1,-1
91,2,650.00,224.00,216.00,126.00,0.85,-1,-1,-1
91,5,427.00,193.00,361.00,205.00,0.57,-1,-1,-1
91,8,660.00,227.00,203.00,84.00,0.32,-1,-1,-1
91,9,543.00,237.00,255.00,161.00,0.45,-1,-1,-1
91,7,424.00,187.00,373.00,212.00,0.33,-1,-1,-1
92,1,329.00,286.00,431.00,218.00,0.93,-1,-1,-1
92,2,649.00,223.00,216.00,126.00,0.84,-1,-1,-1
92,5,428.00,193.00,360.00,204.00,0.57,-1,-1,-1
92,8,662.00,227.00,199.00,83.00,0.39,-1,-1,-1
92,9,543.00,236.00,255.00,161.00,0.38,-1,-1,-1
92,7,425.00,187.00,372.00,211.00,0.34,-1,-1,-1
93,1,329.00,286.00,431.00,218.00,0.93,-1,-1,-1
93,2,649.00,223.00,216.00,126.00,0.84,-1,-1,-1
93,5,429.00,193.00,359.00,203.00,0.60,-1,-1,-1
93,8,662.00,227.00,199.00,83.00,0.37,-1,-1,-1
93,9,544.00,237.00,253.00,159.00,0.34,-1,-1,-1
93,7,426.00,187.00,370.00,210.00,0.36,-1,-1,-1
94,1,329.00,286.00,431.00,218.00,0.93,-1,-1,-1
94,2,648.00,223.00,217.00,126.00,0.84,-1,-1,-1
94,5,429.00,193.00,359.00,203.00,0.59,-1,-1,-1
94,8,662.00,227.00,199.00,83.00,0.38,-1,-1,-1
94,9,543.00,237.00,254.00,159.00,0.34,-1,-1,-1
94,7,426.00,187.00,370.00,210.00,0.35,-1,-1,-1
95,1,329.00,286.00,431.00,218.00,0.93,-1,-1,-1
95,2,648.00,223.00,217.00,126.00,0.84,-1,-1,-1
95,5,428.00,193.00,361.00,203.00,0.59,-1,-1,-1
95,8,662.00,227.00,199.00,83.00,0.37,-1,-1,-1
95,9,543.00,237.00,254.00,159.00,0.36,-1,-1,-1
95,7,427.00,187.00,370.00,210.00,0.33,-1,-1,-1
96,1,329.00,286.00,431.00,218.00,0.93,-1,-1,-1
96,2,648.00,223.00,217.00,126.00,0.84,-1,-1,-1
96,5,428.00,193.00,360.00,203.00,0.55,-1,-1,-1
96,8,662.00,227.00,199.00,83.00,0.37,-1,-1,-1
96,9,543.00,237.00,254.00,159.00,0.40,-1,-1,-1
96,7,427.00,187.00,370.00,210.00,0.31,-1,-1,-1
97,1,329.00,286.00,431.00,218.00,0.93,-1,-1,-1
97,2,648.00,223.00,217.00,126.00,0.84,-1,-1,-1
97,5,428.00,193.00,361.00,203.00,0.58,-1,-1,-1
97,8,662.00,227.00,199.00,83.00,0.37,-1,-1,-1
97,9,543.00,237.00,255.00,159.00,0.40,-1,-1,-1
97,7,427.00,187.00,370.00,210.00,0.31,-1,-1,-1
98,1,329.00,286.00,431.00,218.00,0.93,-1,-1,-1
98,2,648.00,223.00,217.00,126.00,0.84,-1,-1,-1
98,5,428.00,193.00,361.00,203.00,0.58,-1,-1,-1
98,8,662.00,227.00,199.00,83.00,0.37,-1,-1,-1
98,9,543.00,237.00,255.00,159.00,0.40,-1,-1,-1
98,7,427.00,187.00,369.00,209.00,0.31,-1,-1,-1
99,1,329.00,286.00,431.00,218.00,0.93,-1,-1,-1
99,2,648.00,223.00,217.00,126.00,0.84,-1,-1,-1
99,5,428.00,193.00,361.00,203.00,0.58,-1,-1,-1
99,8,662.00,227.00,199.00,83.00,0.38,-1,-1,-1
99,9,543.00,236.00,255.00,160.00,0.38,-1,-1,-1
99,7,427.00,187.00,369.00,209.00,0.31,-1,-1,-1
100,1,329.00,286.00,432.00,218.00,0.93,-1,-1,-1
100,2,648.00,223.00,217.00,126.00,0.84,-1,-1,-1
100,5,428.00,193.00,362.00,203.00,0.58,-1,-1,-1
100,8,662.00,227.00,199.00,83.00,0.37,-1,-1,-1
100,9,543.00,236.00,255.00,160.00,0.38,-1,-1,-1
100,7,427.00,187.00,369.00,209.00,0.32,-1,-1,-1
101,1,328.00,286.00,433.00,218.00,0.93,-1,-1,-1
101,2,648.00,223.00,217.00,126.00,0.84,-1,-1,-1
101,5,428.00,193.00,362.00,203.00,0.57,-1,-1,-1
101,8,662.00,227.00,199.00,83.00,0.37,-1,-1,-1
101,9,543.00,236.00,255.00,160.00,0.38,-1,-1,-1
101,7,427.00,187.00,369.00,209.00,0.32,-1,-1,-1
102,1,328.00,286.00,433.00,219.00,0.93,-1,-1,-1
102,2,648.00,223.00,217.00,126.00,0.84,-1,-1,-1
102,5,427.00,193.00,362.00,203.00,0.55,-1,-1,-1
102,8,661.00,227.00,200.00,83.00,0.37,-1,-1,-1
102,9,542.00,236.00,256.00,160.00,0.39,-1,-1,-1
102,7,427.00,187.00,369.00,209.00,0.31,-1,-1,-1
103,1,328.00,286.00,433.00,219.00,0.93,-1,-1,-1
103,2,648.00,223.00,217.00,126.00,0.84,-1,-1,-1
103,5,427.00,193.00,362.00,203.00,0.54,-1,-1,-1
103,8,661.00,227.00,200.00,83.00,0.37,-1,-1,-1
103,9,542.00,236.00,256.00,159.00,0.42,-1,-1,-1
103,7,427.00,187.00,369.00,209.00,0.30,-1,-1,-1
104,1,328.00,286.00,433.00,218.00,0.93,-1,-1,-1
104,2,648.00,223.00,218.00,126.00,0.84,-1,-1,-1
104,5,427.00,193.00,363.00,203.00,0.56,-1,-1,-1
104,8,661.00,227.00,200.00,83.00,0.37,-1,-1,-1
104,9,542.00,236.00,256.00,160.00,0.40,-1,-1,-1
104,7,426.00,187.00,370.00,209.00,0.31,-1,-1,-1
105,1,328.00,286.00,433.00,218.00,0.93,-1,-1,-1
105,2,648.00,223.00,218.00,126.00,0.84,-1,-1,-1
105,5,427.00,193.00,363.00,203.00,0.57,-1,-1,-1
105,8,661.00,227.00,201.00,83.00,0.36,-1,-1,-1
105,9,542.00,236.00,256.00,160.00,0.40,-1,-1,-1
105,7,427.00,187.00,369.00,209.00,0.31,-1,-1,-1
106,1,328.00,286.00,433.00,218.00,0.93,-1,-1,-1
106,2,648.00,223.00,218.00,126.00,0.84,-1,-1,-1
106,5,427.00,193.00,363.00,203.00,0.54,-1,-1,-1
106,8,661.00,227.00,201.00,83.00,0.37,-1,-1,-1
106,9,542.00,236.00,256.00,160.00,0.43,-1,-1,-1
106,7,427.00,187.00,369.00,209.00,0.29,-1,-1,-1
107,1,328.00,286.00,433.00,218.00,0.93,-1,-1,-1
107,2,648.00,223.00,218.00,126.00,0.84,-1,-1,-1
107,5,427.00,193.00,363.00,203.00,0.53,-1,-1,-1
107,8,661.00,227.00,201.00,83.00,0.36,-1,-1,-1
107,9,542.00,236.00,257.00,160.00,0.44,-1,-1,-1
107,7,427.00,187.00,369.00,209.00,0.28,-1,-1,-1
108,1,328.00,286.00,433.00,218.00,0.93,-1,-1,-1
108,2,648.00,223.00,218.00,126.00,0.84,-1,-1,-1
108,5,426.00,193.00,364.00,203.00,0.53,-1,-1,-1
108,8,661.00,227.00,201.00,83.00,0.36,-1,-1,-1
108,9,542.00,236.00,257.00,160.00,0.45,-1,-1,-1
108,7,427.00,187.00,369.00,209.00,0.27,-1,-1,-1
109,1,328.00,286.00,433.00,218.00,0.93,-1,-1,-1
109,2,648.00,223.00,218.00,126.00,0.84,-1,-1,-1
109,5,426.00,193.00,364.00,203.00,0.52,-1,-1,-1
109,8,661.00,227.00,201.00,83.00,0.36,-1,-1,-1
109,9,542.00,236.00,257.00,160.00,0.46,-1,-1,-1
109,7,427.00,187.00,369.00,209.00,0.27,-1,-1,-1
110,1,328.00,286.00,433.00,218.00,0.93,-1,-1,-1
110,2,649.00,223.00,217.00,126.00,0.84,-1,-1,-1
110,5,426.00,193.00,363.00,203.00,0.52,-1,-1,-1
110,8,661.00,227.00,201.00,83.00,0.36,-1,-1,-1
110,9,542.00,236.00,257.00,160.00,0.46,-1,-1,-1
110,7,426.00,187.00,370.00,209.00,0.25,-1,-1,-1
111,1,328.00,286.00,433.00,218.00,0.93,-1,-1,-1
111,2,648.00,223.00,218.00,126.00,0.84,-1,-1,-1
111,5,426.00,193.00,364.00,203.00,0.54,-1,-1,-1
111,8,661.00,227.00,201.00,83.00,0.36,-1,-1,-1
111,9,542.00,236.00,257.00,160.00,0.45,-1,-1,-1
111,7,426.00,187.00,370.00,209.00,0.28,-1,-1,-1
112,1,328.00,286.00,433.00,218.00,0.93,-1,-1,-1
112,2,649.00,223.00,217.00,126.00,0.84,-1,-1,-1
112,5,425.00,192.00,364.00,204.00,0.56,-1,-1,-1
112,8,661.00,227.00,201.00,83.00,0.36,-1,-1,-1
112,9,542.00,236.00,257.00,160.00,0.41,-1,-1,-1
112,7,425.00,187.00,371.00,209.00,0.30,-1,-1,-1
113,1,328.00,286.00,433.00,218.00,0.93,-1,-1,-1
113,2,649.00,223.00,217.00,126.00,0.84,-1,-1,-1
113,5,424.00,192.00,366.00,204.00,0.58,-1,-1,-1
113,8,661.00,227.00,201.00,83.00,0.36,-1,-1,-1
113,9,542.00,237.00,257.00,159.00,0.39,-1,-1,-1
113,7,425.00,187.00,371.00,209.00,0.29,-1,-1,-1
114,1,328.00,286.00,433.00,218.00,0.93,-1,-1,-1
114,2,649.00,223.00,217.00,126.00,0.84,-1,-1,-1
114,5,425.00,192.00,365.00,204.00,0.65,-1,-1,-1
114,8,661.00,227.00,201.00,83.00,0.38,-1,-1,-1
114,9,543.00,237.00,255.00,159.00,0.34,-1,-1,-1
114,7,425.00,187.00,370.00,209.00,0.33,-1,-1,-1
115,1,329.00,286.00,431.00,218.00,0.93,-1,-1,-1
115,2,648.00,223.00,218.00,126.00,0.84,-1,-1,-1
115,5,426.00,193.00,365.00,203.00,0.65,-1,-1,-1
115,8,661.00,227.00,201.00,83.00,0.37,-1,-1,-1
115,9,543.00,237.00,256.00,159.00,0.35,-1,-1,-1
115,7,426.00,187.00,370.00,209.00,0.29,-1,-1,-1
116,1,329.00,286.00,431.00,218.00,0.93,-1,-1,-1
116,2,648.00,222.00,218.00,127.00,0.84,-1,-1,-1
116,5,426.00,192.00,366.00,204.00,0.71,-1,-1,-1
116,8,661.00,227.00,201.00,83.00,0.37,-1,-1,-1
116,9,542.00,236.00,257.00,160.00,0.25,-1,-1,-1
116,7,424.00,186.00,373.00,210.00,0.29,-1,-1,-1
117,1,329.00,286.00,431.00,218.00,0.93,-1,-1,-1
117,2,648.00,222.00,218.00,127.00,0.84,-1,-1,-1
117,5,426.00,192.00,367.00,204.00,0.75,-1,-1,-1
117,8,661.00,227.00,201.00,83.00,0.37,-1,-1,-1
117,9,542.00,236.00,258.00,160.00,0.20,-1,-1,-1
117,7,425.00,186.00,372.00,209.00,0.28,-1,-1,-1
118,1,329.00,286.00,431.00,218.00,0.93,-1,-1,-1
118,2,648.00,222.00,218.00,127.00,0.84,-1,-1,-1
118,5,424.00,190.00,370.00,206.00,0.62,-1,-1,-1
118,8,661.00,227.00,201.00,83.00,0.36,-1,-1,-1
118,9,542.00,236.00,258.00,160.00,0.35,-1,-1,-1
118,7,424.00,185.00,375.00,211.00,0.26,-1,-1,-1
119,1,329.00,286.00,432.00,218.00,0.93,-1,-1,-1
119,2,648.00,223.00,218.00,126.00,0.84,-1,-1,-1
119,5,423.00,189.00,371.00,207.00,0.61,-1,-1,-1
119,8,661.00,227.00,201.00,83.00,0.36,-1,-1,-1
119,9,542.00,237.00,258.00,159.00,0.34,-1,-1,-1
119,7,424.00,184.00,375.00,212.00,0.27,-1,-1,-1
120,1,329.00,286.00,431.00,218.00,0.93,-1,-1,-1
120,2,648.00,223.00,218.00,126.00,0.84,-1,-1,-1
120,5,417.00,181.00,383.00,215.00,0.60,-1,-1,-1
120,8,661.00,227.00,201.00,83.00,0.36,-1,-1,-1
120,9,541.00,236.00,258.00,159.00,0.31,-1,-1,-1
120,7,419.00,179.00,384.00,218.00,0.36,-1,-1,-1
121,1,329.00,286.00,432.00,218.00,0.93,-1,-1,-1
121,2,648.00,223.00,218.00,126.00,0.84,-1,-1,-1
121,5,422.00,186.00,374.00,210.00,0.64,-1,-1,-1
121,8,661.00,227.00,201.00,83.00,0.36,-1,-1,-1
121,9,541.00,236.00,257.00,159.00,0.32,-1,-1,-1
121,7,423.00,183.00,377.00,213.00,0.30,-1,-1,-1
122,1,330.00,287.00,430.00,217.00,0.93,-1,-1,-1
122,2,647.00,222.00,219.00,127.00,0.86,-1,-1,-1
122,5,425.00,187.00,371.00,208.00,0.72,-1,-1,-1
122,8,661.00,227.00,201.00,83.00,0.31,-1,-1,-1
122,9,543.00,236.00,258.00,159.00,0.13,-1,-1,-1
122,7,426.00,184.00,373.00,211.00,0.46,-1,-1,-1
123,1,330.00,287.00,430.00,217.00,0.93,-1,-1,-1
123,2,647.00,222.00,220.00,127.00,0.86,-1,-1,-1
123,5,418.00,180.00,381.00,215.00,0.69,-1,-1,-1
123,8,660.00,227.00,203.00,83.00,0.32,-1,-1,-1
123,9,544.00,236.00,256.00,158.00,0.18,-1,-1,-1
123,7,421.00,181.00,379.00,214.00,0.44,-1,-1,-1
124,1,330.00,287.00,430.00,217.00,0.93,-1,-1,-1
124,2,647.00,222.00,220.00,127.00,0.86,-1,-1,-1
124,5,422.00,182.00,378.00,213.00,0.38,-1,-1,-1
124,8,660.00,227.00,203.00,83.00,0.32,-1,-1,-1
124,9,544.00,237.00,255.00,157.00,0.15,-1,-1,-1
124,7,424.00,183.00,373.00,211.00,0.74,-1,-1,-1
125,1,330.00,287.00,431.00,217.00,0.93,-1,-1,-1
125,2,647.00,222.00,220.00,127.00,0.86,-1,-1,-1
125,5,425.00,185.00,374.00,210.00,0.36,-1,-1,-1
125,8,661.00,227.00,201.00,83.00,0.32,-1,-1,-1
125,9,544.00,236.00,258.00,158.00,0.18,-1,-1,-1
125,7,429.00,188.00,364.00,206.00,0.74,-1,-1,-1
126,1,330.00,287.00,431.00,217.00,0.93,-1,-1,-1
126,2,648.00,222.00,219.00,127.00,0.86,-1,-1,-1
126,5,429.00,186.00,371.00,208.00,0.19,-1,-1,-1
126,8,661.00,227.00,202.00,83.00,0.32,-1,-1,-1
126,7,431.00,191.00,361.00,204.00,0.77,-1,-1,-1
127,1,329.00,287.00,432.00,217.00,0.93,-1,-1,-1
127,2,647.00,222.00,220.00,127.00,0.86,-1,-1,-1
127,5,428.00,187.00,371.00,208.00,0.39,-1,-1,-1
127,8,661.00,227.00,202.00,83.00,0.32,-1,-1,-1
127,7,431.00,192.00,361.00,203.00,0.77,-1,-1,-1
128,1,329.00,287.00,432.00,217.00,0.93,-1,-1,-1
128,2,647.00,222.00,220.00,127.00,0.86,-1,-1,-1
128,5,427.00,186.00,372.00,208.00,0.42,-1,-1,-1
128,8,661.00,227.00,201.00,83.00,0.31,-1,-1,-1
128,7,431.00,192.00,361.00,202.00,0.75,-1,-1,-1
129,1,329.00,287.00,432.00,217.00,0.93,-1,-1,-1
129,2,647.00,222.00,220.00,127.00,0.86,-1,-1,-1
129,5,426.00,186.00,373.00,208.00,0.49,-1,-1,-1
129,8,661.00,227.00,202.00,83.00,0.32,-1,-1,-1
129,7,429.00,191.00,363.00,203.00,0.70,-1,-1,-1
130,1,329.00,287.00,433.00,217.00,0.93,-1,-1,-1
130,2,647.00,222.00,220.00,127.00,0.86,-1,-1,-1
130,5,426.00,186.00,373.00,208.00,0.37,-1,-1,-1
130,8,661.00,227.00,202.00,83.00,0.30,-1,-1,-1
130,7,429.00,191.00,364.00,203.00,0.73,-1,-1,-1
131,1,329.00,287.00,432.00,217.00,0.93,-1,-1,-1
131,2,647.00,222.00,220.00,127.00,0.86,-1,-1,-1
131,5,426.00,185.00,374.00,209.00,0.42,-1,-1,-1
131,8,661.00,227.00,202.00,83.00,0.31,-1,-1,-1
131,7,428.00,189.00,366.00,205.00,0.67,-1,-1,-1
132,1,329.00,287.00,432.00,217.00,0.93,-1,-1,-1
132,2,648.00,222.00,219.00,127.00,0.86,-1,-1,-1
132,5,426.00,185.00,374.00,209.00,0.45,-1,-1,-1
132,8,661.00,227.00,202.00,83.00,0.31,-1,-1,-1
132,7,427.00,189.00,368.00,205.00,0.68,-1,-1,-1
133,1,329.00,287.00,432.00,217.00,0.93,-1,-1,-1
133,2,647.00,222.00,220.00,127.00,0.85,-1,-1,-1
133,5,423.00,182.00,379.00,212.00,0.47,-1,-1,-1
133,8,661.00,227.00,202.00,83.00,0.31,-1,-1,-1
133,7,422.00,182.00,377.00,212.00,0.63,-1,-1,-1
134,1,329.00,287.00,432.00,217.00,0.93,-1,-1,-1
134,2,647.00,222.00,220.00,127.00,0.85,-1,-1,-1
134,5,424.00,183.00,378.00,211.00,0.49,-1,-1,-1
134,8,661.00,227.00,202.00,83.00,0.31,-1,-1,-1
134,7,423.00,183.00,376.00,211.00,0.71,-1,-1,-1
135,1,329.00,287.00,432.00,217.00,0.93,-1,-1,-1
135,2,647.00,222.00,220.00,127.00,0.85,-1,-1,-1
135,5,425.00,183.00,376.00,211.00,0.54,-1,-1,-1
135,8,660.00,227.00,203.00,83.00,0.30,-1,-1,-1
135,7,426.00,186.00,371.00,208.00,0.72,-1,-1,-1
136,1,329.00,287.00,433.00,218.00,0.93,-1,-1,-1
136,2,647.00,222.00,220.00,127.00,0.85,-1,-1,-1
136,5,426.00,184.00,375.00,210.00,0.52,-1,-1,-1
136,8,660.00,226.00,203.00,85.00,0.30,-1,-1,-1
136,7,427.00,188.00,369.00,206.00,0.72,-1,-1,-1
137,1,329.00,287.00,433.00,218.00,0.93,-1,-1,-1
137,2,646.00,221.00,221.00,128.00,0.85,-1,-1,-1
137,5,426.00,185.00,374.00,209.00,0.47,-1,-1,-1
137,8,660.00,226.00,203.00,85.00,0.30,-1,-1,-1
137,7,428.00,189.00,367.00,205.00,0.71,-1,-1,-1
138,1,329.00,287.00,433.00,218.00,0.93,-1,-1,-1
138,2,646.00,222.00,221.00,128.00,0.85,-1,-1,-1
138,5,426.00,185.00,374.00,209.00,0.51,-1,-1,-1
138,8,660.00,227.00,203.00,84.00,0.29,-1,-1,-1
138,7,429.00,190.00,365.00,204.00,0.72,-1,-1,-1
139,1,329.00,287.00,433.00,218.00,0.93,-1,-1,-1
139,2,646.00,222.00,221.00,127.00,0.85,-1,-1,-1
139,5,426.00,184.00,375.00,210.00,0.48,-1,-1,-1
139,8,660.00,227.00,203.00,84.00,0.30,-1,-1,-1
139,7,427.00,188.00,369.00,206.00,0.68,-1,-1,-1
140,1,329.00,287.00,433.00,218.00,0.93,-1,-1,-1
140,2,648.00,222.00,219.00,127.00,0.85,-1,-1,-1
140,5,426.00,185.00,374.00,209.00,0.43,-1,-1,-1
140,8,661.00,227.00,201.00,83.00,0.31,-1,-1,-1
140,7,428.00,189.00,367.00,205.00,0.66,-1,-1,-1
141,1,329.00,287.00,433.00,218.00,0.93,-1,-1,-1
141,2,648.00,222.00,219.00,127.00,0.85,-1,-1,-1
141,5,426.00,185.00,374.00,209.00,0.47,-1,-1,-1
141,8,661.00,227.00,202.00,83.00,0.31,-1,-1,-1
141,7,428.00,189.00,367.00,205.00,0.66,-1,-1,-1
142,1,329.00,287.00,433.00,218.00,0.93,-1,-1,-1
142,2,647.00,222.00,220.00,127.00,0.85,-1,-1,-1
142,5,427.00,185.00,374.00,209.00,0.43,-1,-1,-1
142,8,660.00,227.00,203.00,84.00,0.30,-1,-1,-1
142,7,428.00,189.00,367.00,205.00,0.67,-1,-1,-1
143,1,329.00,287.00,433.00,218.00,0.93,-1,-1,-1
143,2,647.00,222.00,220.00,127.00,0.85,-1,-1,-1
143,5,426.00,184.00,375.00,210.00,0.47,-1,-1,-1
143,8,660.00,227.00,203.00,84.00,0.29,-1,-1,-1
143,7,428.00,188.00,368.00,206.00,0.65,-1,-1,-1
144,1,329.00,287.00,433.00,218.00,0.93,-1,-1,-1
144,2,647.00,222.00,220.00,127.00,0.85,-1,-1,-1
144,5,426.00,184.00,376.00,210.00,0.49,-1,-1,-1
144,8,660.00,227.00,203.00,84.00,0.29,-1,-1,-1
144,7,426.00,187.00,371.00,207.00,0.66,-1,-1,-1
145,1,329.00,287.00,433.00,218.00,0.93,-1,-1,-1
145,2,646.00,221.00,221.00,128.00,0.85,-1,-1,-1
145,5,426.00,184.00,375.00,210.00,0.52,-1,-1,-1
145,8,660.00,227.00,203.00,84.00,0.29,-1,-1,-1
145,7,427.00,188.00,369.00,206.00,0.65,-1,-1,-1
146,1,329.00,287.00,433.00,218.00,0.93,-1,-1,-1
146,2,646.00,221.00,221.00,128.00,0.85,-1,-1,-1
146,5,426.00,185.00,375.00,209.00,0.50,-1,-1,-1
146,8,660.00,227.00,203.00,84.00,0.29,-1,-1,-1
146,7,428.00,189.00,368.00,205.00,0.65,-1,-1,-1
147,1,329.00,287.00,433.00,218.00,0.93,-1,-1,-1
147,2,646.00,221.00,221.00,128.00,0.85,-1,-1,-1
147,5,426.00,185.00,375.00,209.00,0.51,-1,-1,-1
147,8,660.00,227.00,203.00,84.00,0.29,-1,-1,-1
147,7,428.00,189.00,368.00,205.00,0.66,-1,-1,-1
148,1,329.00,287.00,433.00,218.00,0.93,-1,-1,-1
148,2,646.00,222.00,220.00,127.00,0.84,-1,-1,-1
148,5,426.00,185.00,375.00,209.00,0.48,-1,-1,-1
148,8,660.00,227.00,203.00,84.00,0.29,-1,-1,-1
148,7,428.00,189.00,368.00,205.00,0.64,-1,-1,-1
149,1,329.00,287.00,433.00,218.00,0.93,-1,-1,-1
149,2,646.00,222.00,220.00,127.00,0.84,-1,-1,-1
149,5,426.00,185.00,375.00,209.00,0.49,-1,-1,-1
149,8,660.00,227.00,203.00,84.00,0.29,-1,-1,-1
149,7,428.00,189.00,368.00,205.00,0.64,-1,-1,-1
150,1,329.00,287.00,433.00,218.00,0.93,-1,-1,-1
150,2,647.00,222.00,219.00,127.00,0.84,-1,-1,-1
150,5,426.00,185.00,375.00,210.00,0.49,-1,-1,-1
150,8,661.00,227.00,202.00,84.00,0.31,-1,-1,-1
150,7,428.00,189.00,367.00,205.00,0.64,-1,-1,-1
151,1,329.00,287.00,433.00,218.00,0.93,-1,-1,-1
151,2,647.00,222.00,219.00,127.00,0.85,-1,-1,-1
151,5,426.00,185.00,375.00,210.00,0.48,-1,-1,-1
151,8,661.00,227.00,201.00,84.00,0.31,-1,-1,-1
151,7,428.00,190.00,367.00,204.00,0.64,-1,-1,-1
152,1,327.00,286.00,435.00,219.00,0.93,-1,-1,-1
152,2,646.00,222.00,220.00,127.00,0.84,-1,-1,-1
152,5,425.00,186.00,375.00,210.00,0.44,-1,-1,-1
152,8,661.00,227.00,201.00,83.00,0.30,-1,-1,-1
152,7,427.00,191.00,367.00,205.00,0.64,-1,-1,-1
152,9,543.00,237.00,259.00,160.00,0.26,-1,-1,-1
153,1,327.00,286.00,435.00,219.00,0.93,-1,-1,-1
153,2,646.00,222.00,220.00,128.00,0.84,-1,-1,-1
153,5,425.00,187.00,375.00,209.00,0.46,-1,-1,-1
153,8,661.00,226.00,201.00,84.00,0.30,-1,-1,-1
153,7,427.00,192.00,367.00,204.00,0.65,-1,-1,-1
153,9,543.00,237.00,258.00,159.00,0.25,-1,-1,-1
154,1,327.00,286.00,435.00,219.00,0.93,-1,-1,-1
154,2,646.00,222.00,220.00,128.00,0.84,-1,-1,-1
154,5,425.00,187.00,374.00,209.00,0.46,-1,-1,-1
154,8,661.00,226.00,201.00,84.00,0.29,-1,-1,-1
154,7,427.00,192.00,367.00,205.00,0.65,-1,-1,-1
154,9,543.00,237.00,257.00,159.00,0.24,-1,-1,-1
155,1,327.00,286.00,435.00,219.00,0.93,-1,-1,-1
155,2,646.00,222.00,221.00,128.00,0.84,-1,-1,-1
155,5,425.00,187.00,374.00,209.00,0.47,-1,-1,-1
155,8,661.00,226.00,201.00,84.00,0.30,-1,-1,-1
155,7,427.00,192.00,367.00,205.00,0.66,-1,-1,-1
155,9,543.00,237.00,257.00,159.00,0.23,-1,-1,-1
156,1,327.00,286.00,435.00,219.00,0.93,-1,-1,-1
156,2,646.00,222.00,221.00,128.00,0.84,-1,-1,-1
156,5,425.00,187.00,374.00,209.00,0.48,-1,-1,-1
156,8,661.00,226.00,201.00,84.00,0.30,-1,-1,-1
156,7,427.00,192.00,367.00,205.00,0.66,-1,-1,-1
156,9,543.00,237.00,257.00,159.00,0.23,-1,-1,-1
157,1,327.00,286.00,435.00,219.00,0.93,-1,-1,-1
157,2,646.00,222.00,221.00,128.00,0.84,-1,-1,-1
157,5,425.00,187.00,374.00,209.00,0.44,-1,-1,-1
157,8,661.00,226.00,201.00,84.00,0.30,-1,-1,-1
157,7,427.00,192.00,367.00,205.00,0.65,-1,-1,-1
157,9,542.00,237.00,258.00,159.00,0.26,-1,-1,-1
158,1,327.00,286.00,435.00,219.00,0.93,-1,-1,-1
158,2,646.00,221.00,221.00,129.00,0.83,-1,-1,-1
158,5,425.00,187.00,374.00,209.00,0.44,-1,-1,-1
158,8,660.00,226.00,202.00,84.00,0.30,-1,-1,-1
158,7,427.00,192.00,367.00,205.00,0.65,-1,-1,-1
158,9,542.00,237.00,258.00,159.00,0.26,-1,-1,-1
159,1,327.00,286.00,434.00,219.00,0.93,-1,-1,-1
159,2,646.00,221.00,221.00,129.00,0.83,-1,-1,-1
159,5,425.00,187.00,374.00,209.00,0.43,-1,-1,-1
159,8,660.00,226.00,203.00,84.00,0.30,-1,-1,-1
159,7,427.00,192.00,367.00,205.00,0.65,-1,-1,-1
159,9,543.00,237.00,258.00,159.00,0.27,-1,-1,-1
160,1,328.00,286.00,433.00,219.00,0.93,-1,-1,-1
160,2,646.00,222.00,220.00,128.00,0.84,-1,-1,-1
160,5,425.00,187.00,374.00,209.00,0.42,-1,-1,-1
160,8,660.00,226.00,203.00,84.00,0.30,-1,-1,-1
160,7,427.00,192.00,367.00,204.00,0.65,-1,-1,-1
160,9,543.00,237.00,258.00,159.00,0.28,-1,-1,-1
161,1,327.00,286.00,435.00,220.00,0.93,-1,-1,-1
161,2,646.00,222.00,220.00,128.00,0.84,-1,-1,-1
161,5,425.00,187.00,374.00,209.00,0.42,-1,-1,-1
161,8,660.00,226.00,203.00,84.00,0.30,-1,-1,-1
161,7,427.00,192.00,367.00,204.00,0.65,-1,-1,-1
161,9,543.00,237.00,258.00,159.00,0.27,-1,-1,-1
162,1,327.00,286.00,435.00,220.00,0.93,-1,-1,-1
162,2,647.00,222.00,219.00,128.00,0.84,-1,-1,-1
162,5,425.00,187.00,374.00,209.00,0.42,-1,-1,-1
162,8,660.00,226.00,202.00,84.00,0.30,-1,-1,-1
162,7,427.00,192.00,367.00,204.00,0.65,-1,-1,-1
162,9,544.00,237.00,257.00,159.00,0.27,-1,-1,-1
163,1,328.00,286.00,433.00,220.00,0.93,-1,-1,-1
163,2,647.00,222.00,220.00,128.00,0.84,-1,-1,-1
163,5,425.00,187.00,374.00,209.00,0.44,-1,-1,-1
163,8,660.00,226.00,202.00,84.00,0.30,-1,-1,-1
163,7,427.00,192.00,367.00,204.00,0.66,-1,-1,-1
163,9,543.00,237.00,258.00,159.00,0.26,-1,-1,-1
164,1,328.00,286.00,433.00,220.00,0.93,-1,-1,-1
164,2,646.00,222.00,221.00,128.00,0.83,-1,-1,-1
164,5,425.00,187.00,374.00,209.00,0.46,-1,-1,-1
164,8,660.00,226.00,202.00,84.00,0.30,-1,-1,-1
164,7,427.00,192.00,367.00,204.00,0.65,-1,-1,-1
164,9,543.00,237.00,257.00,159.00,0.25,-1,-1,-1
165,1,328.00,286.00,433.00,220.00,0.93,-1,-1,-1
165,2,647.00,222.00,220.00,128.00,0.84,-1,-1,-1
165,5,425.00,187.00,374.00,209.00,0.44,-1,-1,-1
165,8,660.00,226.00,202.00,84.00,0.30,-1,-1,-1
165,7,427.00,192.00,367.00,204.00,0.66,-1,-1,-1
165,9,543.00,237.00,257.00,159.00,0.26,-1,-1,-1
166,1,328.00,286.00,433.00,220.00,0.93,-1,-1,-1
166,2,647.00,222.00,220.00,128.00,0.84,-1,-1,-1
166,5,425.00,187.00,374.00,209.00,0.42,-1,-1,-1
166,8,661.00,226.00,201.00,84.00,0.30,-1,-1,-1
166,7,427.00,192.00,367.00,204.00,0.65,-1,-1,-1
166,9,543.00,237.00,258.00,159.00,0.28,-1,-1,-1
167,1,328.00,286.00,433.00,220.00,0.93,-1,-1,-1
167,2,647.00,222.00,220.00,128.00,0.84,-1,-1,-1
167,5,426.00,187.00,373.00,209.00,0.42,-1,-1,-1
167,8,661.00,226.00,201.00,84.00,0.30,-1,-1,-1
167,7,427.00,192.00,367.00,204.00,0.65,-1,-1,-1
167,9,544.00,237.00,257.00,159.00,0.27,-1,-1,-1
168,1,328.00,286.00,433.00,220.00,0.93,-1,-1,-1
168,2,647.00,222.00,220.00,128.00,0.83,-1,-1,-1
168,5,425.00,187.00,374.00,209.00,0.44,-1,-1,-1
168,8,661.00,226.00,201.00,84.00,0.29,-1,-1,-1
168,7,427.00,192.00,367.00,204.00,0.65,-1,-1,-1
168,9,544.00,237.00,257.00,159.00,0.26,-1,-1,-1
169,1,328.00,286.00,433.00,220.00,0.93,-1,-1,-1
169,2,647.00,222.00,219.00,128.00,0.84,-1,-1,-1
169,5,425.00,187.00,374.00,209.00,0.43,-1,-1,-1
169,8,660.00,226.00,202.00,84.00,0.29,-1,-1,-1
169,7,427.00,192.00,367.00,204.00,0.65,-1,-1,-1
169,9,544.00,237.00,257.00,159.00,0.27,-1,-1,-1
170,1,328.00,286.00,433.00,220.00,0.93,-1,-1,-1
170,2,647.00,222.00,219.00,128.00,0.83,-1,-1,-1
170,5,425.00,187.00,374.00,209.00,0.44,-1,-1,-1
170,8,660.00,226.00,202.00,84.00,0.29,-1,-1,-1
170,7,427.00,192.00,367.00,204.00,0.65,-1,-1,-1
170,9,544.00,237.00,257.00,159.00,0.27,-1,-1,-1
171,1,328.00,286.00,433.00,220.00,0.93,-1,-1,-1
171,2,647.00,222.00,219.00,128.00,0.84,-1,-1,-1
171,5,425.00,187.00,374.00,209.00,0.43,-1,-1,-1
171,8,660.00,226.00,202.00,84.00,0.29,-1,-1,-1
171,7,427.00,192.00,367.00,204.00,0.65,-1,-1,-1
171,9,544.00,237.00,257.00,159.00,0.27,-1,-1,-1
172,1,328.00,286.00,433.00,220.00,0.93,-1,-1,-1
172,2,647.00,222.00,219.00,128.00,0.83,-1,-1,-1
172,5,425.00,187.00,374.00,209.00,0.45,-1,-1,-1
172,8,660.00,226.00,203.00,84.00,0.28,-1,-1,-1
172,7,427.00,192.00,367.00,204.00,0.66,-1,-1,-1
172,9,543.00,237.00,257.00,159.00,0.25,-1,-1,-1
173,1,328.00,286.00,433.00,220.00,0.93,-1,-1,-1
173,2,647.00,222.00,219.00,128.00,0.84,-1,-1,-1
173,5,425.00,187.00,374.00,209.00,0.44,-1,-1,-1
173,8,660.00,226.00,202.00,84.00,0.29,-1,-1,-1
173,7,427.00,192.00,367.00,204.00,0.65,-1,-1,-1
173,9,544.00,237.00,257.00,159.00,0.27,-1,-1,-1
174,1,328.00,286.00,433.00,220.00,0.93,-1,-1,-1
174,2,647.00,222.00,219.00,128.00,0.83,-1,-1,-1
174,5,426.00,187.00,373.00,209.00,0.44,-1,-1,-1
174,8,660.00,226.00,202.00,84.00,0.29,-1,-1,-1
174,7,427.00,192.00,367.00,204.00,0.65,-1,-1,-1
174,9,543.00,237.00,257.00,159.00,0.26,-1,-1,-1
175,1,328.00,286.00,433.00,220.00,0.93,-1,-1,-1
175,2,647.00,222.00,219.00,128.00,0.84,-1,-1,-1
175,5,426.00,187.00,373.00,209.00,0.48,-1,-1,-1
175,8,660.00,226.00,202.00,84.00,0.30,-1,-1,-1
175,7,427.00,192.00,367.00,205.00,0.70,-1,-1,-1
175,9,543.00,237.00,257.00,159.00,0.21,-1,-1,-1
176,1,328.00,286.00,433.00,220.00,0.93,-1,-1,-1
176,2,646.00,221.00,220.00,129.00,0.83,-1,-1,-1
176,5,426.00,187.00,373.00,209.00,0.53,-1,-1,-1
176,8,660.00,226.00,203.00,84.00,0.29,-1,-1,-1
176,7,426.00,192.00,369.00,206.00,0.75,-1,-1,-1
177,1,328.00,286.00,433.00,220.00,0.93,-1,-1,-1
177,2,645.00,221.00,222.00,129.00,0.83,-1,-1,-1
177,5,426.00,187.00,373.00,209.00,0.49,-1,-1,-1
177,8,660.00,226.00,202.00,84.00,0.29,-1,-1,-1
177,7,426.00,192.00,369.00,206.00,0.70,-1,-1,-1
178,1,328.00,286.00,433.00,220.00,0.93,-1,-1,-1
178,2,646.00,221.00,221.00,129.00,0.83,-1,-1,-1
178,5,426.00,187.00,373.00,209.00,0.45,-1,-1,-1
178,8,660.00,226.00,202.00,84.00,0.29,-1,-1,-1
178,7,426.00,192.00,369.00,206.00,0.74,-1,-1,-1
179,1,328.00,285.00,433.00,221.00,0.93,-1,-1,-1
179,2,647.00,222.00,220.00,128.00,0.83,-1,-1,-1
179,5,425.00,185.00,375.00,211.00,0.36,-1,-1,-1
179,8,660.00,226.00,202.00,84.00,0.29,-1,-1,-1
179,7,425.00,190.00,371.00,207.00,0.68,-1,-1,-1
179,9,544.00,237.00,257.00,160.00,0.27,-1,-1,-1
180,1,328.00,285.00,433.00,221.00,0.93,-1,-1,-1
180,2,647.00,222.00,219.00,128.00,0.83,-1,-1,-1
180,5,424.00,185.00,376.00,211.00,0.35,-1,-1,-1
180,8,660.00,227.00,202.00,83.00,0.28,-1,-1,-1
180,7,424.00,188.00,373.00,209.00,0.63,-1,-1,-1
180,9,543.00,237.00,258.00,160.00,0.32,-1,-1,-1
181,1,328.00,285.00,433.00,221.00,0.93,-1,-1,-1
181,2,647.00,222.00,220.00,128.00,0.83,-1,-1,-1
181,5,424.00,183.00,378.00,213.00,0.32,-1,-1,-1
181,8,660.00,227.00,202.00,83.00,0.29,-1,-1,-1
181,7,421.00,184.00,379.00,212.00,0.58,-1,-1,-1
181,9,543.00,236.00,259.00,161.00,0.39,-1,-1,-1
182,1,329.00,285.00,431.00,220.00,0.93,-1,-1,-1
182,2,647.00,222.00,219.00,128.00,0.83,-1,-1,-1
182,5,422.00,184.00,377.00,212.00,0.22,-1,-1,-1
182,8,660.00,227.00,202.00,83.00,0.30,-1,-1,-1
182,7,418.00,184.00,378.00,212.00,0.54,-1,-1,-1
182,9,542.00,236.00,259.00,161.00,0.54,-1,-1,-1
183,1,329.00,285.00,431.00,219.00,0.93,-1,-1,-1
183,2,647.00,223.00,219.00,127.00,0.84,-1,-1,-1
183,5,422.00,186.00,372.00,209.00,0.53,-1,-1,-1
183,8,660.00,227.00,202.00,83.00,0.30,-1,-1,-1
183,7,423.00,184.00,376.00,211.00,0.20,-1,-1,-1
183,9,542.00,236.00,259.00,161.00,0.58,-1,-1,-1
184,1,329.00,285.00,431.00,219.00,0.93,-1,-1,-1
184,2,647.00,223.00,219.00,127.00,0.84,-1,-1,-1
184,5,424.00,188.00,369.00,207.00,0.56,-1,-1,-1
184,8,660.00,227.00,202.00,83.00,0.30,-1,-1,-1
184,7,424.00,186.00,375.00,210.00,0.26,-1,-1,-1
184,9,542.00,236.00,259.00,161.00,0.51,-1,-1,-1
185,1,329.00,285.00,431.00,219.00,0.93,-1,-1,-1
185,2,647.00,223.00,219.00,127.00,0.83,-1,-1,-1
185,5,426.00,190.00,365.00,206.00,0.59,-1,-1,-1
185,8,661.00,227.00,201.00,83.00,0.29,-1,-1,-1
185,7,425.00,186.00,373.00,210.00,0.28,-1,-1,-1
185,9,542.00,237.00,258.00,160.00,0.47,-1,-1,-1
186,1,329.00,285.00,431.00,219.00,0.93,-1,-1,-1
186,2,647.00,222.00,219.00,128.00,0.84,-1,-1,-1
186,5,427.00,191.00,364.00,205.00,0.59,-1,-1,-1
186,8,661.00,227.00,201.00,83.00,0.29,-1,-1,-1
186,7,425.00,187.00,373.00,209.00,0.29,-1,-1,-1
186,9,543.00,237.00,257.00,160.00,0.46,-1,-1,-1
187,1,329.00,285.00,431.00,219.00,0.93,-1,-1,-1
187,2,647.00,222.00,219.00,128.00,0.84,-1,-1,-1
187,5,426.00,191.00,365.00,205.00,0.55,-1,-1,-1
187,8,661.00,227.00,201.00,83.00,0.29,-1,-1,-1
187,7,424.00,187.00,374.00,209.00,0.25,-1,-1,-1
187,9,542.00,236.00,258.00,161.00,0.52,-1,-1,-1
188,1,329.00,285.00,431.00,219.00,0.93,-1,-1,-1
188,2,648.00,223.00,218.00,127.00,0.84,-1,-1,-1
188,5,425.00,190.00,366.00,205.00,0.49,-1,-1,-1
188,8,661.00,227.00,201.00,83.00,0.30,-1,-1,-1
188,7,424.00,186.00,373.00,211.00,0.23,-1,-1,-1
188,9,542.00,237.00,258.00,160.00,0.60,-1,-1,-1
189,1,330.00,285.00,430.00,219.00,0.93,-1,-1,-1
189,2,649.00,223.00,217.00,127.00,0.84,-1,-1,-1
189,5,423.00,189.00,368.00,207.00,0.44,-1,-1,-1
189,8,661.00,227.00,201.00,83.00,0.29,-1,-1,-1
189,7,423.00,186.00,374.00,211.00,0.18,-1,-1,-1
189,9,542.00,236.00,258.00,161.00,0.65,-1,-1,-1
190,1,331.00,286.00,430.00,218.00,0.93,-1,-1,-1
190,2,648.00,223.00,218.00,127.00,0.84,-1,-1,-1
190,5,424.00,189.00,368.00,207.00,0.51,-1,-1,-1
190,8,661.00,227.00,201.00,83.00,0.30,-1,-1,-1
190,7,424.00,186.00,374.00,210.00,0.22,-1,-1,-1
190,9,542.00,237.00,259.00,160.00,0.59,-1,-1,-1
191,1,331.00,286.00,430.00,218.00,0.94,-1,-1,-1
191,2,648.00,223.00,218.00,127.00,0.83,-1,-1,-1
191,5,423.00,187.00,370.00,209.00,0.46,-1,-1,-1
191,8,660.00,227.00,202.00,83.00,0.29,-1,-1,-1
191,7,425.00,185.00,373.00,211.00,0.21,-1,-1,-1
191,9,542.00,237.00,259.00,160.00,0.62,-1,-1,-1
192,1,331.00,286.00,430.00,218.00,0.93,-1,-1,-1
192,2,648.00,222.00,218.00,128.00,0.83,-1,-1,-1
192,5,424.00,187.00,369.00,209.00,0.51,-1,-1,-1
192,8,660.00,227.00,202.00,83.00,0.30,-1,-1,-1
192,7,425.00,185.00,373.00,211.00,0.24,-1,-1,-1
192,9,542.00,237.00,259.00,160.00,0.57,-1,-1,-1
193,1,330.00,285.00,430.00,219.00,0.93,-1,-1,-1
193,2,647.00,222.00,219.00,128.00,0.83,-1,-1,-1
193,5,424.00,188.00,369.00,208.00,0.56,-1,-1,-1
193,8,660.00,227.00,202.00,83.00,0.30,-1,-1,-1
193,7,424.00,185.00,374.00,211.00,0.29,-1,-1,-1
193,9,543.00,237.00,257.00,160.00,0.48,-1,-1,-1
194,1,329.00,285.00,431.00,219.00,0.93,-1,-1,-1
194,2,647.00,222.00,219.00,128.00,0.83,-1,-1,-1
194,5,426.00,190.00,366.00,206.00,0.60,-1,-1,-1
194,8,660.00,226.00,202.00,84.00,0.29,-1,-1,-1
194,7,425.00,186.00,372.00,210.00,0.31,-1,-1,-1
194,9,543.00,237.00,257.00,160.00,0.43,-1,-1,-1
195,1,329.00,285.00,431.00,219.00,0.93,-1,-1,-1
195,2,647.00,222.00,219.00,128.00,0.83,-1,-1,-1
195,5,425.00,189.00,368.00,207.00,0.61,-1,-1,-1
195,8,660.00,226.00,202.00,84.00,0.30,-1,-1,-1
195,7,425.00,186.00,373.00,210.00,0.30,-1,-1,-1
195,9,544.00,237.00,256.00,160.00,0.44,-1,-1,-1
196,1,329.00,285.00,431.00,219.00,0.93,-1,-1,-1
196,2,647.00,223.00,219.00,127.00,0.83,-1,-1,-1
196,5,425.00,189.00,368.00,207.00,0.59,-1,-1,-1
196,8,660.00,227.00,202.00,83.00,0.30,-1,-1,-1
196,7,425.00,186.00,373.00,210.00,0.33,-1,-1,-1
196,9,544.00,237.00,256.00,160.00,0.43,-1,-1,-1
197,1,329.00,285.00,431.00,219.00,0.93,-1,-1,-1
197,2,647.00,223.00,219.00,127.00,0.83,-1,-1,-1
197,5,426.00,190.00,367.00,206.00,0.60,-1,-1,-1
197,8,660.00,227.00,202.00,83.00,0.28,-1,-1,-1
197,7,425.00,186.00,373.00,210.00,0.38,-1,-1,-1
197,9,545.00,239.00,254.00,158.00,0.39,-1,-1,-1
198,1,329.00,285.00,431.00,219.00,0.93,-1,-1,-1
198,2,647.00,223.00,219.00,127.00,0.83,-1,-1,-1
198,5,426.00,190.00,367.00,206.00,0.60,-1,-1,-1
198,8,660.00,227.00,202.00,83.00,0.30,-1,-1,-1
198,7,425.00,186.00,373.00,210.00,0.35,-1,-1,-1
198,9,545.00,239.00,254.00,158.00,0.40,-1,-1,-1
199,1,329.00,285.00,431.00,219.00,0.93,-1,-1,-1
199,2,647.00,223.00,219.00,127.00,0.82,-1,-1,-1
199,5,426.00,190.00,367.00,207.00,0.59,-1,-1,-1
199,8,660.00,227.00,202.00,83.00,0.29,-1,-1,-1
199,7,426.00,186.00,372.00,210.00,0.38,-1,-1,-1
199,9,544.00,238.00,256.00,159.00,0.38,-1,-1,-1
200,1,329.00,285.00,431.00,219.00,0.93,-1,-1,-1
200,2,647.00,223.00,219.00,127.00,0.82,-1,-1,-1
200,5,427.00,191.00,365.00,205.00,0.56,-1,-1,-1
200,8,660.00,227.00,202.00,84.00,0.29,-1,-1,-1
200,7,426.00,186.00,372.00,210.00,0.34,-1,-1,-1
200,9,544.00,238.00,256.00,159.00,0.43,-1,-1,-1
201,1,329.00,285.00,431.00,219.00,0.93,-1,-1,-1
201,2,647.00,223.00,219.00,127.00,0.83,-1,-1,-1
201,5,427.00,191.00,365.00,206.00,0.57,-1,-1,-1
201,8,660.00,227.00,202.00,83.00,0.29,-1,-1,-1
201,7,426.00,186.00,371.00,210.00,0.38,-1,-1,-1
201,9,544.00,237.00,256.00,160.00,0.40,-1,-1,-1
202,1,329.00,286.00,431.00,218.00,0.93,-1,-1,-1
202,2,647.00,223.00,219.00,127.00,0.83,-1,-1,-1
202,5,427.00,191.00,366.00,206.00,0.65,-1,-1,-1
202,8,660.00,227.00,202.00,83.00,0.29,-1,-1,-1
202,7,426.00,187.00,372.00,210.00,0.45,-1,-1,-1
202,9,544.00,238.00,255.00,159.00,0.27,-1,-1,-1
203,1,329.00,286.00,431.00,218.00,0.93,-1,-1,-1
203,2,645.00,222.00,221.00,128.00,0.83,-1,-1,-1
203,5,425.00,189.00,370.00,209.00,0.63,-1,-1,-1
203,8,660.00,227.00,202.00,83.00,0.30,-1,-1,-1
203,7,425.00,186.00,373.00,211.00,0.55,-1,-1,-1
203,9,544.00,239.00,254.00,158.00,0.18,-1,-1,-1
204,1,329.00,286.00,431.00,218.00,0.93,-1,-1,-1
204,2,646.00,222.00,220.00,128.00,0.83,-1,-1,-1
204,5,425.00,189.00,370.00,208.00,0.58,-1,-1,-1
204,8,660.00,227.00,202.00,83.00,0.31,-1,-1,-1
204,7,425.00,185.00,374.00,212.00,0.47,-1,-1,-1
204,9,544.00,238.00,255.00,159.00,0.29,-1,-1,-1
205,1,329.00,286.00,431.00,218.00,0.93,-1,-1,-1
205,2,646.00,222.00,221.00,128.00,0.83,-1,-1,-1
205,5,425.00,188.00,370.00,209.00,0.58,-1,-1,-1
205,8,660.00,227.00,202.00,83.00,0.29,-1,-1,-1
205,7,425.00,185.00,374.00,212.00,0.42,-1,-1,-1
205,9,544.00,238.00,256.00,159.00,0.34,-1,-1,-1
206,1,329.00,286.00,431.00,218.00,0.93,-1,-1,-1
206,2,647.00,222.00,220.00,128.00,0.83,-1,-1,-1
206,5,427.00,190.00,366.00,207.00,0.58,-1,-1,-1
206,8,660.00,227.00,202.00,83.00,0.29,-1,-1,-1
206,7,426.00,186.00,372.00,210.00,0.39,-1,-1,-1
206,9,544.00,237.00,256.00,160.00,0.39,-1,-1,-1
207,1,329.00,286.00,431.00,218.00,0.93,-1,-1,-1
207,2,647.00,222.00,220.00,128.00,0.83,-1,-1,-1
207,5,427.00,189.00,366.00,207.00,0.58,-1,-1,-1
207,8,660.00,227.00,202.00,83.00,0.29,-1,-1,-1
207,7,426.00,186.00,372.00,210.00,0.38,-1,-1,-1
207,9,544.00,237.00,256.00,160.00,0.39,-1,-1,-1
208,1,329.00,286.00,431.00,218.00,0.93,-1,-1,-1
208,2,647.00,222.00,219.00,128.00,0.83,-1,-1,-1
208,5,427.00,189.00,366.00,207.00,0.57,-1,-1,-1
208,8,660.00,227.00,202.00,83.00,0.29,-1,-1,-1
208,7,426.00,185.00,372.00,211.00,0.37,-1,-1,-1
208,9,544.00,237.00,256.00,159.00,0.41,-1,-1,-1
209,1,329.00,286.00,431.00,219.00,0.93,-1,-1,-1
209,2,647.00,222.00,219.00,128.00,0.83,-1,-1,-1
209,5,427.00,189.00,366.00,207.00,0.56,-1,-1,-1
209,8,660.00,227.00,202.00,83.00,0.29,-1,-1,-1
209,7,426.00,186.00,372.00,210.00,0.36,-1,-1,-1
209,9,544.00,237.00,256.00,159.00,0.42,-1,-1,-1
210,1,329.00,285.00,431.00,220.00,0.93,-1,-1,-1
210,2,647.00,222.00,219.00,128.00,0.83,-1,-1,-1
210,5,427.00,189.00,366.00,207.00,0.56,-1,-1,-1
210,8,660.00,227.00,202.00,83.00,0.29,-1,-1,-1
210,7,426.00,186.00,372.00,210.00,0.35,-1,-1,-1
210,9,544.00,237.00,256.00,159.00,0.43,-1,-1,-1
211,1,329.00,285.00,431.00,220.00,0.93,-1,-1,-1
211,2,646.00,222.00,220.00,128.00,0.83,-1,-1,-1
211,5,427.00,189.00,366.00,207.00,0.57,-1,-1,-1
211,8,660.00,227.00,202.00,84.00,0.29,-1,-1,-1
211,7,426.00,186.00,372.00,210.00,0.36,-1,-1,-1
211,9,544.00,237.00,256.00,159.00,0.42,-1,-1,-1
212,1,328.00,285.00,433.00,220.00,0.93,-1,-1,-1
212,2,648.00,222.00,219.00,128.00,0.84,-1,-1,-1
212,5,428.00,191.00,364.00,205.00,0.62,-1,-1,-1
212,8,660.00,227.00,202.00,84.00,0.33,-1,-1,-1
212,7,427.00,186.00,371.00,210.00,0.39,-1,-1,-1
212,9,544.00,237.00,256.00,159.00,0.35,-1,-1,-1
213,1,328.00,285.00,434.00,221.00,0.93,-1,-1,-1
213,2,649.00,222.00,219.00,128.00,0.84,-1,-1,-1
213,5,428.00,191.00,364.00,205.00,0.62,-1,-1,-1
213,8,661.00,227.00,201.00,84.00,0.33,-1,-1,-1
213,7,427.00,187.00,371.00,209.00,0.36,-1,-1,-1
213,9,544.00,237.00,256.00,159.00,0.37,-1,-1,-1
214,1,328.00,285.00,433.00,221.00,0.93,-1,-1,-1
214,2,649.00,222.00,219.00,127.00,0.84,-1,-1,-1
214,5,428.00,191.00,364.00,205.00,0.61,-1,-1,-1
214,8,661.00,227.00,201.00,84.00,0.33,-1,-1,-1
214,7,426.00,187.00,372.00,209.00,0.37,-1,-1,-1
214,9,544.00,237.00,257.00,159.00,0.38,-1,-1,-1
215,1,328.00,285.00,433.00,221.00,0.94,-1,-1,-1
215,2,649.00,222.00,218.00,127.00,0.84,-1,-1,-1
215,5,429.00,192.00,363.00,203.00,0.63,-1,-1,-1
215,8,661.00,227.00,200.00,84.00,0.33,-1,-1,-1
215,7,428.00,187.00,370.00,209.00,0.38,-1,-1,-1
215,9,544.00,237.00,257.00,159.00,0.36,-1,-1,-1
216,1,328.00,285.00,433.00,221.00,0.94,-1,-1,-1
216,2,649.00,222.00,217.00,128.00,0.84,-1,-1,-1
216,5,429.00,192.00,363.00,203.00,0.64,-1,-1,-1
216,8,662.00,228.00,199.00,83.00,0.33,-1,-1,-1
216,7,428.00,187.00,370.00,208.00,0.39,-1,-1,-1
216,9,544.00,237.00,256.00,159.00,0.35,-1,-1,-1
217,1,328.00,285.00,433.00,221.00,0.93,-1,-1,-1
217,2,648.00,222.00,218.00,128.00,0.83,-1,-1,-1
217,5,429.00,192.00,364.00,203.00,0.67,-1,-1,-1
217,8,661.00,227.00,200.00,84.00,0.32,-1,-1,-1
217,7,428.00,186.00,370.00,209.00,0.43,-1,-1,-1
217,9,544.00,237.00,256.00,159.00,0.29,-1,-1,-1
218,1,328.00,285.00,433.00,221.00,0.93,-1,-1,-1
218,2,648.00,222.00,218.00,128.00,0.84,-1,-1,-1
218,5,428.00,192.00,365.00,203.00,0.64,-1,-1,-1
218,8,661.00,227.00,200.00,84.00,0.33,-1,-1,-1
218,7,427.00,186.00,371.00,209.00,0.39,-1,-1,-1
218,9,544.00,237.00,256.00,159.00,0.35,-1,-1,-1
219,1,328.00,285.00,433.00,221.00,0.93,-1,-1,-1
219,2,648.00,222.00,218.00,128.00,0.84,-1,-1,-1
219,5,428.00,191.00,365.00,204.00,0.64,-1,-1,-1
219,8,661.00,227.00,200.00,84.00,0.32,-1,-1,-1
219,7,426.00,187.00,372.00,209.00,0.35,-1,-1,-1
219,9,544.00,237.00,257.00,159.00,0.38,-1,-1,-1
220,1,328.00,285.00,433.00,221.00,0.93,-1,-1,-1
220,2,649.00,222.00,217.00,128.00,0.84,-1,-1,-1
220,5,427.00,191.00,366.00,204.00,0.60,-1,-1,-1
220,8,661.00,227.00,200.00,84.00,0.33,-1,-1,-1
220,7,426.00,186.00,372.00,210.00,0.30,-1,-1,-1
220,9,543.00,237.00,258.00,159.00,0.44,-1,-1,-1
221,1,328.00,285.00,433.00,221.00,0.93,-1,-1,-1
221,2,648.00,222.00,218.00,128.00,0.84,-1,-1,-1
221,5,424.00,189.00,370.00,206.00,0.55,-1,-1,-1
221,8,661.00,227.00,201.00,84.00,0.33,-1,-1,-1
221,7,425.00,185.00,374.00,211.00,0.28,-1,-1,-1
221,9,543.00,236.00,258.00,160.00,0.49,-1,-1,-1
222,1,328.00,285.00,433.00,221.00,0.93,-1,-1,-1
222,2,648.00,222.00,218.00,128.00,0.84,-1,-1,-1
222,5,424.00,188.00,370.00,207.00,0.56,-1,-1,-1
222,8,661.00,227.00,201.00,84.00,0.32,-1,-1,-1
222,7,425.00,185.00,374.00,211.00,0.29,-1,-1,-1
222,9,543.00,236.00,258.00,160.00,0.47,-1,-1,-1
223,1,328.00,285.00,433.00,221.00,0.93,-1,-1,-1
223,2,648.00,222.00,218.00,128.00,0.84,-1,-1,-1
223,5,425.00,188.00,370.00,207.00,0.63,-1,-1,-1
223,8,661.00,227.00,201.00,84.00,0.32,-1,-1,-1
223,7,425.00,185.00,374.00,211.00,0.31,-1,-1,-1
223,9,543.00,236.00,258.00,160.00,0.39,-1,-1,-1
224,1,328.00,285.00,433.00,221.00,0.93,-1,-1,-1
224,2,648.00,222.00,218.00,128.00,0.84,-1,-1,-1
224,5,426.00,190.00,368.00,206.00,0.66,-1,-1,-1
224,8,661.00,227.00,201.00,84.00,0.32,-1,-1,-1
224,7,426.00,186.00,373.00,210.00,0.29,-1,-1,-1
224,9,544.00,237.00,257.00,159.00,0.37,-1,-1,-1
225,1,328.00,285.00,433.00,221.00,0.93,-1,-1,-1
225,2,648.00,222.00,218.00,128.00,0.84,-1,-1,-1
225,5,427.00,191.00,366.00,204.00,0.67,-1,-1,-1
225,8,661.00,227.00,201.00,84.00,0.32,-1,-1,-1
225,7,426.00,187.00,372.00,209.00,0.30,-1,-1,-1
225,9,545.00,239.00,256.00,157.00,0.36,-1,-1,-1
226,1,328.00,285.00,433.00,221.00,0.93,-1,-1,-1
226,2,648.00,222.00,218.00,128.00,0.83,-1,-1,-1
226,5,428.00,192.00,365.00,203.00,0.66,-1,-1,-1
226,8,661.00,227.00,201.00,84.00,0.33,-1,-1,-1
226,7,427.00,187.00,371.00,209.00,0.33,-1,-1,-1
226,9,544.00,238.00,257.00,158.00,0.38,-1,-1,-1
227,1,328.00,285.00,433.00,221.00,0.93,-1,-1,-1
227,2,648.00,222.00,218.00,128.00,0.84,-1,-1,-1
227,5,428.00,192.00,365.00,203.00,0.68,-1,-1,-1
227,8,661.00,227.00,201.00,84.00,0.32,-1,-1,-1
227,7,427.00,187.00,371.00,209.00,0.38,-1,-1,-1
227,9,546.00,239.00,254.00,157.00,0.30,-1,-1,-1
228,1,328.00,285.00,433.00,221.00,0.93,-1,-1,-1
228,2,648.00,222.00,218.00,128.00,0.84,-1,-1,-1
228,5,428.00,191.00,366.00,204.00,0.64,-1,-1,-1
228,8,660.00,227.00,202.00,84.00,0.33,-1,-1,-1
228,7,427.00,187.00,372.00,209.00,0.38,-1,-1,-1
228,9,544.00,238.00,257.00,158.00,0.33,-1,-1,-1
229,1,328.00,285.00,433.00,221.00,0.93,-1,-1,-1
229,2,648.00,222.00,218.00,128.00,0.84,-1,-1,-1
229,5,428.00,192.00,366.00,203.00,0.66,-1,-1,-1
229,8,660.00,226.00,203.00,85.00,0.31,-1,-1,-1
229,7,428.00,187.00,370.00,209.00,0.41,-1,-1,-1
229,9,546.00,240.00,254.00,156.00,0.29,-1,-1,-1
230,1,329.00,285.00,431.00,221.00,0.93,-1,-1,-1
230,2,649.00,223.00,217.00,127.00,0.83,-1,-1,-1
230,5,428.00,192.00,365.00,203.00,0.61,-1,-1,-1
230,8,661.00,227.00,202.00,84.00,0.31,-1,-1,-1
230,7,428.00,187.00,370.00,208.00,0.36,-1,-1,-1
230,9,546.00,240.00,254.00,156.00,0.37,-1,-1,-1
231,1,329.00,285.00,431.00,221.00,0.93,-1,-1,-1
231,2,649.00,224.00,216.00,126.00,0.84,-1,-1,-1
231,5,428.00,192.00,365.00,203.00,0.58,-1,-1,-1
231,8,661.00,227.00,201.00,84.00,0.30,-1,-1,-1
231,7,428.00,187.00,370.00,208.00,0.32,-1,-1,-1
231,9,544.00,238.00,257.00,157.00,0.42,-1,-1,-1
232,1,328.00,285.00,433.00,221.00,0.93,-1,-1,-1
232,2,650.00,223.00,216.00,127.00,0.84,-1,-1,-1
232,5,427.00,192.00,366.00,203.00,0.58,-1,-1,-1
232,8,661.00,227.00,201.00,84.00,0.32,-1,-1,-1
232,7,427.00,187.00,371.00,208.00,0.32,-1,-1,-1
232,9,544.00,237.00,258.00,158.00,0.43,-1,-1,-1
233,1,328.00,285.00,432.00,221.00,0.93,-1,-1,-1
233,2,649.00,223.00,218.00,127.00,0.84,-1,-1,-1
233,5,428.00,193.00,364.00,202.00,0.62,-1,-1,-1
233,8,661.00,227.00,201.00,84.00,0.33,-1,-1,-1
233,7,428.00,188.00,369.00,207.00,0.32,-1,-1,-1
233,9,544.00,237.00,258.00,158.00,0.42,-1,-1,-1
234,1,328.00,285.00,433.00,221.00,0.93,-1,-1,-1
234,2,649.00,222.00,218.00,128.00,0.84,-1,-1,-1
234,5,429.00,194.00,363.00,201.00,0.65,-1,-1,-1
234,8,661.00,227.00,201.00,84.00,0.33,-1,-1,-1
234,7,428.00,188.00,370.00,208.00,0.34,-1,-1,-1
234,9,544.00,237.00,258.00,158.00,0.35,-1,-1,-1
235,1,328.00,285.00,433.00,221.00,0.93,-1,-1,-1
235,2,648.00,222.00,218.00,128.00,0.83,-1,-1,-1
235,5,428.00,193.00,366.00,202.00,0.66,-1,-1,-1
235,8,661.00,227.00,201.00,84.00,0.32,-1,-1,-1
235,7,428.00,187.00,371.00,208.00,0.29,-1,-1,-1
235,9,545.00,239.00,256.00,157.00,0.38,-1,-1,-1
236,1,329.00,285.00,431.00,221.00,0.93,-1,-1,-1
236,2,648.00,222.00,218.00,128.00,0.83,-1,-1,-1
236,5,423.00,186.00,378.00,209.00,0.21,-1,-1,-1
236,8,661.00,227.00,201.00,84.00,0.29,-1,-1,-1
236,7,424.00,185.00,373.00,210.00,0.54,-1,-1,-1
236,9,543.00,237.00,259.00,159.00,0.50,-1,-1,-1
237,1,329.00,285.00,431.00,221.00,0.93,-1,-1,-1
237,2,648.00,223.00,218.00,127.00,0.83,-1,-1,-1
237,5,423.00,185.00,379.00,210.00,0.20,-1,-1,-1
237,8,661.00,227.00,201.00,84.00,0.31,-1,-1,-1
237,7,423.00,187.00,371.00,208.00,0.49,-1,-1,-1
237,9,542.00,236.00,261.00,160.00,0.57,-1,-1,-1
238,1,329.00,285.00,431.00,221.00,0.93,-1,-1,-1
238,2,648.00,222.00,218.00,128.00,0.83,-1,-1,-1
238,5,421.00,182.00,383.00,214.00,0.26,-1,-1,-1
238,8,661.00,227.00,201.00,84.00,0.31,-1,-1,-1
238,7,420.00,183.00,377.00,212.00,0.50,-1,-1,-1
238,9,542.00,236.00,261.00,160.00,0.51,-1,-1,-1
239,1,329.00,285.00,431.00,221.00,0.93,-1,-1,-1
239,2,648.00,222.00,219.00,128.00,0.83,-1,-1,-1
239,5,421.00,181.00,383.00,215.00,0.25,-1,-1,-1
239,8,661.00,227.00,201.00,84.00,0.30,-1,-1,-1
239,7,420.00,183.00,376.00,212.00,0.47,-1,-1,-1
239,9,542.00,236.00,261.00,160.00,0.53,-1,-1,-1
240,1,329.00,285.00,431.00,221.00,0.93,-1,-1,-1
240,2,648.00,222.00,219.00,128.00,0.83,-1,-1,-1
240,5,418.00,182.00,382.00,214.00,0.25,-1,-1,-1
240,8,661.00,227.00,201.00,84.00,0.31,-1,-1,-1
240,7,416.00,184.00,375.00,211.00,0.49,-1,-1,-1
240,9,541.00,236.00,262.00,160.00,0.52,-1,-1,-1
241,1,328.00,285.00,432.00,221.00,0.93,-1,-1,-1
241,2,648.00,222.00,218.00,128.00,0.84,-1,-1,-1
241,5,422.00,183.00,379.00,213.00,0.27,-1,-1,-1
241,8,661.00,227.00,201.00,84.00,0.34,-1,-1,-1
241,7,422.00,187.00,370.00,208.00,0.53,-1,-1,-1
241,9,542.00,236.00,260.00,160.00,0.50,-1,-1,-1
242,1,331.00,286.00,429.00,219.00,0.93,-1,-1,-1
242,2,648.00,223.00,218.00,127.00,0.83,-1,-1,-1
242,5,423.00,185.00,376.00,211.00,0.24,-1,-1,-1
242,8,661.00,227.00,201.00,84.00,0.26,-1,-1,-1
242,7,425.00,190.00,366.00,205.00,0.55,-1,-1,-1
242,9,541.00,236.00,260.00,160.00,0.49,-1,-1,-1
243,1,331.00,286.00,429.00,219.00,0.93,-1,-1,-1
243,2,648.00,223.00,218.00,127.00,0.83,-1,-1,-1
243,5,425.00,186.00,373.00,210.00,0.28,-1,-1,-1
243,8,662.00,227.00,200.00,84.00,0.27,-1,-1,-1
243,7,427.00,191.00,364.00,204.00,0.59,-1,-1,-1
243,9,541.00,236.00,260.00,160.00,0.45,-1,-1,-1
244,1,331.00,286.00,429.00,219.00,0.93,-1,-1,-1
244,2,648.00,223.00,217.00,127.00,0.84,-1,-1,-1
244,5,425.00,187.00,373.00,209.00,0.29,-1,-1,-1
244,8,661.00,227.00,200.00,84.00,0.28,-1,-1,-1
244,7,428.00,191.00,363.00,204.00,0.58,-1,-1,-1
244,9,541.00,236.00,260.00,160.00,0.45,-1,-1,-1
245,1,330.00,286.00,431.00,219.00,0.93,-1,-1,-1
245,2,648.00,223.00,218.00,127.00,0.83,-1,-1,-1
245,5,425.00,187.00,373.00,209.00,0.29,-1,-1,-1
245,8,661.00,227.00,201.00,84.00,0.23,-1,-1,-1
245,7,428.00,191.00,363.00,204.00,0.56,-1,-1,-1
245,9,541.00,236.00,260.00,160.00,0.47,-1,-1,-1
246,1,330.00,286.00,431.00,219.00,0.93,-1,-1,-1
246,2,648.00,223.00,218.00,127.00,0.84,-1,-1,-1
246,5,425.00,186.00,373.00,210.00,0.28,-1,-1,-1
246,8,661.00,227.00,201.00,84.00,0.24,-1,-1,-1
246,7,427.00,191.00,364.00,204.00,0.54,-1,-1,-1
246,9,541.00,236.00,260.00,160.00,0.48,-1,-1,-1
247,1,330.00,286.00,431.00,219.00,0.93,-1,-1,-1
247,2,649.00,223.00,217.00,127.00,0.83,-1,-1,-1
247,5,425.00,186.00,373.00,210.00,0.27,-1,-1,-1
247,8,662.00,228.00,200.00,83.00,0.23,-1,-1,-1
247,7,427.00,191.00,364.00,204.00,0.51,-1,-1,-1
247,9,541.00,236.00,260.00,160.00,0.52,-1,-1,-1
248,1,330.00,286.00,431.00,219.00,0.94,-1,-1,-1
248,2,650.00,224.00,217.00,126.00,0.84,-1,-1,-1
248,5,426.00,187.00,371.00,209.00,0.32,-1,-1,-1
248,8,662.00,228.00,200.00,82.00,0.21,-1,-1,-1
248,7,427.00,192.00,364.00,203.00,0.60,-1,-1,-1
248,9,542.00,237.00,259.00,159.00,0.40,-1,-1,-1
249,1,330.00,286.00,431.00,219.00,0.94,-1,-1,-1
249,2,649.00,224.00,218.00,126.00,0.84,-1,-1,-1
249,5,426.00,188.00,370.00,208.00,0.29,-1,-1,-1
249,8,662.00,227.00,201.00,83.00,0.21,-1,-1,-1
249,7,428.00,193.00,362.00,202.00,0.61,-1,-1,-1
249,9,542.00,237.00,259.00,159.00,0.40,-1,-1,-1
250,1,330.00,286.00,431.00,219.00,0.94,-1,-1,-1
250,2,650.00,223.00,217.00,126.00,0.84,-1,-1,-1
250,5,426.00,188.00,371.00,208.00,0.26,-1,-1,-1
250,8,662.00,227.00,202.00,84.00,0.23,-1,-1,-1
250,7,428.00,193.00,363.00,202.00,0.60,-1,-1,-1
250,9,542.00,237.00,258.00,158.00,0.45,-1,-1,-1
251,1,330.00,286.00,431.00,219.00,0.93,-1,-1,-1
251,2,648.00,223.00,218.00,126.00,0.84,-1,-1,-1
251,5,425.00,188.00,368.00,208.00,0.50,-1,-1,-1
251,8,661.00,227.00,203.00,84.00,0.21,-1,-1,-1
251,7,424.00,187.00,373.00,209.00,0.23,-1,-1,-1
251,9,541.00,237.00,259.00,158.00,0.50,-1,-1,-1
252,1,330.00,286.00,431.00,219.00,0.93,-1,-1,-1
252,2,648.00,223.00,218.00,126.00,0.84,-1,-1,-1
252,5,424.00,189.00,368.00,207.00,0.51,-1,-1,-1
252,8,662.00,227.00,203.00,84.00,0.20,-1,-1,-1
252,7,423.00,186.00,375.00,210.00,0.23,-1,-1,-1
252,9,541.00,237.00,259.00,158.00,0.49,-1,-1,-1
253,1,330.00,286.00,431.00,219.00,0.93,-1,-1,-1
253,2,648.00,223.00,219.00,127.00,0.84,-1,-1,-1
253,5,425.00,183.00,376.00,211.00,0.17,-1,-1,-1
253,8,662.00,227.00,204.00,84.00,0.18,-1,-1,-1
253,7,419.00,183.00,378.00,213.00,0.39,-1,-1,-1
253,9,541.00,237.00,260.00,159.00,0.58,-1,-1,-1
254,1,330.00,286.00,431.00,219.00,0.93,-1,-1,-1
254,2,647.00,222.00,219.00,128.00,0.83,-1,-1,-1
254,5,420.00,179.00,383.00,216.00,0.19,-1,-1,-1
254,8,662.00,227.00,205.00,84.00,0.18,-1,-1,-1
254,7,416.00,180.00,382.00,216.00,0.43,-1,-1,-1
254,9,541.00,236.00,260.00,160.00,0.56,-1,-1,-1
255,1,330.00,286.00,431.00,219.00,0.93,-1,-1,-1
255,2,648.00,223.00,218.00,127.00,0.84,-1,-1,-1
255,5,414.00,175.00,388.00,220.00,0.36,-1,-1,-1
255,8,662.00,227.00,205.00,84.00,0.19,-1,-1,-1
255,7,416.00,176.00,387.00,220.00,0.18,-1,-1,-1
255,9,541.00,236.00,261.00,160.00,0.63,-1,-1,-1
256,1,330.00,286.00,431.00,219.00,0.93,-1,-1,-1
256,2,648.00,223.00,218.00,127.00,0.84,-1,-1,-1
256,5,418.00,178.00,383.00,218.00,0.23,-1,-1,-1
256,8,662.00,227.00,205.00,84.00,0.19,-1,-1,-1
256,7,418.00,179.00,381.00,216.00,0.49,-1,-1,-1
256,9,541.00,236.00,261.00,160.00,0.50,-1,-1,-1
257,1,330.00,286.00,431.00,219.00,0.93,-1,-1,-1
257,2,648.00,223.00,218.00,127.00,0.84,-1,-1,-1
257,5,419.00,178.00,383.00,218.00,0.20,-1,-1,-1
257,8,661.00,227.00,207.00,84.00,0.18,-1,-1,-1
257,7,418.00,178.00,380.00,217.00,0.45,-1,-1,-1
257,9,541.00,236.00,262.00,160.00,0.55,-1,-1,-1
258,1,329.00,286.00,433.00,219.00,0.93,-1,-1,-1
258,2,648.00,223.00,218.00,127.00,0.84,-1,-1,-1
258,5,422.00,181.00,377.00,215.00,0.20,-1,-1,-1
258,8,661.00,226.00,207.00,85.00,0.17,-1,-1,-1
258,7,422.00,183.00,372.00,212.00,0.51,-1,-1,-1
258,9,541.00,236.00,261.00,160.00,0.51,-1,-1,-1
259,1,329.00,286.00,433.00,219.00,0.93,-1,-1,-1
259,2,648.00,223.00,218.00,127.00,0.84,-1,-1,-1
259,5,423.00,181.00,376.00,215.00,0.17,-1,-1,-1
259,8,661.00,226.00,207.00,85.00,0.16,-1,-1,-1
259,7,422.00,185.00,369.00,210.00,0.29,-1,-1,-1
259,9,541.00,236.00,261.00,160.00,0.63,-1,-1,-1
260,1,329.00,286.00,433.00,219.00,0.93,-1,-1,-1
260,2,649.00,223.00,217.00,127.00,0.84,-1,-1,-1
260,5,454.00,218.00,322.00,179.00,0.42,-1,-1,-1
260,8,660.00,227.00,208.00,84.00,0.16,-1,-1,-1
260,7,423.00,184.00,372.00,212.00,0.19,-1,-1,-1
260,9,541.00,236.00,261.00,160.00,0.59,-1,-1,-1
261,1,329.00,286.00,433.00,219.00,0.93,-1,-1,-1
261,2,649.00,223.00,217.00,127.00,0.84,-1,-1,-1
261,5,431.00,195.00,362.00,201.00,0.23,-1,-1,-1
261,8,659.00,227.00,208.00,84.00,0.16,-1,-1,-1
261,7,425.00,186.00,367.00,210.00,0.47,-1,-1,-1
261,9,541.00,236.00,261.00,160.00,0.51,-1,-1,-1
262,1,329.00,286.00,433.00,219.00,0.93,-1,-1,-1
262,2,649.00,223.00,217.00,127.00,0.84,-1,-1,-1
262,5,455.00,222.00,322.00,175.00,0.42,-1,-1,-1
262,8,659.00,226.00,208.00,85.00,0.16,-1,-1,-1
262,7,425.00,184.00,370.00,212.00,0.19,-1,-1,-1
262,9,541.00,236.00,262.00,160.00,0.60,-1,-1,-1
263,1,329.00,286.00,433.00,219.00,0.93,-1,-1,-1
263,2,649.00,223.00,217.00,127.00,0.83,-1,-1,-1
263,5,429.00,196.00,366.00,200.00,0.16,-1,-1,-1
263,8,658.00,226.00,209.00,85.00,0.17,-1,-1,-1
263,7,424.00,188.00,365.00,208.00,0.30,-1,-1,-1
263,9,541.00,236.00,261.00,160.00,0.62,-1,-1,-1
264,1,329.00,286.00,433.00,219.00,0.94,-1,-1,-1
264,2,649.00,223.00,217.00,127.00,0.83,-1,-1,-1
264,5,422.00,191.00,374.00,205.00,0.25,-1,-1,-1
264,8,658.00,226.00,209.00,86.00,0.18,-1,-1,-1
264,7,421.00,184.00,374.00,213.00,0.15,-1,-1,-1
264,9,541.00,236.00,261.00,160.00,0.63,-1,-1,-1
265,1,329.00,286.00,433.00,219.00,0.94,-1,-1,-1
265,2,649.00,223.00,216.00,126.00,0.83,-1,-1,-1
265,5,419.00,190.00,375.00,205.00,0.33,-1,-1,-1
265,8,658.00,226.00,209.00,86.00,0.19,-1,-1,-1
265,7,427.00,183.00,372.00,212.00,0.17,-1,-1,-1
265,9,540.00,236.00,262.00,160.00,0.62,-1,-1,-1
266,1,329.00,286.00,433.00,219.00,0.93,-1,-1,-1
266,2,649.00,224.00,216.00,125.00,0.83,-1,-1,-1
266,5,419.00,190.00,376.00,206.00,0.25,-1,-1,-1
266,8,658.00,226.00,208.00,86.00,0.18,-1,-1,-1
266,7,427.00,184.00,372.00,210.00,0.15,-1,-1,-1
266,9,540.00,236.00,262.00,160.00,0.65,-1,-1,-1
267,1,329.00,286.00,433.00,219.00,0.93,-1,-1,-1
267,2,649.00,223.00,217.00,126.00,0.83,-1,-1,-1
267,5,420.00,189.00,377.00,207.00,0.24,-1,-1,-1
267,8,658.00,226.00,208.00,86.00,0.16,-1,-1,-1
267,7,424.00,182.00,377.00,214.00,0.15,-1,-1,-1
267,9,540.00,236.00,262.00,160.00,0.66,-1,-1,-1
268,1,329.00,286.00,433.00,219.00,0.93,-1,-1,-1
268,2,649.00,223.00,217.00,127.00,0.84,-1,-1,-1
268,5,421.00,190.00,376.00,206.00,0.24,-1,-1,-1
268,8,658.00,226.00,207.00,86.00,0.19,-1,-1,-1
268,7,423.00,182.00,378.00,215.00,0.14,-1,-1,-1
268,9,540.00,236.00,262.00,160.00,0.66,-1,-1,-1
269,1,329.00,286.00,433.00,219.00,0.93,-1,-1,-1
269,2,649.00,223.00,217.00,127.00,0.83,-1,-1,-1
269,5,420.00,190.00,373.00,205.00,0.31,-1,-1,-1
269,8,658.00,226.00,207.00,86.00,0.18,-1,-1,-1
269,7,424.00,184.00,374.00,212.00,0.16,-1,-1,-1
269,9,540.00,236.00,262.00,160.00,0.62,-1,-1,-1
270,1,328.00,286.00,434.00,219.00,0.93,-1,-1,-1
270,2,649.00,223.00,217.00,127.00,0.84,-1,-1,-1
270,5,421.00,189.00,375.00,206.00,0.22,-1,-1,-1
270,8,659.00,227.00,206.00,85.00,0.16,-1,-1,-1
270,7,423.00,182.00,377.00,214.00,0.14,-1,-1,-1
270,9,541.00,236.00,261.00,160.00,0.67,-1,-1,-1
271,1,328.00,286.00,434.00,219.00,0.93,-1,-1,-1
271,2,650.00,224.00,215.00,126.00,0.85,-1,-1,-1
271,5,422.00,189.00,374.00,206.00,0.22,-1,-1,-1
271,7,423.00,181.00,378.00,216.00,0.14,-1,-1,-1
271,9,541.00,236.00,261.00,160.00,0.67,-1,-1,-1
272,1,328.00,285.00,436.00,220.00,0.93,-1,-1,-1
272,2,649.00,223.00,217.00,127.00,0.86,-1,-1,-1
272,5,422.00,191.00,375.00,207.00,0.58,-1,-1,-1
272,7,426.00,185.00,373.00,213.00,0.30,-1,-1,-1
272,9,540.00,236.00,263.00,162.00,0.45,-1,-1,-1
273,1,328.00,284.00,436.00,221.00,0.93,-1,-1,-1
273,2,649.00,223.00,218.00,127.00,0.86,-1,-1,-1
273,5,423.00,192.00,375.00,207.00,0.58,-1,-1,-1
273,7,427.00,186.00,372.00,212.00,0.32,-1,-1,-1
273,9,539.00,237.00,265.00,162.00,0.44,-1,-1,-1
274,1,328.00,284.00,435.00,221.00,0.93,-1,-1,-1
274,2,650.00,223.00,217.00,127.00,0.86,-1,-1,-1
274,5,423.00,192.00,374.00,207.00,0.52,-1,-1,-1
274,7,427.00,187.00,372.00,211.00,0.30,-1,-1,-1
274,9,540.00,237.00,263.00,162.00,0.48,-1,-1,-1
275,1,328.00,284.00,435.00,221.00,0.93,-1,-1,-1
275,2,650.00,223.00,217.00,127.00,0.86,-1,-1,-1
275,5,423.00,192.00,374.00,207.00,0.54,-1,-1,-1
275,7,427.00,187.00,372.00,211.00,0.31,-1,-1,-1
275,9,540.00,237.00,263.00,162.00,0.47,-1,-1,-1
276,1,328.00,284.00,435.00,221.00,0.93,-1,-1,-1
276,2,650.00,223.00,216.00,127.00,0.86,-1,-1,-1
276,5,423.00,192.00,373.00,207.00,0.53,-1,-1,-1
276,7,427.00,187.00,372.00,211.00,0.30,-1,-1,-1
276,9,540.00,237.00,263.00,162.00,0.48,-1,-1,-1
277,1,328.00,284.00,435.00,221.00,0.93,-1,-1,-1
277,2,650.00,223.00,217.00,127.00,0.86,-1,-1,-1
277,5,423.00,192.00,373.00,207.00,0.52,-1,-1,-1
277,7,427.00,187.00,372.00,211.00,0.30,-1,-1,-1
277,9,540.00,237.00,263.00,162.00,0.48,-1,-1,-1
278,1,329.00,285.00,434.00,219.00,0.93,-1,-1,-1
278,2,650.00,223.00,217.00,127.00,0.86,-1,-1,-1
278,5,423.00,192.00,372.00,207.00,0.51,-1,-1,-1
278,7,427.00,187.00,372.00,211.00,0.29,-1,-1,-1
278,9,541.00,237.00,262.00,162.00,0.51,-1,-1,-1
279,1,329.00,285.00,434.00,220.00,0.93,-1,-1,-1
279,2,651.00,223.00,216.00,127.00,0.86,-1,-1,-1
279,5,424.00,192.00,370.00,207.00,0.52,-1,-1,-1
279,7,427.00,187.00,371.00,211.00,0.29,-1,-1,-1
279,9,541.00,237.00,261.00,162.00,0.51,-1,-1,-1
279,80,660.00,225.00,204.00,85.00,0.31,-1,-1,-1
280,1,329.00,285.00,434.00,220.00,0.93,-1,-1,-1
280,2,649.00,222.00,218.00,128.00,0.85,-1,-1,-1
280,5,425.00,193.00,370.00,206.00,0.68,-1,-1,-1
280,7,427.00,188.00,371.00,210.00,0.39,-1,-1,-1
280,9,542.00,237.00,260.00,162.00,0.34,-1,-1,-1
280,80,659.00,224.00,206.00,86.00,0.32,-1,-1,-1
281,1,329.00,285.00,434.00,220.00,0.93,-1,-1,-1
281,2,649.00,221.00,218.00,129.00,0.85,-1,-1,-1
281,5,425.00,193.00,370.00,207.00,0.67,-1,-1,-1
281,7,427.00,187.00,372.00,211.00,0.29,-1,-1,-1
281,9,542.00,238.00,260.00,161.00,0.36,-1,-1,-1
281,80,659.00,224.00,206.00,86.00,0.31,-1,-1,-1
282,1,329.00,285.00,434.00,220.00,0.93,-1,-1,-1
282,2,648.00,220.00,220.00,130.00,0.85,-1,-1,-1
282,5,426.00,193.00,369.00,207.00,0.67,-1,-1,-1
282,7,427.00,187.00,372.00,211.00,0.27,-1,-1,-1
282,9,542.00,238.00,260.00,161.00,0.40,-1,-1,-1
282,80,659.00,224.00,206.00,86.00,0.31,-1,-1,-1
283,1,329.00,285.00,434.00,220.00,0.93,-1,-1,-1
283,2,647.00,220.00,221.00,130.00,0.85,-1,-1,-1
283,5,424.00,188.00,376.00,211.00,0.23,-1,-1,-1
283,7,424.00,188.00,372.00,211.00,0.57,-1,-1,-1
283,9,542.00,237.00,261.00,162.00,0.50,-1,-1,-1
283,80,659.00,224.00,206.00,87.00,0.30,-1,-1,-1
284,1,329.00,285.00,434.00,219.00,0.93,-1,-1,-1
284,2,647.00,220.00,221.00,130.00,0.85,-1,-1,-1
284,5,420.00,184.00,384.00,216.00,0.24,-1,-1,-1
284,7,422.00,186.00,376.00,213.00,0.56,-1,-1,-1
284,9,541.00,237.00,262.00,162.00,0.48,-1,-1,-1
284,80,659.00,225.00,206.00,86.00,0.30,-1,-1,-1
285,1,329.00,285.00,434.00,219.00,0.93,-1,-1,-1
285,2,647.00,220.00,220.00,130.00,0.85,-1,-1,-1
285,5,417.00,180.00,390.00,220.00,0.26,-1,-1,-1
285,7,416.00,179.00,385.00,220.00,0.47,-1,-1,-1
285,9,541.00,236.00,262.00,163.00,0.52,-1,-1,-1
285,80,659.00,225.00,205.00,86.00,0.30,-1,-1,-1
286,1,330.00,285.00,433.00,219.00,0.93,-1,-1,-1
286,2,648.00,220.00,219.00,130.00,0.85,-1,-1,-1
286,5,414.00,178.00,391.00,222.00,0.18,-1,-1,-1
286,7,411.00,177.00,387.00,222.00,0.33,-1,-1,-1
286,9,541.00,236.00,262.00,164.00,0.67,-1,-1,-1
286,80,660.00,225.00,204.00,86.00,0.31,-1,-1,-1
287,1,329.00,285.00,434.00,219.00,0.93,-1,-1,-1
287,2,648.00,220.00,219.00,130.00,0.86,-1,-1,-1
287,5,418.00,181.00,385.00,219.00,0.22,-1,-1,-1
287,7,419.00,183.00,377.00,216.00,0.51,-1,-1,-1
287,9,541.00,236.00,262.00,163.00,0.53,-1,-1,-1
287,80,660.00,225.00,204.00,86.00,0.31,-1,-1,-1
288,1,329.00,285.00,434.00,219.00,0.93,-1,-1,-1
288,2,648.00,220.00,219.00,130.00,0.86,-1,-1,-1
288,5,421.00,184.00,380.00,216.00,0.29,-1,-1,-1
288,7,424.00,187.00,370.00,212.00,0.59,-1,-1,-1
288,9,541.00,236.00,262.00,163.00,0.45,-1,-1,-1
288,80,659.00,225.00,205.00,86.00,0.30,-1,-1,-1
289,1,329.00,285.00,434.00,220.00,0.93,-1,-1,-1
289,2,648.00,220.00,219.00,130.00,0.86,-1,-1,-1
289,5,425.00,186.00,375.00,213.00,0.31,-1,-1,-1
289,7,427.00,190.00,366.00,209.00,0.59,-1,-1,-1
289,9,542.00,236.00,260.00,163.00,0.42,-1,-1,-1
289,80,659.00,225.00,205.00,86.00,0.30,-1,-1,-1
290,1,329.00,284.00,434.00,221.00,0.93,-1,-1,-1
290,2,649.00,221.00,217.00,129.00,0.86,-1,-1,-1
290,5,427.00,186.00,373.00,213.00,0.33,-1,-1,-1
290,7,428.00,191.00,365.00,208.00,0.59,-1,-1,-1
290,9,542.00,237.00,260.00,162.00,0.40,-1,-1,-1
290,80,660.00,225.00,204.00,86.00,0.29,-1,-1,-1
291,1,329.00,284.00,434.00,221.00,0.93,-1,-1,-1
291,2,649.00,221.00,217.00,129.00,0.86,-1,-1,-1
291,5,427.00,186.00,373.00,212.00,0.33,-1,-1,-1
291,7,429.00,191.00,364.00,209.00,0.58,-1,-1,-1
291,9,542.00,237.00,260.00,162.00,0.41,-1,-1,-1
291,80,660.00,225.00,204.00,86.00,0.29,-1,-1,-1
292,1,329.00,284.00,434.00,221.00,0.93,-1,-1,-1
292,2,649.00,221.00,217.00,129.00,0.86,-1,-1,-1
292,5,427.00,186.00,373.00,212.00,0.33,-1,-1,-1
292,7,429.00,191.00,364.00,208.00,0.60,-1,-1,-1
292,9,542.00,237.00,260.00,162.00,0.40,-1,-1,-1
292,80,660.00,225.00,204.00,86.00,0.29,-1,-1,-1
293,1,329.00,284.00,434.00,221.00,0.93,-1,-1,-1
293,2,649.00,221.00,217.00,129.00,0.86,-1,-1,-1
293,5,426.00,187.00,373.00,213.00,0.33,-1,-1,-1
293,7,428.00,192.00,364.00,208.00,0.60,-1,-1,-1
293,9,542.00,237.00,260.00,162.00,0.40,-1,-1,-1
293,80,660.00,225.00,203.00,86.00,0.29,-1,-1,-1
294,1,329.00,285.00,434.00,220.00,0.93,-1,-1,-1
294,2,649.00,221.00,217.00,129.00,0.86,-1,-1,-1
294,5,424.00,187.00,375.00,213.00,0.33,-1,-1,-1
294,7,427.00,191.00,365.00,208.00,0.59,-1,-1,-1
294,9,542.00,237.00,260.00,162.00,0.40,-1,-1,-1
294,80,660.00,226.00,203.00,84.00,0.30,-1,-1,-1
295,1,329.00,285.00,434.00,220.00,0.93,-1,-1,-1
295,2,649.00,221.00,217.00,129.00,0.85,-1,-1,-1
295,5,424.00,186.00,376.00,214.00,0.31,-1,-1,-1
295,7,427.00,191.00,366.00,208.00,0.59,-1,-1,-1
295,9,542.00,237.00,260.00,162.00,0.41,-1,-1,-1
295,80,660.00,226.00,203.00,84.00,0.29,-1,-1,-1
296,1,329.00,285.00,434.00,220.00,0.93,-1,-1,-1
296,2,650.00,221.00,216.00,129.00,0.85,-1,-1,-1
296,5,424.00,186.00,376.00,215.00,0.27,-1,-1,-1
296,7,425.00,190.00,368.00,209.00,0.49,-1,-1,-1
296,9,542.00,237.00,260.00,162.00,0.49,-1,-1,-1
296,80,661.00,226.00,202.00,84.00,0.32,-1,-1,-1
297,1,329.00,285.00,434.00,219.00,0.93,-1,-1,-1
297,2,650.00,221.00,216.00,129.00,0.85,-1,-1,-1
297,5,424.00,186.00,376.00,215.00,0.23,-1,-1,-1
297,7,425.00,190.00,368.00,209.00,0.46,-1,-1,-1
297,9,542.00,237.00,260.00,162.00,0.54,-1,-1,-1
297,80,661.00,226.00,202.00,85.00,0.31,-1,-1,-1
298,1,329.00,285.00,434.00,219.00,0.93,-1,-1,-1
298,2,652.00,222.00,214.00,128.00,0.86,-1,-1,-1
298,5,426.00,185.00,374.00,214.00,0.27,-1,-1,-1
298,7,425.00,189.00,369.00,210.00,0.53,-1,-1,-1
298,9,542.00,237.00,259.00,162.00,0.48,-1,-1,-1
298,80,661.00,226.00,202.00,85.00,0.32,-1,-1,-1
299,1,329.00,285.00,434.00,220.00,0.93,-1,-1,-1
299,2,651.00,222.00,215.00,128.00,0.85,-1,-1,-1
299,5,427.00,186.00,372.00,213.00,0.36,-1,-1,-1
299,7,427.00,190.00,366.00,210.00,0.67,-1,-1,-1
299,9,542.00,237.00,259.00,162.00,0.36,-1,-1,-1
299,80,661.00,226.00,202.00,84.00,0.33,-1,-1,-1
300,1,329.00,285.00,434.00,220.00,0.93,-1,-1,-1
300,2,650.00,222.00,216.00,128.00,0.84,-1,-1,-1
300,5,427.00,186.00,372.00,213.00,0.32,-1,-1,-1
300,7,428.00,191.00,366.00,209.00,0.75,-1,-1,-1
300,9,543.00,238.00,258.00,161.00,0.26,-1,-1,-1
300,80,661.00,226.00,202.00,84.00,0.33,-1,-1,-1
301,1,329.00,285.00,434.00,220.00,0.93,-1,-1,-1
301,2,650.00,222.00,216.00,128.00,0.85,-1,-1,-1
301,5,425.00,185.00,374.00,213.00,0.26,-1,-1,-1
301,7,425.00,189.00,369.00,211.00,0.64,-1,-1,-1
301,9,543.00,238.00,258.00,161.00,0.38,-1,-1,-1
301,80,660.00,226.00,203.00,85.00,0.32,-1,-1,-1
302,1,329.00,285.00,433.00,220.00,0.93,-1,-1,-1
302,2,650.00,222.00,216.00,128.00,0.85,-1,-1,-1
302,5,426.00,186.00,372.00,212.00,0.39,-1,-1,-1
302,7,427.00,190.00,367.00,208.00,0.71,-1,-1,-1
302,9,543.00,238.00,256.00,160.00,0.26,-1,-1,-1
302,80,660.00,226.00,203.00,85.00,0.26,-1,-1,-1
303,1,328.00,285.00,434.00,220.00,0.93,-1,-1,-1
303,2,650.00,222.00,216.00,128.00,0.85,-1,-1,-1
303,5,425.00,184.00,374.00,214.00,0.33,-1,-1,-1
303,7,426.00,188.00,368.00,210.00,0.58,-1,-1,-1
303,9,544.00,238.00,256.00,160.00,0.41,-1,-1,-1
303,80,660.00,226.00,203.00,85.00,0.27,-1,-1,-1
304,1,328.00,285.00,434.00,220.00,0.93,-1,-1,-1
304,2,650.00,222.00,216.00,128.00,0.85,-1,-1,-1
304,5,426.00,186.00,373.00,213.00,0.38,-1,-1,-1
304,7,427.00,189.00,366.00,209.00,0.67,-1,-1,-1
304,9,543.00,237.00,256.00,160.00,0.31,-1,-1,-1
304,80,660.00,226.00,202.00,85.00,0.28,-1,-1,-1
305,1,328.00,285.00,434.00,220.00,0.93,-1,-1,-1
305,2,649.00,222.00,217.00,128.00,0.84,-1,-1,-1
305,5,426.00,185.00,373.00,214.00,0.39,-1,-1,-1
305,7,427.00,189.00,367.00,209.00,0.67,-1,-1,-1
305,9,543.00,237.00,256.00,160.00,0.29,-1,-1,-1
305,80,660.00,226.00,202.00,85.00,0.28,-1,-1,-1
306,1,329.00,286.00,432.00,219.00,0.93,-1,-1,-1
306,2,649.00,222.00,217.00,128.00,0.84,-1,-1,-1
306,5,425.00,184.00,375.00,215.00,0.37,-1,-1,-1
306,7,425.00,187.00,371.00,211.00,0.66,-1,-1,-1
306,9,542.00,237.00,258.00,160.00,0.30,-1,-1,-1
306,80,660.00,226.00,202.00,85.00,0.28,-1,-1,-1
307,1,328.00,286.00,433.00,219.00,0.93,-1,-1,-1
307,2,649.00,222.00,217.00,128.00,0.85,-1,-1,-1
307,5,423.00,185.00,376.00,214.00,0.32,-1,-1,-1
307,7,425.00,189.00,367.00,209.00,0.63,-1,-1,-1
307,9,543.00,237.00,257.00,161.00,0.36,-1,-1,-1
307,80,661.00,226.00,200.00,85.00,0.27,-1,-1,-1
308,1,328.00,285.00,433.00,220.00,0.93,-1,-1,-1
308,2,649.00,222.00,217.00,128.00,0.85,-1,-1,-1
308,5,424.00,185.00,374.00,214.00,0.31,-1,-1,-1
308,7,425.00,189.00,368.00,209.00,0.65,-1,-1,-1
308,9,543.00,237.00,258.00,161.00,0.37,-1,-1,-1
308,80,660.00,226.00,202.00,85.00,0.26,-1,-1,-1
309,1,328.00,285.00,434.00,220.00,0.93,-1,-1,-1
309,2,649.00,222.00,217.00,128.00,0.84,-1,-1,-1
309,5,425.00,186.00,373.00,213.00,0.28,-1,-1,-1
309,7,426.00,190.00,367.00,208.00,0.63,-1,-1,-1
309,9,543.00,237.00,258.00,161.00,0.41,-1,-1,-1
309,80,661.00,226.00,201.00,84.00,0.28,-1,-1,-1
310,1,328.00,285.00,434.00,220.00,0.93,-1,-1,-1
310,2,649.00,222.00,217.00,128.00,0.85,-1,-1,-1
310,5,427.00,187.00,370.00,212.00,0.37,-1,-1,-1
310,7,428.00,191.00,364.00,207.00,0.67,-1,-1,-1
310,9,544.00,239.00,256.00,159.00,0.33,-1,-1,-1
310,80,661.00,226.00,201.00,85.00,0.27,-1,-1,-1
311,1,328.00,285.00,434.00,220.00,0.93,-1,-1,-1
311,2,648.00,222.00,218.00,128.00,0.85,-1,-1,-1
311,5,428.00,187.00,369.00,211.00,0.39,-1,-1,-1
311,7,429.00,192.00,364.00,206.00,0.69,-1,-1,-1
311,9,543.00,238.00,257.00,160.00,0.28,-1,-1,-1
311,80,660.00,226.00,202.00,85.00,0.27,-1,-1,-1
312,1,328.00,285.00,434.00,220.00,0.93,-1,-1,-1
312,2,648.00,221.00,218.00,129.00,0.85,-1,-1,-1
312,5,429.00,187.00,368.00,210.00,0.38,-1,-1,-1
312,7,429.00,193.00,364.00,205.00,0.66,-1,-1,-1
312,9,544.00,240.00,256.00,159.00,0.32,-1,-1,-1
312,80,660.00,226.00,203.00,84.00,0.27,-1,-1,-1
313,1,328.00,285.00,434.00,220.00,0.93,-1,-1,-1
313,2,647.00,221.00,219.00,129.00,0.84,-1,-1,-1
313,5,429.00,187.00,369.00,210.00,0.42,-1,-1,-1
313,7,429.00,193.00,364.00,205.00,0.66,-1,-1,-1
313,9,545.00,241.00,255.00,158.00,0.30,-1,-1,-1
313,80,660.00,225.00,203.00,86.00,0.26,-1,-1,-1
314,1,328.00,285.00,434.00,220.00,0.93,-1,-1,-1
314,2,647.00,221.00,219.00,129.00,0.84,-1,-1,-1
314,5,429.00,187.00,369.00,210.00,0.43,-1,-1,-1
314,7,429.00,193.00,364.00,205.00,0.67,-1,-1,-1
314,9,545.00,241.00,255.00,158.00,0.29,-1,-1,-1
314,80,659.00,225.00,204.00,86.00,0.26,-1,-1,-1
315,1,328.00,285.00,434.00,220.00,0.93,-1,-1,-1
315,2,647.00,221.00,219.00,129.00,0.84,-1,-1,-1
315,5,428.00,187.00,370.00,210.00,0.41,-1,-1,-1
315,7,429.00,192.00,364.00,206.00,0.65,-1,-1,-1
315,9,545.00,241.00,255.00,158.00,0.33,-1,-1,-1
315,80,659.00,225.00,204.00,86.00,0.25,-1,-1,-1
316,1,329.00,285.00,432.00,220.00,0.93,-1,-1,-1
316,2,649.00,222.00,217.00,128.00,0.84,-1,-1,-1
316,5,428.00,187.00,369.00,210.00,0.44,-1,-1,-1
316,7,429.00,192.00,363.00,205.00,0.68,-1,-1,-1
316,9,542.00,239.00,258.00,159.00,0.30,-1,-1,-1
316,80,660.00,225.00,203.00,86.00,0.28,-1,-1,-1
317,1,329.00,285.00,432.00,220.00,0.93,-1,-1,-1
317,2,649.00,222.00,217.00,128.00,0.84,-1,-1,-1
317,5,428.00,187.00,369.00,210.00,0.52,-1,-1,-1
317,7,430.00,193.00,363.00,205.00,0.74,-1,-1,-1
317,9,542.00,237.00,260.00,161.00,0.16,-1,-1,-1
317,80,660.00,226.00,203.00,85.00,0.27,-1,-1,-1
318,1,329.00,285.00,432.00,220.00,0.93,-1,-1,-1
318,2,647.00,221.00,219.00,129.00,0.84,-1,-1,-1
318,5,428.00,187.00,370.00,210.00,0.52,-1,-1,-1
318,7,430.00,193.00,364.00,205.00,0.76,-1,-1,-1
318,9,543.00,237.00,259.00,160.00,0.14,-1,-1,-1
318,80,660.00,226.00,203.00,85.00,0.27,-1,-1,-1
319,1,329.00,285.00,432.00,220.00,0.93,-1,-1,-1
319,2,647.00,221.00,219.00,129.00,0.84,-1,-1,-1
319,5,427.00,187.00,371.00,210.00,0.42,-1,-1,-1
319,7,430.00,193.00,364.00,205.00,0.73,-1,-1,-1
319,9,542.00,236.00,261.00,162.00,0.19,-1,-1,-1
319,80,660.00,225.00,203.00,86.00,0.28,-1,-1,-1
320,1,329.00,285.00,432.00,220.00,0.93,-1,-1,-1
320,2,648.00,221.00,218.00,129.00,0.85,-1,-1,-1
320,5,425.00,186.00,372.00,211.00,0.59,-1,-1,-1
320,7,424.00,186.00,376.00,212.00,0.30,-1,-1,-1
320,9,542.00,237.00,260.00,161.00,0.43,-1,-1,-1
320,80,659.00,225.00,204.00,86.00,0.29,-1,-1,-1
321,1,329.00,285.00,432.00,220.00,0.93,-1,-1,-1
321,2,647.00,221.00,219.00,129.00,0.84,-1,-1,-1
321,5,426.00,188.00,369.00,209.00,0.65,-1,-1,-1
321,7,424.00,185.00,377.00,214.00,0.32,-1,-1,-1
321,9,544.00,239.00,257.00,159.00,0.37,-1,-1,-1
321,80,660.00,226.00,203.00,85.00,0.28,-1,-1,-1
322,1,329.00,285.00,432.00,220.00,0.93,-1,-1,-1
322,2,648.00,222.00,218.00,128.00,0.84,-1,-1,-1
322,5,415.00,175.00,388.00,222.00,0.44,-1,-1,-1
322,7,417.00,176.00,390.00,223.00,0.27,-1,-1,-1
322,9,542.00,237.00,260.00,161.00,0.59,-1,-1,-1
322,80,660.00,226.00,203.00,85.00,0.28,-1,-1,-1
323,1,329.00,285.00,432.00,220.00,0.93,-1,-1,-1
323,2,648.00,222.00,218.00,128.00,0.85,-1,-1,-1
323,5,416.00,174.00,387.00,223.00,0.58,-1,-1,-1
323,7,418.00,177.00,389.00,222.00,0.40,-1,-1,-1
323,9,540.00,236.00,261.00,162.00,0.41,-1,-1,-1
323,80,660.00,225.00,203.00,86.00,0.29,-1,-1,-1
324,1,329.00,285.00,432.00,220.00,0.93,-1,-1,-1
324,2,648.00,222.00,218.00,128.00,0.84,-1,-1,-1
324,5,415.00,174.00,387.00,223.00,0.57,-1,-1,-1
324,7,417.00,177.00,388.00,222.00,0.39,-1,-1,-1
324,9,541.00,237.00,260.00,160.00,0.43,-1,-1,-1
324,80,660.00,225.00,203.00,86.00,0.29,-1,-1,-1
325,1,329.00,285.00,432.00,220.00,0.93,-1,-1,-1
325,2,648.00,222.00,218.00,128.00,0.84,-1,-1,-1
325,5,422.00,182.00,373.00,215.00,0.65,-1,-1,-1
325,7,422.00,182.00,378.00,216.00,0.34,-1,-1,-1
325,9,542.00,237.00,260.00,161.00,0.37,-1,-1,-1
325,80,660.00,225.00,203.00,86.00,0.28,-1,-1,-1
326,1,329.00,285.00,432.00,220.00,0.93,-1,-1,-1
326,2,648.00,222.00,218.00,128.00,0.84,-1,-1,-1
326,5,428.00,188.00,364.00,209.00,0.67,-1,-1,-1
326,7,426.00,185.00,372.00,213.00,0.36,-1,-1,-1
326,9,543.00,239.00,258.00,159.00,0.34,-1,-1,-1
326,80,660.00,225.00,203.00,86.00,0.28,-1,-1,-1
327,1,329.00,285.00,432.00,220.00,0.93,-1,-1,-1
327,2,648.00,222.00,218.00,128.00,0.84,-1,-1,-1
327,5,430.00,191.00,360.00,206.00,0.68,-1,-1,-1
327,7,427.00,186.00,370.00,211.00,0.36,-1,-1,-1
327,9,544.00,240.00,257.00,158.00,0.33,-1,-1,-1
327,80,660.00,225.00,203.00,86.00,0.27,-1,-1,-1
328,1,329.00,285.00,433.00,220.00,0.93,-1,-1,-1
328,2,648.00,222.00,218.00,128.00,0.84,-1,-1,-1
328,5,431.00,193.00,359.00,205.00,0.68,-1,-1,-1
328,7,428.00,187.00,369.00,210.00,0.42,-1,-1,-1
328,9,545.00,240.00,256.00,158.00,0.29,-1,-1,-1
328,80,660.00,225.00,203.00,86.00,0.28,-1,-1,-1
329,1,329.00,285.00,432.00,220.00,0.93,-1,-1,-1
329,2,647.00,222.00,219.00,128.00,0.84,-1,-1,-1
329,5,431.00,193.00,360.00,205.00,0.69,-1,-1,-1
329,7,428.00,187.00,369.00,210.00,0.45,-1,-1,-1
329,9,543.00,238.00,258.00,160.00,0.26,-1,-1,-1
329,80,660.00,225.00,203.00,86.00,0.27,-1,-1,-1
330,1,329.00,285.00,432.00,220.00,0.93,-1,-1,-1
330,2,648.00,222.00,218.00,128.00,0.85,-1,-1,-1
330,5,432.00,193.00,359.00,205.00,0.66,-1,-1,-1
330,7,428.00,187.00,370.00,210.00,0.44,-1,-1,-1
330,9,544.00,240.00,257.00,158.00,0.31,-1,-1,-1
330,80,661.00,226.00,202.00,85.00,0.28,-1,-1,-1
331,1,329.00,285.00,432.00,220.00,0.93,-1,-1,-1
331,2,648.00,222.00,218.00,128.00,0.85,-1,-1,-1
331,5,431.00,194.00,360.00,204.00,0.66,-1,-1,-1
331,7,428.00,188.00,369.00,210.00,0.42,-1,-1,-1
331,9,544.00,240.00,257.00,158.00,0.32,-1,-1,-1
331,80,661.00,226.00,201.00,85.00,0.28,-1,-1,-1
332,1,328.00,285.00,434.00,220.00,0.93,-1,-1,-1
332,2,650.00,222.00,216.00,128.00,0.85,-1,-1,-1
332,5,428.00,193.00,362.00,205.00,0.57,-1,-1,-1
332,7,426.00,187.00,372.00,212.00,0.31,-1,-1,-1
332,9,542.00,238.00,259.00,160.00,0.40,-1,-1,-1
332,80,662.00,226.00,200.00,84.00,0.27,-1,-1,-1
333,1,328.00,285.00,434.00,221.00,0.93,-1,-1,-1
333,2,651.00,223.00,216.00,127.00,0.85,-1,-1,-1
333,5,427.00,193.00,363.00,205.00,0.57,-1,-1,-1
333,7,425.00,187.00,373.00,212.00,0.30,-1,-1,-1
333,9,541.00,238.00,260.00,160.00,0.39,-1,-1,-1
333,80,662.00,226.00,200.00,84.00,0.29,-1,-1,-1
334,1,328.00,285.00,434.00,221.00,0.93,-1,-1,-1
334,2,651.00,223.00,216.00,127.00,0.85,-1,-1,-1
334,5,427.00,193.00,363.00,205.00,0.55,-1,-1,-1
334,7,425.00,187.00,373.00,212.00,0.28,-1,-1,-1
334,9,541.00,237.00,260.00,161.00,0.42,-1,-1,-1
334,80,662.00,226.00,200.00,84.00,0.27,-1,-1,-1
335,1,328.00,285.00,434.00,221.00,0.93,-1,-1,-1
335,2,651.00,223.00,216.00,127.00,0.85,-1,-1,-1
335,5,425.00,192.00,364.00,206.00,0.47,-1,-1,-1
335,7,425.00,186.00,373.00,213.00,0.26,-1,-1,-1
335,9,541.00,237.00,260.00,161.00,0.48,-1,-1,-1
335,80,662.00,226.00,201.00,84.00,0.27,-1,-1,-1
336,1,329.00,285.00,433.00,221.00,0.93,-1,-1,-1
336,2,651.00,223.00,216.00,127.00,0.85,-1,-1,-1
336,5,425.00,192.00,364.00,206.00,0.44,-1,-1,-1
336,7,425.00,186.00,373.00,212.00,0.25,-1,-1,-1
336,9,541.00,237.00,260.00,161.00,0.51,-1,-1,-1
336,80,662.00,226.00,201.00,84.00,0.27,-1,-1,-1
337,1,329.00,285.00,433.00,221.00,0.93,-1,-1,-1
337,2,651.00,222.00,216.00,128.00,0.85,-1,-1,-1
337,5,424.00,192.00,365.00,206.00,0.44,-1,-1,-1
337,7,425.00,186.00,373.00,212.00,0.24,-1,-1,-1
337,9,541.00,237.00,260.00,161.00,0.51,-1,-1,-1
337,80,662.00,226.00,201.00,84.00,0.28,-1,-1,-1
338,1,329.00,286.00,433.00,220.00,0.94,-1,-1,-1
338,2,650.00,222.00,217.00,128.00,0.85,-1,-1,-1
338,5,425.00,192.00,365.00,206.00,0.49,-1,-1,-1
338,7,425.00,186.00,373.00,212.00,0.27,-1,-1,-1
338,9,541.00,237.00,260.00,161.00,0.46,-1,-1,-1
338,80,662.00,226.00,201.00,84.00,0.27,-1,-1,-1
339,1,329.00,286.00,433.00,220.00,0.94,-1,-1,-1
339,2,651.00,223.00,216.00,127.00,0.85,-1,-1,-1
339,5,425.00,191.00,368.00,208.00,0.45,-1,-1,-1
339,7,426.00,186.00,372.00,212.00,0.24,-1,-1,-1
339,9,542.00,237.00,259.00,161.00,0.48,-1,-1,-1
339,80,661.00,226.00,202.00,84.00,0.28,-1,-1,-1
