2,1,449.00,59.00,418.00,218.00,0.89,-1,-1,-1
2,2,267.00,84.00,292.00,169.00,0.88,-1,-1,-1
3,1,449.00,59.00,418.00,218.00,0.89,-1,-1,-1
3,2,267.00,84.00,291.00,169.00,0.88,-1,-1,-1
4,1,449.00,59.00,418.00,218.00,0.89,-1,-1,-1
4,2,267.00,84.00,291.00,169.00,0.88,-1,-1,-1
5,1,449.00,59.00,418.00,218.00,0.89,-1,-1,-1
5,2,267.00,84.00,291.00,169.00,0.88,-1,-1,-1
6,1,449.00,59.00,418.00,218.00,0.89,-1,-1,-1
6,2,267.00,84.00,291.00,169.00,0.88,-1,-1,-1
7,1,449.00,59.00,418.00,218.00,0.89,-1,-1,-1
7,2,267.00,84.00,291.00,169.00,0.88,-1,-1,-1
8,1,449.00,59.00,418.00,218.00,0.89,-1,-1,-1
8,2,267.00,84.00,291.00,169.00,0.88,-1,-1,-1
9,1,449.00,59.00,418.00,218.00,0.89,-1,-1,-1
9,2,267.00,84.00,291.00,169.00,0.88,-1,-1,-1
10,1,449.00,59.00,418.00,218.00,0.89,-1,-1,-1
10,2,267.00,84.00,291.00,169.00,0.88,-1,-1,-1
11,1,449.00,59.00,418.00,218.00,0.89,-1,-1,-1
11,2,266.00,84.00,292.00,169.00,0.88,-1,-1,-1
12,1,449.00,59.00,418.00,218.00,0.89,-1,-1,-1
12,2,266.00,84.00,292.00,169.00,0.88,-1,-1,-1
13,1,449.00,59.00,418.00,218.00,0.89,-1,-1,-1
13,2,266.00,84.00,292.00,169.00,0.88,-1,-1,-1
14,1,449.00,59.00,418.00,218.00,0.89,-1,-1,-1
14,2,266.00,84.00,292.00,169.00,0.88,-1,-1,-1
15,1,449.00,59.00,418.00,218.00,0.89,-1,-1,-1
15,2,266.00,84.00,292.00,169.00,0.88,-1,-1,-1
16,1,449.00,59.00,418.00,218.00,0.89,-1,-1,-1
16,2,266.00,84.00,292.00,169.00,0.88,-1,-1,-1
17,1,449.00,59.00,418.00,218.00,0.89,-1,-1,-1
17,2,266.00,84.00,292.00,169.00,0.88,-1,-1,-1
18,1,449.00,59.00,418.00,218.00,0.89,-1,-1,-1
18,2,266.00,84.00,292.00,169.00,0.88,-1,-1,-1
19,1,449.00,59.00,418.00,218.00,0.89,-1,-1,-1
19,2,267.00,84.00,291.00,169.00,0.88,-1,-1,-1
20,1,449.00,59.00,418.00,218.00,0.89,-1,-1,-1
20,2,267.00,84.00,291.00,169.00,0.88,-1,-1,-1
21,1,449.00,59.00,418.00,218.00,0.89,-1,-1,-1
21,2,267.00,84.00,291.00,169.00,0.88,-1,-1,-1
22,1,449.00,59.00,418.00,218.00,0.89,-1,-1,-1
22,2,267.00,84.00,291.00,169.00,0.88,-1,-1,-1
23,1,449.00,59.00,418.00,218.00,0.89,-1,-1,-1
23,2,267.00,84.00,290.00,169.00,0.88,-1,-1,-1
24,1,449.00,59.00,418.00,218.00,0.89,-1,-1,-1
24,2,267.00,84.00,290.00,169.00,0.87,-1,-1,-1
25,1,449.00,59.00,418.00,218.00,0.89,-1,-1,-1
25,2,267.00,84.00,290.00,169.00,0.87,-1,-1,-1
26,1,449.00,59.00,418.00,218.00,0.89,-1,-1,-1
26,2,267.00,84.00,290.00,169.00,0.87,-1,-1,-1
27,1,449.00,59.00,418.00,218.00,0.89,-1,-1,-1
27,2,267.00,84.00,290.00,169.00,0.87,-1,-1,-1
28,1,449.00,59.00,418.00,218.00,0.89,-1,-1,-1
28,2,267.00,84.00,290.00,169.00,0.87,-1,-1,-1
29,1,449.00,59.00,419.00,218.00,0.89,-1,-1,-1
29,2,268.00,84.00,290.00,169.00,0.88,-1,-1,-1
30,1,449.00,59.00,419.00,218.00,0.89,-1,-1,-1
30,2,269.00,84.00,289.00,169.00,0.88,-1,-1,-1
31,1,449.00,58.00,419.00,219.00,0.88,-1,-1,-1
31,2,269.00,84.00,289.00,169.00,0.88,-1,-1,-1
32,1,449.00,58.00,419.00,219.00,0.89,-1,-1,-1
32,2,269.00,84.00,289.00,168.00,0.88,-1,-1,-1
33,1,449.00,58.00,419.00,219.00,0.89,-1,-1,-1
33,2,269.00,84.00,289.00,168.00,0.88,-1,-1,-1
34,1,449.00,59.00,419.00,218.00,0.89,-1,-1,-1
34,2,269.00,84.00,290.00,168.00,0.88,-1,-1,-1
35,1,449.00,59.00,419.00,218.00,0.89,-1,-1,-1
35,2,269.00,84.00,290.00,168.00,0.88,-1,-1,-1
36,1,449.00,58.00,419.00,219.00,0.89,-1,-1,-1
36,2,269.00,84.00,290.00,168.00,0.88,-1,-1,-1
37,1,449.00,58.00,419.00,219.00,0.89,-1,-1,-1
37,2,269.00,84.00,290.00,168.00,0.88,-1,-1,-1
38,1,449.00,58.00,419.00,219.00,0.89,-1,-1,-1
38,2,269.00,84.00,290.00,168.00,0.88,-1,-1,-1
39,1,449.00,58.00,419.00,219.00,0.89,-1,-1,-1
39,2,269.00,84.00,290.00,168.00,0.88,-1,-1,-1
40,1,449.00,58.00,418.00,219.00,0.89,-1,-1,-1
40,2,269.00,84.00,290.00,168.00,0.88,-1,-1,-1
41,1,449.00,58.00,418.00,219.00,0.89,-1,-1,-1
41,2,269.00,84.00,289.00,168.00,0.88,-1,-1,-1
42,1,449.00,59.00,418.00,218.00,0.89,-1,-1,-1
42,2,269.00,84.00,290.00,168.00,0.88,-1,-1,-1
43,1,449.00,59.00,418.00,218.00,0.89,-1,-1,-1
43,2,269.00,84.00,290.00,168.00,0.88,-1,-1,-1
44,1,449.00,59.00,418.00,218.00,0.89,-1,-1,-1
44,2,269.00,84.00,289.00,168.00,0.88,-1,-1,-1
45,1,449.00,59.00,418.00,218.00,0.89,-1,-1,-1
45,2,269.00,84.00,290.00,168.00,0.88,-1,-1,-1
46,1,449.00,59.00,418.00,218.00,0.89,-1,-1,-1
46,2,269.00,84.00,290.00,168.00,0.88,-1,-1,-1
47,1,449.00,59.00,418.00,218.00,0.88,-1,-1,-1
47,2,269.00,84.00,290.00,168.00,0.88,-1,-1,-1
48,1,449.00,59.00,418.00,218.00,0.89,-1,-1,-1
48,2,269.00,84.00,290.00,168.00,0.88,-1,-1,-1
49,1,449.00,59.00,418.00,218.00,0.88,-1,-1,-1
49,2,269.00,84.00,290.00,168.00,0.88,-1,-1,-1
50,1,449.00,59.00,418.00,218.00,0.88,-1,-1,-1
50,2,269.00,84.00,290.00,168.00,0.88,-1,-1,-1
51,1,449.00,59.00,418.00,218.00,0.89,-1,-1,-1
51,2,269.00,84.00,290.00,168.00,0.88,-1,-1,-1
52,1,449.00,59.00,418.00,218.00,0.89,-1,-1,-1
52,2,269.00,84.00,290.00,168.00,0.88,-1,-1,-1
53,1,449.00,59.00,418.00,218.00,0.87,-1,-1,-1
53,2,269.00,84.00,290.00,168.00,0.88,-1,-1,-1
54,1,449.00,59.00,418.00,218.00,0.87,-1,-1,-1
54,2,269.00,84.00,290.00,168.00,0.88,-1,-1,-1
55,1,449.00,59.00,418.00,218.00,0.88,-1,-1,-1
55,2,268.00,84.00,291.00,168.00,0.88,-1,-1,-1
56,1,449.00,60.00,418.00,217.00,0.89,-1,-1,-1
56,2,269.00,84.00,290.00,168.00,0.88,-1,-1,-1
57,1,449.00,59.00,418.00,218.00,0.89,-1,-1,-1
57,2,269.00,84.00,290.00,167.00,0.88,-1,-1,-1
58,1,449.00,59.00,418.00,218.00,0.88,-1,-1,-1
58,2,269.00,84.00,290.00,167.00,0.88,-1,-1,-1
59,1,449.00,59.00,418.00,218.00,0.87,-1,-1,-1
59,2,269.00,84.00,289.00,168.00,0.88,-1,-1,-1
60,1,449.00,59.00,418.00,218.00,0.87,-1,-1,-1
60,2,269.00,84.00,289.00,168.00,0.88,-1,-1,-1
61,1,449.00,59.00,418.00,218.00,0.89,-1,-1,-1
61,2,269.00,84.00,289.00,168.00,0.88,-1,-1,-1
62,1,449.00,59.00,418.00,218.00,0.89,-1,-1,-1
62,2,269.00,84.00,289.00,168.00,0.88,-1,-1,-1
63,1,449.00,59.00,418.00,218.00,0.89,-1,-1,-1
63,2,269.00,84.00,289.00,168.00,0.88,-1,-1,-1
64,1,449.00,59.00,418.00,218.00,0.89,-1,-1,-1
64,2,269.00,84.00,289.00,168.00,0.88,-1,-1,-1
65,1,449.00,60.00,418.00,217.00,0.89,-1,-1,-1
65,2,269.00,84.00,289.00,168.00,0.88,-1,-1,-1
66,1,449.00,59.00,418.00,218.00,0.89,-1,-1,-1
66,2,269.00,84.00,289.00,168.00,0.88,-1,-1,-1
67,1,449.00,60.00,418.00,217.00,0.88,-1,-1,-1
67,2,269.00,84.00,289.00,168.00,0.88,-1,-1,-1
68,1,449.00,59.00,418.00,218.00,0.88,-1,-1,-1
68,2,268.00,84.00,290.00,168.00,0.88,-1,-1,-1
69,1,449.00,59.00,418.00,218.00,0.88,-1,-1,-1
69,2,268.00,84.00,290.00,168.00,0.88,-1,-1,-1
70,1,449.00,59.00,418.00,218.00,0.88,-1,-1,-1
70,2,268.00,84.00,290.00,168.00,0.88,-1,-1,-1
71,1,449.00,59.00,418.00,218.00,0.89,-1,-1,-1
71,2,268.00,84.00,290.00,168.00,0.88,-1,-1,-1
72,1,449.00,59.00,418.00,218.00,0.89,-1,-1,-1
72,2,268.00,84.00,290.00,168.00,0.88,-1,-1,-1
73,1,449.00,59.00,418.00,218.00,0.89,-1,-1,-1
73,2,269.00,84.00,289.00,168.00,0.88,-1,-1,-1
74,1,449.00,59.00,418.00,218.00,0.88,-1,-1,-1
74,2,268.00,84.00,290.00,168.00,0.88,-1,-1,-1
75,1,449.00,59.00,418.00,218.00,0.88,-1,-1,-1
75,2,268.00,84.00,290.00,168.00,0.88,-1,-1,-1
76,1,449.00,59.00,418.00,218.00,0.88,-1,-1,-1
76,2,268.00,84.00,290.00,168.00,0.88,-1,-1,-1
77,1,449.00,59.00,418.00,218.00,0.88,-1,-1,-1
77,2,268.00,84.00,290.00,168.00,0.88,-1,-1,-1
78,1,449.00,59.00,418.00,219.00,0.87,-1,-1,-1
78,2,268.00,84.00,290.00,168.00,0.88,-1,-1,-1
79,1,449.00,59.00,418.00,219.00,0.86,-1,-1,-1
79,2,268.00,84.00,290.00,168.00,0.88,-1,-1,-1
80,1,448.00,59.00,419.00,219.00,0.89,-1,-1,-1
80,2,269.00,84.00,289.00,168.00,0.88,-1,-1,-1
81,1,448.00,59.00,419.00,219.00,0.88,-1,-1,-1
81,2,269.00,84.00,289.00,168.00,0.88,-1,-1,-1
82,1,448.00,59.00,419.00,219.00,0.88,-1,-1,-1
82,2,269.00,84.00,289.00,168.00,0.88,-1,-1,-1
83,1,448.00,59.00,419.00,219.00,0.86,-1,-1,-1
83,2,269.00,84.00,289.00,168.00,0.88,-1,-1,-1
84,1,448.00,59.00,420.00,219.00,0.85,-1,-1,-1
84,2,269.00,84.00,289.00,168.00,0.88,-1,-1,-1
85,1,448.00,59.00,420.00,219.00,0.85,-1,-1,-1
85,2,269.00,84.00,289.00,168.00,0.88,-1,-1,-1
86,1,448.00,59.00,420.00,219.00,0.87,-1,-1,-1
86,2,269.00,84.00,289.00,168.00,0.88,-1,-1,-1
87,1,448.00,59.00,419.00,219.00,0.88,-1,-1,-1
87,2,269.00,84.00,289.00,168.00,0.88,-1,-1,-1
88,1,448.00,59.00,419.00,219.00,0.89,-1,-1,-1
88,2,269.00,84.00,289.00,168.00,0.88,-1,-1,-1
89,1,448.00,58.00,420.00,220.00,0.88,-1,-1,-1
89,2,268.00,84.00,290.00,168.00,0.88,-1,-1,-1
90,1,448.00,58.00,420.00,219.00,0.88,-1,-1,-1
90,2,268.00,84.00,290.00,169.00,0.88,-1,-1,-1
91,1,447.00,57.00,422.00,220.00,0.89,-1,-1,-1
91,2,268.00,84.00,290.00,169.00,0.88,-1,-1,-1
92,1,447.00,56.00,422.00,221.00,0.90,-1,-1,-1
92,2,268.00,84.00,290.00,169.00,0.88,-1,-1,-1
93,1,448.00,57.00,421.00,220.00,0.90,-1,-1,-1
93,2,268.00,84.00,290.00,169.00,0.88,-1,-1,-1
94,1,448.00,57.00,421.00,220.00,0.89,-1,-1,-1
94,2,268.00,84.00,290.00,169.00,0.88,-1,-1,-1
95,1,449.00,58.00,419.00,220.00,0.91,-1,-1,-1
95,2,268.00,84.00,290.00,169.00,0.87,-1,-1,-1
96,1,449.00,58.00,419.00,220.00,0.90,-1,-1,-1
96,2,268.00,84.00,290.00,169.00,0.87,-1,-1,-1
97,1,449.00,58.00,419.00,220.00,0.90,-1,-1,-1
97,2,268.00,84.00,290.00,169.00,0.87,-1,-1,-1
98,1,449.00,58.00,419.00,220.00,0.90,-1,-1,-1
98,2,268.00,84.00,290.00,169.00,0.88,-1,-1,-1
99,1,448.00,58.00,420.00,220.00,0.90,-1,-1,-1
99,2,268.00,84.00,290.00,169.00,0.87,-1,-1,-1
100,1,448.00,57.00,420.00,221.00,0.90,-1,-1,-1
100,2,268.00,84.00,290.00,169.00,0.88,-1,-1,-1
101,1,448.00,57.00,420.00,221.00,0.89,-1,-1,-1
101,2,268.00,84.00,290.00,169.00,0.88,-1,-1,-1
102,1,448.00,58.00,419.00,220.00,0.90,-1,-1,-1
102,2,268.00,84.00,290.00,169.00,0.88,-1,-1,-1
103,1,448.00,58.00,420.00,220.00,0.90,-1,-1,-1
103,2,268.00,84.00,289.00,169.00,0.88,-1,-1,-1
104,1,448.00,58.00,420.00,220.00,0.90,-1,-1,-1
104,2,268.00,84.00,289.00,169.00,0.88,-1,-1,-1
105,1,448.00,58.00,420.00,220.00,0.89,-1,-1,-1
105,2,268.00,84.00,289.00,169.00,0.88,-1,-1,-1
106,1,449.00,58.00,419.00,220.00,0.90,-1,-1,-1
106,2,268.00,84.00,289.00,169.00,0.87,-1,-1,-1
107,1,449.00,58.00,419.00,220.00,0.90,-1,-1,-1
107,2,268.00,84.00,289.00,169.00,0.87,-1,-1,-1
108,1,449.00,58.00,419.00,220.00,0.90,-1,-1,-1
108,2,268.00,84.00,289.00,168.00,0.88,-1,-1,-1
109,1,449.00,58.00,419.00,220.00,0.90,-1,-1,-1
109,2,268.00,84.00,289.00,168.00,0.88,-1,-1,-1
110,1,449.00,58.00,419.00,220.00,0.90,-1,-1,-1
110,2,268.00,84.00,289.00,168.00,0.88,-1,-1,-1
111,1,449.00,58.00,418.00,220.00,0.90,-1,-1,-1
111,2,268.00,84.00,289.00,168.00,0.88,-1,-1,-1
112,1,448.00,58.00,419.00,220.00,0.89,-1,-1,-1
112,2,268.00,84.00,289.00,168.00,0.87,-1,-1,-1
113,1,448.00,58.00,419.00,220.00,0.90,-1,-1,-1
113,2,268.00,84.00,289.00,168.00,0.87,-1,-1,-1
114,1,448.00,57.00,419.00,221.00,0.90,-1,-1,-1
114,2,268.00,84.00,289.00,168.00,0.87,-1,-1,-1
115,1,448.00,58.00,419.00,220.00,0.90,-1,-1,-1
115,2,268.00,84.00,289.00,168.00,0.87,-1,-1,-1
116,1,448.00,58.00,419.00,220.00,0.90,-1,-1,-1
116,2,268.00,84.00,289.00,168.00,0.87,-1,-1,-1
117,1,448.00,58.00,419.00,220.00,0.90,-1,-1,-1
117,2,268.00,83.00,289.00,169.00,0.87,-1,-1,-1
118,1,448.00,57.00,419.00,221.00,0.91,-1,-1,-1
118,2,268.00,83.00,289.00,169.00,0.87,-1,-1,-1
119,1,449.00,58.00,418.00,220.00,0.90,-1,-1,-1
119,2,269.00,83.00,289.00,170.00,0.87,-1,-1,-1
120,1,449.00,58.00,418.00,220.00,0.90,-1,-1,-1
120,2,269.00,83.00,289.00,170.00,0.87,-1,-1,-1
121,1,449.00,58.00,417.00,219.00,0.89,-1,-1,-1
121,2,269.00,83.00,290.00,170.00,0.87,-1,-1,-1
122,1,450.00,59.00,416.00,218.00,0.89,-1,-1,-1
122,2,269.00,83.00,290.00,170.00,0.88,-1,-1,-1
123,1,449.00,59.00,417.00,219.00,0.90,-1,-1,-1
123,2,269.00,83.00,290.00,170.00,0.87,-1,-1,-1
124,1,449.00,59.00,417.00,219.00,0.90,-1,-1,-1
124,2,269.00,83.00,290.00,170.00,0.87,-1,-1,-1
125,1,450.00,60.00,415.00,218.00,0.90,-1,-1,-1
125,2,269.00,83.00,290.00,170.00,0.87,-1,-1,-1
126,1,450.00,60.00,416.00,218.00,0.90,-1,-1,-1
126,2,268.00,83.00,291.00,170.00,0.87,-1,-1,-1
127,1,450.00,60.00,416.00,218.00,0.90,-1,-1,-1
127,2,269.00,83.00,290.00,170.00,0.87,-1,-1,-1
128,1,449.00,60.00,417.00,217.00,0.90,-1,-1,-1
128,2,269.00,83.00,290.00,170.00,0.87,-1,-1,-1
129,1,449.00,60.00,417.00,217.00,0.90,-1,-1,-1
129,2,269.00,83.00,290.00,170.00,0.87,-1,-1,-1
130,1,449.00,59.00,417.00,218.00,0.90,-1,-1,-1
130,2,268.00,83.00,291.00,170.00,0.87,-1,-1,-1
131,1,450.00,60.00,416.00,217.00,0.90,-1,-1,-1
131,2,268.00,83.00,291.00,170.00,0.87,-1,-1,-1
132,1,450.00,60.00,416.00,217.00,0.90,-1,-1,-1
132,2,268.00,83.00,291.00,170.00,0.87,-1,-1,-1
133,1,449.00,59.00,417.00,218.00,0.90,-1,-1,-1
133,2,268.00,83.00,291.00,170.00,0.87,-1,-1,-1
134,1,449.00,59.00,418.00,218.00,0.90,-1,-1,-1
134,2,268.00,83.00,291.00,170.00,0.87,-1,-1,-1
135,1,448.00,58.00,419.00,219.00,0.91,-1,-1,-1
135,2,268.00,83.00,291.00,170.00,0.87,-1,-1,-1
136,1,449.00,59.00,418.00,218.00,0.91,-1,-1,-1
136,2,268.00,83.00,291.00,170.00,0.87,-1,-1,-1
137,1,449.00,59.00,417.00,218.00,0.91,-1,-1,-1
137,2,268.00,83.00,291.00,170.00,0.87,-1,-1,-1
138,1,449.00,60.00,417.00,217.00,0.90,-1,-1,-1
138,2,268.00,83.00,291.00,170.00,0.87,-1,-1,-1
139,1,449.00,60.00,417.00,217.00,0.89,-1,-1,-1
139,2,268.00,83.00,290.00,170.00,0.87,-1,-1,-1
140,1,450.00,61.00,416.00,216.00,0.89,-1,-1,-1
140,2,268.00,83.00,291.00,170.00,0.87,-1,-1,-1
141,1,450.00,60.00,416.00,217.00,0.90,-1,-1,-1
141,2,268.00,83.00,291.00,170.00,0.87,-1,-1,-1
142,1,450.00,60.00,416.00,217.00,0.90,-1,-1,-1
142,2,268.00,83.00,291.00,170.00,0.87,-1,-1,-1
143,1,450.00,61.00,416.00,216.00,0.90,-1,-1,-1
143,2,269.00,83.00,290.00,170.00,0.87,-1,-1,-1
144,1,450.00,61.00,416.00,216.00,0.90,-1,-1,-1
144,2,269.00,83.00,291.00,170.00,0.87,-1,-1,-1
145,1,450.00,61.00,416.00,216.00,0.89,-1,-1,-1
145,2,269.00,83.00,292.00,170.00,0.87,-1,-1,-1
146,1,450.00,60.00,416.00,217.00,0.88,-1,-1,-1
146,2,269.00,83.00,292.00,170.00,0.87,-1,-1,-1
147,1,450.00,61.00,416.00,216.00,0.88,-1,-1,-1
147,2,268.00,83.00,291.00,170.00,0.87,-1,-1,-1
148,1,451.00,62.00,414.00,215.00,0.88,-1,-1,-1
148,2,267.00,83.00,291.00,170.00,0.87,-1,-1,-1
149,1,452.00,63.00,412.00,214.00,0.90,-1,-1,-1
149,2,266.00,83.00,292.00,170.00,0.86,-1,-1,-1
150,1,452.00,63.00,413.00,214.00,0.89,-1,-1,-1
150,2,266.00,83.00,292.00,171.00,0.87,-1,-1,-1
151,1,451.00,62.00,414.00,215.00,0.89,-1,-1,-1
151,2,265.00,83.00,292.00,171.00,0.87,-1,-1,-1
152,1,451.00,63.00,414.00,214.00,0.89,-1,-1,-1
152,2,265.00,83.00,291.00,171.00,0.87,-1,-1,-1
153,1,451.00,63.00,414.00,214.00,0.89,-1,-1,-1
153,2,265.00,83.00,291.00,171.00,0.87,-1,-1,-1
154,1,452.00,63.00,413.00,214.00,0.90,-1,-1,-1
154,2,265.00,83.00,290.00,171.00,0.87,-1,-1,-1
155,1,451.00,63.00,414.00,214.00,0.88,-1,-1,-1
155,2,265.00,83.00,290.00,171.00,0.87,-1,-1,-1
156,1,450.00,62.00,416.00,215.00,0.88,-1,-1,-1
156,2,265.00,83.00,290.00,171.00,0.87,-1,-1,-1
157,1,450.00,62.00,416.00,215.00,0.89,-1,-1,-1
157,2,266.00,83.00,289.00,171.00,0.87,-1,-1,-1
158,1,450.00,62.00,417.00,215.00,0.89,-1,-1,-1
158,2,266.00,83.00,289.00,171.00,0.87,-1,-1,-1
159,1,450.00,62.00,416.00,215.00,0.89,-1,-1,-1
159,2,267.00,83.00,289.00,171.00,0.86,-1,-1,-1
160,1,450.00,63.00,416.00,214.00,0.88,-1,-1,-1
160,2,267.00,83.00,289.00,171.00,0.86,-1,-1,-1
161,1,450.00,63.00,416.00,214.00,0.88,-1,-1,-1
161,2,266.00,83.00,289.00,171.00,0.86,-1,-1,-1
162,1,450.00,62.00,417.00,215.00,0.88,-1,-1,-1
162,2,267.00,83.00,289.00,171.00,0.86,-1,-1,-1
163,1,449.00,62.00,418.00,215.00,0.88,-1,-1,-1
163,2,268.00,84.00,288.00,170.00,0.86,-1,-1,-1
164,1,449.00,62.00,418.00,215.00,0.89,-1,-1,-1
164,2,269.00,84.00,288.00,170.00,0.86,-1,-1,-1
165,1,449.00,61.00,418.00,216.00,0.89,-1,-1,-1
165,2,269.00,84.00,289.00,170.00,0.86,-1,-1,-1
166,1,448.00,61.00,419.00,216.00,0.89,-1,-1,-1
166,2,269.00,84.00,289.00,170.00,0.86,-1,-1,-1
167,1,448.00,61.00,419.00,216.00,0.88,-1,-1,-1
167,2,268.00,84.00,289.00,170.00,0.87,-1,-1,-1
168,1,448.00,61.00,420.00,216.00,0.88,-1,-1,-1
168,2,268.00,84.00,289.00,170.00,0.87,-1,-1,-1
169,1,448.00,60.00,420.00,217.00,0.88,-1,-1,-1
169,2,268.00,85.00,289.00,169.00,0.87,-1,-1,-1
170,1,448.00,61.00,420.00,216.00,0.88,-1,-1,-1
170,2,267.00,85.00,289.00,169.00,0.87,-1,-1,-1
171,1,449.00,61.00,418.00,216.00,0.88,-1,-1,-1
171,2,267.00,84.00,289.00,170.00,0.87,-1,-1,-1
172,1,449.00,61.00,418.00,216.00,0.88,-1,-1,-1
172,2,266.00,84.00,289.00,170.00,0.87,-1,-1,-1
173,1,448.00,61.00,420.00,216.00,0.87,-1,-1,-1
173,2,266.00,84.00,290.00,170.00,0.87,-1,-1,-1
174,1,448.00,61.00,420.00,216.00,0.86,-1,-1,-1
174,2,267.00,84.00,288.00,170.00,0.87,-1,-1,-1
175,1,449.00,62.00,418.00,215.00,0.86,-1,-1,-1
175,2,267.00,85.00,288.00,169.00,0.87,-1,-1,-1
176,1,450.00,62.00,417.00,215.00,0.88,-1,-1,-1
176,2,267.00,85.00,289.00,169.00,0.87,-1,-1,-1
177,1,450.00,62.00,417.00,215.00,0.89,-1,-1,-1
177,2,267.00,85.00,289.00,169.00,0.86,-1,-1,-1
178,1,450.00,62.00,417.00,215.00,0.89,-1,-1,-1
178,2,267.00,85.00,290.00,169.00,0.86,-1,-1,-1
179,1,448.00,60.00,421.00,217.00,0.88,-1,-1,-1
179,2,268.00,85.00,287.00,168.00,0.86,-1,-1,-1
180,1,448.00,60.00,421.00,217.00,0.88,-1,-1,-1
180,2,268.00,85.00,287.00,168.00,0.86,-1,-1,-1
181,1,448.00,60.00,421.00,217.00,0.88,-1,-1,-1
181,2,269.00,85.00,287.00,168.00,0.85,-1,-1,-1
182,1,448.00,60.00,421.00,218.00,0.88,-1,-1,-1
182,2,269.00,85.00,287.00,168.00,0.85,-1,-1,-1
183,1,448.00,60.00,421.00,218.00,0.87,-1,-1,-1
183,2,269.00,84.00,289.00,169.00,0.85,-1,-1,-1
184,1,448.00,60.00,420.00,218.00,0.87,-1,-1,-1
184,2,269.00,84.00,289.00,169.00,0.85,-1,-1,-1
185,1,448.00,60.00,420.00,218.00,0.87,-1,-1,-1
185,2,269.00,84.00,289.00,169.00,0.85,-1,-1,-1
186,1,448.00,60.00,420.00,218.00,0.87,-1,-1,-1
186,2,268.00,85.00,289.00,168.00,0.85,-1,-1,-1
187,1,448.00,60.00,420.00,218.00,0.87,-1,-1,-1
187,2,267.00,85.00,290.00,168.00,0.86,-1,-1,-1
188,1,448.00,60.00,420.00,218.00,0.87,-1,-1,-1
188,2,267.00,84.00,290.00,169.00,0.87,-1,-1,-1
189,1,448.00,60.00,420.00,218.00,0.87,-1,-1,-1
189,2,267.00,84.00,290.00,169.00,0.87,-1,-1,-1
190,1,448.00,60.00,420.00,218.00,0.88,-1,-1,-1
190,2,267.00,84.00,290.00,169.00,0.87,-1,-1,-1
191,1,448.00,59.00,420.00,219.00,0.88,-1,-1,-1
191,2,267.00,84.00,290.00,169.00,0.86,-1,-1,-1
192,1,448.00,59.00,420.00,219.00,0.88,-1,-1,-1
192,2,267.00,84.00,290.00,169.00,0.86,-1,-1,-1
192,3,441.00,45.00,183.00,52.00,0.30,-1,-1,-1
193,1,448.00,59.00,420.00,219.00,0.87,-1,-1,-1
193,2,267.00,84.00,290.00,169.00,0.86,-1,-1,-1
193,3,439.00,46.00,182.00,51.00,0.33,-1,-1,-1
194,1,448.00,59.00,420.00,219.00,0.88,-1,-1,-1
194,2,267.00,84.00,290.00,169.00,0.86,-1,-1,-1
194,3,438.00,45.00,183.00,52.00,0.29,-1,-1,-1
195,1,448.00,59.00,420.00,219.00,0.88,-1,-1,-1
195,2,267.00,84.00,290.00,169.00,0.85,-1,-1,-1
195,3,436.00,46.00,183.00,51.00,0.27,-1,-1,-1
196,1,448.00,59.00,420.00,219.00,0.88,-1,-1,-1
196,2,268.00,84.00,290.00,169.00,0.85,-1,-1,-1
196,3,434.00,46.00,184.00,51.00,0.25,-1,-1,-1
197,1,449.00,59.00,419.00,219.00,0.88,-1,-1,-1
197,2,270.00,85.00,288.00,168.00,0.85,-1,-1,-1
197,3,435.00,46.00,185.00,52.00,0.15,-1,-1,-1
198,1,449.00,59.00,419.00,219.00,0.87,-1,-1,-1
198,2,270.00,84.00,290.00,169.00,0.85,-1,-1,-1
198,3,436.00,46.00,185.00,52.00,0.13,-1,-1,-1
199,1,449.00,59.00,419.00,219.00,0.87,-1,-1,-1
199,2,270.00,84.00,291.00,169.00,0.85,-1,-1,-1
199,3,435.00,46.00,185.00,52.00,0.13,-1,-1,-1
200,1,449.00,59.00,419.00,219.00,0.87,-1,-1,-1
200,2,270.00,84.00,292.00,169.00,0.85,-1,-1,-1
200,3,433.00,47.00,182.00,50.00,0.12,-1,-1,-1
201,1,449.00,59.00,419.00,219.00,0.87,-1,-1,-1
201,2,270.00,84.00,292.00,169.00,0.85,-1,-1,-1
201,3,433.00,47.00,180.00,49.00,0.12,-1,-1,-1
202,1,449.00,59.00,419.00,219.00,0.87,-1,-1,-1
202,2,269.00,84.00,293.00,169.00,0.85,-1,-1,-1
202,3,431.00,47.00,178.00,48.00,0.11,-1,-1,-1
203,1,449.00,59.00,419.00,219.00,0.88,-1,-1,-1
203,2,269.00,83.00,293.00,170.00,0.85,-1,-1,-1
204,1,449.00,59.00,419.00,219.00,0.88,-1,-1,-1
204,2,269.00,84.00,294.00,169.00,0.85,-1,-1,-1
205,1,449.00,59.00,419.00,219.00,0.88,-1,-1,-1
205,2,269.00,84.00,294.00,169.00,0.85,-1,-1,-1
206,1,449.00,59.00,419.00,219.00,0.88,-1,-1,-1
206,2,269.00,83.00,294.00,170.00,0.85,-1,-1,-1
207,1,448.00,58.00,420.00,220.00,0.88,-1,-1,-1
207,2,269.00,83.00,295.00,170.00,0.85,-1,-1,-1
208,1,448.00,58.00,420.00,220.00,0.88,-1,-1,-1
208,2,269.00,83.00,295.00,170.00,0.85,-1,-1,-1
209,1,449.00,59.00,418.00,219.00,0.89,-1,-1,-1
209,2,268.00,83.00,295.00,170.00,0.83,-1,-1,-1
210,1,449.00,59.00,418.00,219.00,0.90,-1,-1,-1
210,2,267.00,83.00,295.00,170.00,0.83,-1,-1,-1
211,1,450.00,60.00,417.00,218.00,0.90,-1,-1,-1
211,2,267.00,84.00,295.00,169.00,0.83,-1,-1,-1
212,1,450.00,60.00,417.00,218.00,0.90,-1,-1,-1
212,2,267.00,84.00,295.00,169.00,0.82,-1,-1,-1
213,1,449.00,60.00,418.00,218.00,0.90,-1,-1,-1
213,2,267.00,84.00,294.00,169.00,0.82,-1,-1,-1
214,1,449.00,60.00,418.00,218.00,0.90,-1,-1,-1
214,2,267.00,85.00,291.00,168.00,0.83,-1,-1,-1
215,1,449.00,60.00,418.00,218.00,0.90,-1,-1,-1
215,2,267.00,85.00,290.00,168.00,0.83,-1,-1,-1
216,1,449.00,60.00,418.00,218.00,0.89,-1,-1,-1
216,2,266.00,84.00,291.00,169.00,0.83,-1,-1,-1
216,60,344.00,50.00,161.00,71.00,0.34,-1,-1,-1
217,1,449.00,59.00,418.00,219.00,0.90,-1,-1,-1
217,2,267.00,85.00,290.00,168.00,0.85,-1,-1,-1
217,60,331.00,49.00,185.00,82.00,0.31,-1,-1,-1
218,1,449.00,60.00,418.00,218.00,0.90,-1,-1,-1
218,2,267.00,85.00,289.00,168.00,0.82,-1,-1,-1
218,60,320.00,49.00,202.00,90.00,0.28,-1,-1,-1
219,1,449.00,59.00,418.00,219.00,0.90,-1,-1,-1
219,2,268.00,85.00,288.00,168.00,0.83,-1,-1,-1
219,60,313.00,48.00,210.00,95.00,0.28,-1,-1,-1
220,1,449.00,59.00,418.00,219.00,0.90,-1,-1,-1
220,2,268.00,85.00,288.00,168.00,0.82,-1,-1,-1
220,60,324.00,49.00,212.00,95.00,0.28,-1,-1,-1
221,1,449.00,60.00,418.00,218.00,0.90,-1,-1,-1
221,2,269.00,85.00,287.00,168.00,0.83,-1,-1,-1
221,60,338.00,48.00,215.00,96.00,0.25,-1,-1,-1
222,1,449.00,60.00,418.00,218.00,0.90,-1,-1,-1
222,2,270.00,86.00,287.00,167.00,0.82,-1,-1,-1
222,60,344.00,50.00,215.00,94.00,0.37,-1,-1,-1
223,1,449.00,60.00,418.00,218.00,0.90,-1,-1,-1
223,2,271.00,86.00,287.00,167.00,0.80,-1,-1,-1
223,60,346.00,51.00,214.00,93.00,0.41,-1,-1,-1
224,1,449.00,60.00,418.00,218.00,0.90,-1,-1,-1
224,2,271.00,86.00,287.00,167.00,0.82,-1,-1,-1
224,60,345.00,51.00,215.00,93.00,0.30,-1,-1,-1
225,1,449.00,60.00,418.00,218.00,0.90,-1,-1,-1
225,2,271.00,86.00,287.00,167.00,0.82,-1,-1,-1
225,60,343.00,50.00,218.00,93.00,0.22,-1,-1,-1
225,72,327.00,51.00,166.00,91.00,0.32,-1,-1,-1
226,1,449.00,60.00,418.00,218.00,0.90,-1,-1,-1
226,2,271.00,86.00,287.00,167.00,0.83,-1,-1,-1
226,60,337.00,48.00,225.00,95.00,0.28,-1,-1,-1
226,72,328.00,51.00,165.00,91.00,0.27,-1,-1,-1
226,74,326.00,1.00,247.00,138.00,0.38,-1,-1,-1
227,1,449.00,60.00,418.00,218.00,0.91,-1,-1,-1
227,2,270.00,86.00,287.00,167.00,0.83,-1,-1,-1
227,60,328.00,42.00,238.00,102.00,0.21,-1,-1,-1
227,72,324.00,53.00,165.00,90.00,0.39,-1,-1,-1
227,74,324.00,1.00,247.00,138.00,0.33,-1,-1,-1
228,1,449.00,60.00,418.00,218.00,0.91,-1,-1,-1
228,2,270.00,86.00,287.00,167.00,0.83,-1,-1,-1
228,60,310.00,44.00,231.00,100.00,0.19,-1,-1,-1
228,72,321.00,53.00,165.00,90.00,0.43,-1,-1,-1
228,74,317.00,1.00,254.00,142.00,0.21,-1,-1,-1
229,1,449.00,60.00,418.00,218.00,0.91,-1,-1,-1
229,2,270.00,86.00,287.00,167.00,0.83,-1,-1,-1
229,60,302.00,40.00,237.00,103.00,0.21,-1,-1,-1
229,72,320.00,53.00,164.00,90.00,0.39,-1,-1,-1
229,74,315.00,1.00,255.00,143.00,0.25,-1,-1,-1
230,1,449.00,60.00,418.00,218.00,0.91,-1,-1,-1
230,2,270.00,86.00,287.00,167.00,0.83,-1,-1,-1
230,72,319.00,53.00,164.00,91.00,0.34,-1,-1,-1
230,74,313.00,1.00,257.00,144.00,0.32,-1,-1,-1
231,1,449.00,60.00,418.00,218.00,0.90,-1,-1,-1
231,2,270.00,86.00,287.00,167.00,0.83,-1,-1,-1
231,72,321.00,54.00,164.00,89.00,0.22,-1,-1,-1
231,74,312.00,0.00,256.00,144.00,0.44,-1,-1,-1
232,1,449.00,60.00,418.00,218.00,0.91,-1,-1,-1
232,2,270.00,86.00,287.00,166.00,0.83,-1,-1,-1
232,72,319.00,54.00,165.00,90.00,0.23,-1,-1,-1
232,74,311.00,0.00,256.00,145.00,0.42,-1,-1,-1
233,1,449.00,60.00,418.00,218.00,0.91,-1,-1,-1
233,2,271.00,86.00,286.00,166.00,0.82,-1,-1,-1
233,72,312.00,53.00,168.00,92.00,0.28,-1,-1,-1
233,74,310.00,0.00,256.00,145.00,0.42,-1,-1,-1
234,1,449.00,60.00,419.00,218.00,0.90,-1,-1,-1
234,2,271.00,86.00,287.00,166.00,0.83,-1,-1,-1
234,72,310.00,53.00,169.00,92.00,0.26,-1,-1,-1
234,74,310.00,0.00,256.00,145.00,0.40,-1,-1,-1
235,1,449.00,60.00,419.00,218.00,0.91,-1,-1,-1
235,2,270.00,86.00,288.00,167.00,0.83,-1,-1,-1
235,72,307.00,53.00,170.00,93.00,0.35,-1,-1,-1
235,74,309.00,0.00,256.00,145.00,0.34,-1,-1,-1
236,1,449.00,60.00,419.00,218.00,0.90,-1,-1,-1
236,2,270.00,86.00,288.00,167.00,0.83,-1,-1,-1
236,72,304.00,53.00,172.00,94.00,0.43,-1,-1,-1
236,74,308.00,0.00,258.00,146.00,0.22,-1,-1,-1
237,1,449.00,60.00,419.00,218.00,0.90,-1,-1,-1
237,2,270.00,86.00,287.00,167.00,0.84,-1,-1,-1
237,72,303.00,53.00,172.00,94.00,0.39,-1,-1,-1
237,74,307.00,0.00,259.00,147.00,0.24,-1,-1,-1
238,1,448.00,60.00,420.00,218.00,0.90,-1,-1,-1
238,2,270.00,85.00,287.00,168.00,0.84,-1,-1,-1
238,72,303.00,53.00,171.00,94.00,0.41,-1,-1,-1
238,74,307.00,0.00,258.00,147.00,0.23,-1,-1,-1
239,1,448.00,59.00,420.00,218.00,0.88,-1,-1,-1
239,2,270.00,86.00,287.00,166.00,0.86,-1,-1,-1
239,72,301.00,54.00,169.00,93.00,0.61,-1,-1,-1
240,1,448.00,59.00,420.00,218.00,0.88,-1,-1,-1
240,2,270.00,86.00,287.00,166.00,0.86,-1,-1,-1
240,72,300.00,54.00,168.00,93.00,0.60,-1,-1,-1
241,1,448.00,59.00,419.00,218.00,0.87,-1,-1,-1
241,2,270.00,86.00,287.00,166.00,0.86,-1,-1,-1
241,72,299.00,54.00,168.00,93.00,0.61,-1,-1,-1
242,1,449.00,59.00,418.00,218.00,0.87,-1,-1,-1
242,2,270.00,86.00,287.00,166.00,0.86,-1,-1,-1
242,72,299.00,54.00,168.00,93.00,0.52,-1,-1,-1
243,1,449.00,59.00,418.00,218.00,0.88,-1,-1,-1
243,2,270.00,86.00,287.00,166.00,0.87,-1,-1,-1
243,72,297.00,54.00,167.00,93.00,0.54,-1,-1,-1
244,1,449.00,60.00,418.00,217.00,0.88,-1,-1,-1
244,2,270.00,86.00,287.00,166.00,0.87,-1,-1,-1
244,72,296.00,54.00,168.00,93.00,0.62,-1,-1,-1
245,1,449.00,60.00,418.00,217.00,0.86,-1,-1,-1
245,2,270.00,86.00,287.00,166.00,0.87,-1,-1,-1
245,72,295.00,54.00,167.00,94.00,0.63,-1,-1,-1
246,1,449.00,60.00,418.00,217.00,0.86,-1,-1,-1
246,2,269.00,86.00,288.00,166.00,0.87,-1,-1,-1
246,72,294.00,54.00,166.00,94.00,0.63,-1,-1,-1
247,1,449.00,60.00,418.00,217.00,0.87,-1,-1,-1
247,2,269.00,86.00,288.00,166.00,0.87,-1,-1,-1
247,72,293.00,55.00,167.00,93.00,0.64,-1,-1,-1
248,1,449.00,59.00,419.00,218.00,0.88,-1,-1,-1
248,2,269.00,86.00,287.00,166.00,0.87,-1,-1,-1
248,72,291.00,55.00,168.00,94.00,0.58,-1,-1,-1
249,1,449.00,59.00,419.00,218.00,0.88,-1,-1,-1
249,2,268.00,85.00,288.00,167.00,0.87,-1,-1,-1
249,72,291.00,55.00,167.00,94.00,0.59,-1,-1,-1
250,1,448.00,59.00,420.00,218.00,0.87,-1,-1,-1
250,2,269.00,86.00,287.00,166.00,0.87,-1,-1,-1
250,72,290.00,55.00,168.00,94.00,0.58,-1,-1,-1
251,1,449.00,59.00,419.00,218.00,0.87,-1,-1,-1
251,2,268.00,86.00,288.00,166.00,0.87,-1,-1,-1
251,72,290.00,55.00,168.00,94.00,0.57,-1,-1,-1
252,1,448.00,59.00,420.00,218.00,0.87,-1,-1,-1
252,2,269.00,86.00,287.00,166.00,0.87,-1,-1,-1
252,72,289.00,55.00,168.00,94.00,0.58,-1,-1,-1
253,1,448.00,59.00,420.00,218.00,0.87,-1,-1,-1
253,2,269.00,86.00,287.00,166.00,0.87,-1,-1,-1
253,72,289.00,55.00,168.00,94.00,0.57,-1,-1,-1
254,1,448.00,59.00,420.00,218.00,0.88,-1,-1,-1
254,2,269.00,86.00,287.00,166.00,0.87,-1,-1,-1
254,72,289.00,55.00,167.00,94.00,0.55,-1,-1,-1
255,1,448.00,59.00,420.00,218.00,0.88,-1,-1,-1
255,2,269.00,86.00,287.00,166.00,0.87,-1,-1,-1
255,72,289.00,56.00,167.00,93.00,0.53,-1,-1,-1
256,1,448.00,59.00,419.00,218.00,0.87,-1,-1,-1
256,2,269.00,86.00,287.00,166.00,0.87,-1,-1,-1
256,72,288.00,56.00,168.00,93.00,0.51,-1,-1,-1
257,1,448.00,59.00,419.00,218.00,0.87,-1,-1,-1
257,2,269.00,86.00,287.00,166.00,0.87,-1,-1,-1
257,72,288.00,56.00,168.00,93.00,0.50,-1,-1,-1
258,1,449.00,59.00,418.00,218.00,0.88,-1,-1,-1
258,2,269.00,86.00,287.00,166.00,0.87,-1,-1,-1
258,72,289.00,56.00,167.00,93.00,0.54,-1,-1,-1
259,1,449.00,59.00,418.00,218.00,0.87,-1,-1,-1
259,2,269.00,86.00,287.00,166.00,0.87,-1,-1,-1
259,72,289.00,57.00,167.00,93.00,0.56,-1,-1,-1
260,1,448.00,59.00,420.00,218.00,0.87,-1,-1,-1
260,2,269.00,86.00,287.00,166.00,0.87,-1,-1,-1
260,72,289.00,58.00,167.00,93.00,0.57,-1,-1,-1
261,1,448.00,59.00,420.00,218.00,0.87,-1,-1,-1
261,2,269.00,86.00,287.00,167.00,0.87,-1,-1,-1
261,72,290.00,58.00,166.00,93.00,0.56,-1,-1,-1
262,1,448.00,59.00,419.00,218.00,0.87,-1,-1,-1
262,2,269.00,86.00,287.00,167.00,0.87,-1,-1,-1
262,72,289.00,57.00,167.00,93.00,0.54,-1,-1,-1
263,1,448.00,59.00,419.00,218.00,0.87,-1,-1,-1
263,2,269.00,86.00,287.00,167.00,0.87,-1,-1,-1
263,72,290.00,57.00,166.00,93.00,0.54,-1,-1,-1
264,1,448.00,59.00,419.00,218.00,0.87,-1,-1,-1
264,2,269.00,86.00,287.00,167.00,0.87,-1,-1,-1
264,72,290.00,58.00,166.00,93.00,0.55,-1,-1,-1
265,1,448.00,59.00,419.00,218.00,0.87,-1,-1,-1
265,2,269.00,86.00,287.00,167.00,0.87,-1,-1,-1
265,72,289.00,57.00,167.00,93.00,0.54,-1,-1,-1
266,1,448.00,59.00,419.00,218.00,0.87,-1,-1,-1
266,2,269.00,86.00,287.00,167.00,0.87,-1,-1,-1
266,72,290.00,57.00,166.00,93.00,0.56,-1,-1,-1
267,1,448.00,59.00,419.00,218.00,0.87,-1,-1,-1
267,2,269.00,86.00,287.00,167.00,0.87,-1,-1,-1
267,72,290.00,58.00,166.00,92.00,0.56,-1,-1,-1
268,1,448.00,59.00,419.00,218.00,0.87,-1,-1,-1
268,2,269.00,86.00,287.00,167.00,0.87,-1,-1,-1
268,72,290.00,58.00,166.00,92.00,0.56,-1,-1,-1
269,1,449.00,59.00,418.00,218.00,0.89,-1,-1,-1
269,2,268.00,86.00,288.00,167.00,0.87,-1,-1,-1
269,72,290.00,58.00,166.00,92.00,0.54,-1,-1,-1
270,1,449.00,60.00,418.00,217.00,0.88,-1,-1,-1
270,2,268.00,86.00,288.00,167.00,0.87,-1,-1,-1
270,72,290.00,58.00,166.00,92.00,0.54,-1,-1,-1
271,1,449.00,60.00,418.00,217.00,0.89,-1,-1,-1
271,2,268.00,86.00,288.00,167.00,0.87,-1,-1,-1
271,72,290.00,58.00,166.00,92.00,0.54,-1,-1,-1
272,1,449.00,60.00,418.00,217.00,0.89,-1,-1,-1
272,2,268.00,86.00,288.00,167.00,0.87,-1,-1,-1
272,72,290.00,58.00,166.00,92.00,0.53,-1,-1,-1
273,1,449.00,60.00,418.00,217.00,0.89,-1,-1,-1
273,2,268.00,86.00,288.00,167.00,0.87,-1,-1,-1
273,72,290.00,56.00,166.00,94.00,0.53,-1,-1,-1
274,1,449.00,60.00,418.00,217.00,0.88,-1,-1,-1
274,2,268.00,86.00,288.00,167.00,0.87,-1,-1,-1
274,72,289.00,56.00,167.00,93.00,0.53,-1,-1,-1
275,1,449.00,60.00,418.00,217.00,0.89,-1,-1,-1
275,2,268.00,86.00,289.00,167.00,0.87,-1,-1,-1
275,72,289.00,55.00,167.00,94.00,0.53,-1,-1,-1
276,1,449.00,60.00,418.00,217.00,0.89,-1,-1,-1
276,2,268.00,86.00,289.00,168.00,0.87,-1,-1,-1
276,72,289.00,55.00,167.00,94.00,0.53,-1,-1,-1
277,1,449.00,60.00,418.00,217.00,0.89,-1,-1,-1
277,2,268.00,86.00,289.00,168.00,0.87,-1,-1,-1
277,72,289.00,55.00,167.00,94.00,0.53,-1,-1,-1
278,1,449.00,60.00,418.00,217.00,0.89,-1,-1,-1
278,2,268.00,86.00,289.00,168.00,0.87,-1,-1,-1
278,72,290.00,57.00,166.00,93.00,0.53,-1,-1,-1
279,1,449.00,60.00,418.00,217.00,0.89,-1,-1,-1
279,2,268.00,86.00,289.00,168.00,0.87,-1,-1,-1
279,72,290.00,56.00,166.00,93.00,0.53,-1,-1,-1
280,1,449.00,60.00,418.00,217.00,0.89,-1,-1,-1
280,2,268.00,86.00,289.00,168.00,0.87,-1,-1,-1
280,72,289.00,56.00,167.00,93.00,0.53,-1,-1,-1
281,1,449.00,60.00,418.00,217.00,0.89,-1,-1,-1
281,2,267.00,86.00,290.00,168.00,0.87,-1,-1,-1
281,72,289.00,56.00,167.00,93.00,0.53,-1,-1,-1
282,1,449.00,60.00,418.00,217.00,0.89,-1,-1,-1
282,2,267.00,86.00,290.00,168.00,0.87,-1,-1,-1
282,72,289.00,56.00,167.00,93.00,0.53,-1,-1,-1
283,1,449.00,60.00,418.00,217.00,0.89,-1,-1,-1
283,2,267.00,86.00,290.00,168.00,0.87,-1,-1,-1
283,72,289.00,55.00,167.00,94.00,0.53,-1,-1,-1
284,1,449.00,60.00,418.00,217.00,0.89,-1,-1,-1
284,2,267.00,86.00,290.00,168.00,0.87,-1,-1,-1
284,72,289.00,55.00,167.00,94.00,0.53,-1,-1,-1
285,1,449.00,60.00,418.00,217.00,0.89,-1,-1,-1
285,2,267.00,86.00,290.00,168.00,0.87,-1,-1,-1
285,72,289.00,56.00,167.00,93.00,0.53,-1,-1,-1
286,1,449.00,60.00,418.00,217.00,0.89,-1,-1,-1
286,2,267.00,86.00,290.00,168.00,0.87,-1,-1,-1
286,72,289.00,56.00,167.00,93.00,0.53,-1,-1,-1
287,1,449.00,60.00,418.00,217.00,0.89,-1,-1,-1
287,2,267.00,86.00,290.00,168.00,0.87,-1,-1,-1
287,72,289.00,56.00,167.00,93.00,0.53,-1,-1,-1
288,1,449.00,60.00,418.00,217.00,0.89,-1,-1,-1
288,2,267.00,86.00,290.00,168.00,0.87,-1,-1,-1
288,72,289.00,56.00,167.00,93.00,0.53,-1,-1,-1
289,1,449.00,60.00,418.00,217.00,0.89,-1,-1,-1
289,2,267.00,86.00,290.00,167.00,0.87,-1,-1,-1
289,72,290.00,56.00,166.00,93.00,0.54,-1,-1,-1
290,1,449.00,60.00,418.00,217.00,0.89,-1,-1,-1
290,2,267.00,86.00,290.00,167.00,0.87,-1,-1,-1
290,72,290.00,56.00,166.00,93.00,0.53,-1,-1,-1
291,1,449.00,61.00,418.00,216.00,0.89,-1,-1,-1
291,2,267.00,86.00,290.00,167.00,0.87,-1,-1,-1
291,72,290.00,56.00,166.00,93.00,0.53,-1,-1,-1
292,1,449.00,61.00,417.00,216.00,0.89,-1,-1,-1
292,2,267.00,86.00,290.00,167.00,0.86,-1,-1,-1
292,72,290.00,56.00,166.00,93.00,0.53,-1,-1,-1
293,1,449.00,61.00,417.00,216.00,0.89,-1,-1,-1
293,2,267.00,86.00,290.00,167.00,0.87,-1,-1,-1
293,72,290.00,56.00,166.00,93.00,0.53,-1,-1,-1
294,1,449.00,61.00,417.00,216.00,0.87,-1,-1,-1
294,2,267.00,86.00,290.00,167.00,0.87,-1,-1,-1
294,72,290.00,56.00,166.00,93.00,0.54,-1,-1,-1
295,1,450.00,61.00,416.00,216.00,0.87,-1,-1,-1
295,2,267.00,86.00,290.00,168.00,0.87,-1,-1,-1
295,72,290.00,56.00,166.00,93.00,0.54,-1,-1,-1
296,1,450.00,61.00,416.00,216.00,0.87,-1,-1,-1
296,2,267.00,86.00,290.00,167.00,0.87,-1,-1,-1
296,72,290.00,56.00,166.00,93.00,0.54,-1,-1,-1
297,1,448.00,60.00,419.00,218.00,0.87,-1,-1,-1
297,2,267.00,86.00,290.00,167.00,0.87,-1,-1,-1
297,72,290.00,56.00,166.00,93.00,0.54,-1,-1,-1
298,1,449.00,61.00,418.00,216.00,0.88,-1,-1,-1
298,2,267.00,86.00,290.00,167.00,0.87,-1,-1,-1
298,72,290.00,56.00,166.00,93.00,0.54,-1,-1,-1
299,1,449.00,60.00,419.00,217.00,0.88,-1,-1,-1
299,2,268.00,86.00,289.00,167.00,0.87,-1,-1,-1
299,72,290.00,56.00,166.00,93.00,0.55,-1,-1,-1
300,1,449.00,60.00,419.00,217.00,0.88,-1,-1,-1
300,2,269.00,86.00,289.00,167.00,0.88,-1,-1,-1
300,72,291.00,57.00,165.00,93.00,0.55,-1,-1,-1
301,1,448.00,59.00,420.00,218.00,0.88,-1,-1,-1
301,2,269.00,86.00,289.00,167.00,0.88,-1,-1,-1
301,72,291.00,58.00,165.00,92.00,0.56,-1,-1,-1
302,1,448.00,59.00,420.00,218.00,0.87,-1,-1,-1
302,2,269.00,86.00,289.00,167.00,0.88,-1,-1,-1
302,72,291.00,58.00,165.00,92.00,0.56,-1,-1,-1
303,1,448.00,59.00,420.00,218.00,0.88,-1,-1,-1
303,2,269.00,86.00,289.00,167.00,0.88,-1,-1,-1
303,72,291.00,58.00,165.00,92.00,0.56,-1,-1,-1
304,1,448.00,59.00,420.00,218.00,0.88,-1,-1,-1
304,2,269.00,86.00,289.00,167.00,0.88,-1,-1,-1
304,72,291.00,58.00,165.00,92.00,0.56,-1,-1,-1
305,1,448.00,59.00,420.00,218.00,0.87,-1,-1,-1
305,2,269.00,86.00,289.00,166.00,0.88,-1,-1,-1
305,72,291.00,58.00,165.00,92.00,0.56,-1,-1,-1
306,1,448.00,59.00,420.00,218.00,0.87,-1,-1,-1
306,2,269.00,86.00,289.00,166.00,0.88,-1,-1,-1
306,72,291.00,58.00,165.00,92.00,0.56,-1,-1,-1
307,1,448.00,59.00,420.00,218.00,0.88,-1,-1,-1
307,2,269.00,86.00,289.00,166.00,0.88,-1,-1,-1
307,72,291.00,58.00,165.00,92.00,0.56,-1,-1,-1
308,1,448.00,59.00,420.00,218.00,0.88,-1,-1,-1
308,2,269.00,86.00,289.00,166.00,0.88,-1,-1,-1
308,72,291.00,58.00,165.00,92.00,0.56,-1,-1,-1
309,1,448.00,59.00,420.00,218.00,0.88,-1,-1,-1
309,2,269.00,86.00,289.00,166.00,0.88,-1,-1,-1
309,72,291.00,58.00,165.00,92.00,0.56,-1,-1,-1
310,1,448.00,59.00,420.00,218.00,0.88,-1,-1,-1
310,2,269.00,86.00,289.00,166.00,0.88,-1,-1,-1
310,72,291.00,58.00,165.00,92.00,0.56,-1,-1,-1
311,1,448.00,59.00,420.00,218.00,0.88,-1,-1,-1
311,2,269.00,86.00,289.00,166.00,0.88,-1,-1,-1
311,72,291.00,58.00,165.00,92.00,0.56,-1,-1,-1
312,1,449.00,59.00,419.00,218.00,0.88,-1,-1,-1
312,2,269.00,86.00,289.00,167.00,0.88,-1,-1,-1
312,72,291.00,58.00,165.00,92.00,0.56,-1,-1,-1
313,1,449.00,59.00,419.00,218.00,0.88,-1,-1,-1
313,2,269.00,86.00,289.00,167.00,0.88,-1,-1,-1
313,72,291.00,58.00,165.00,92.00,0.56,-1,-1,-1
314,1,449.00,59.00,418.00,218.00,0.88,-1,-1,-1
314,2,268.00,86.00,290.00,167.00,0.88,-1,-1,-1
314,72,291.00,58.00,165.00,92.00,0.56,-1,-1,-1
315,1,449.00,59.00,418.00,218.00,0.88,-1,-1,-1
315,2,269.00,86.00,289.00,166.00,0.88,-1,-1,-1
315,72,291.00,57.00,165.00,92.00,0.56,-1,-1,-1
316,1,449.00,59.00,418.00,218.00,0.88,-1,-1,-1
316,2,268.00,86.00,290.00,166.00,0.88,-1,-1,-1
316,72,291.00,56.00,165.00,93.00,0.56,-1,-1,-1
317,1,449.00,59.00,418.00,218.00,0.88,-1,-1,-1
317,2,268.00,86.00,290.00,166.00,0.88,-1,-1,-1
317,72,290.00,56.00,166.00,93.00,0.55,-1,-1,-1
318,1,449.00,59.00,418.00,218.00,0.88,-1,-1,-1
318,2,268.00,86.00,290.00,166.00,0.88,-1,-1,-1
318,72,290.00,56.00,166.00,93.00,0.56,-1,-1,-1
319,1,449.00,59.00,418.00,218.00,0.88,-1,-1,-1
319,2,268.00,86.00,290.00,166.00,0.88,-1,-1,-1
319,72,290.00,56.00,166.00,93.00,0.56,-1,-1,-1
320,1,449.00,59.00,418.00,218.00,0.88,-1,-1,-1
320,2,268.00,86.00,290.00,166.00,0.88,-1,-1,-1
320,72,291.00,57.00,165.00,93.00,0.56,-1,-1,-1
321,1,449.00,59.00,418.00,218.00,0.89,-1,-1,-1
321,2,268.00,86.00,290.00,166.00,0.88,-1,-1,-1
321,72,291.00,57.00,165.00,93.00,0.56,-1,-1,-1
322,1,449.00,59.00,418.00,218.00,0.89,-1,-1,-1
322,2,268.00,86.00,290.00,166.00,0.88,-1,-1,-1
322,72,291.00,58.00,165.00,92.00,0.55,-1,-1,-1
323,1,449.00,59.00,418.00,218.00,0.88,-1,-1,-1
323,2,268.00,86.00,291.00,166.00,0.88,-1,-1,-1
323,72,291.00,58.00,165.00,92.00,0.56,-1,-1,-1
324,1,449.00,59.00,418.00,218.00,0.88,-1,-1,-1
324,2,268.00,86.00,291.00,167.00,0.88,-1,-1,-1
324,72,291.00,58.00,165.00,92.00,0.56,-1,-1,-1
325,1,449.00,60.00,418.00,217.00,0.89,-1,-1,-1
325,2,268.00,86.00,291.00,167.00,0.88,-1,-1,-1
325,72,291.00,58.00,165.00,92.00,0.56,-1,-1,-1
326,1,449.00,60.00,418.00,217.00,0.89,-1,-1,-1
326,2,268.00,86.00,291.00,166.00,0.88,-1,-1,-1
326,72,291.00,58.00,165.00,92.00,0.56,-1,-1,-1
327,1,449.00,60.00,418.00,217.00,0.88,-1,-1,-1
327,2,269.00,86.00,290.00,166.00,0.88,-1,-1,-1
327,72,291.00,58.00,165.00,92.00,0.56,-1,-1,-1
328,1,449.00,60.00,418.00,217.00,0.89,-1,-1,-1
328,2,269.00,86.00,290.00,166.00,0.88,-1,-1,-1
328,72,291.00,58.00,165.00,92.00,0.56,-1,-1,-1
329,1,449.00,59.00,418.00,218.00,0.87,-1,-1,-1
329,2,268.00,86.00,290.00,167.00,0.87,-1,-1,-1
329,72,290.00,56.00,166.00,94.00,0.55,-1,-1,-1
330,1,449.00,59.00,419.00,218.00,0.87,-1,-1,-1
330,2,268.00,86.00,290.00,167.00,0.87,-1,-1,-1
330,72,290.00,56.00,166.00,93.00,0.55,-1,-1,-1
331,1,449.00,59.00,419.00,218.00,0.87,-1,-1,-1
331,2,268.00,86.00,290.00,167.00,0.87,-1,-1,-1
331,72,290.00,56.00,166.00,93.00,0.56,-1,-1,-1
332,1,449.00,59.00,418.00,218.00,0.87,-1,-1,-1
332,2,268.00,86.00,290.00,167.00,0.87,-1,-1,-1
332,72,290.00,56.00,166.00,93.00,0.55,-1,-1,-1
333,1,449.00,59.00,418.00,218.00,0.87,-1,-1,-1
333,2,268.00,86.00,289.00,167.00,0.87,-1,-1,-1
333,72,290.00,57.00,166.00,93.00,0.55,-1,-1,-1
334,1,449.00,59.00,418.00,218.00,0.87,-1,-1,-1
334,2,268.00,86.00,289.00,167.00,0.87,-1,-1,-1
334,72,290.00,56.00,166.00,93.00,0.55,-1,-1,-1
335,1,449.00,59.00,418.00,218.00,0.87,-1,-1,-1
335,2,268.00,86.00,289.00,167.00,0.87,-1,-1,-1
335,72,291.00,57.00,165.00,93.00,0.56,-1,-1,-1
336,1,449.00,59.00,418.00,218.00,0.87,-1,-1,-1
336,2,268.00,86.00,289.00,167.00,0.87,-1,-1,-1
336,72,291.00,58.00,165.00,92.00,0.56,-1,-1,-1
337,1,449.00,59.00,418.00,218.00,0.87,-1,-1,-1
337,2,268.00,86.00,289.00,167.00,0.87,-1,-1,-1
337,72,291.00,58.00,165.00,92.00,0.57,-1,-1,-1
338,1,449.00,59.00,418.00,218.00,0.87,-1,-1,-1
338,2,268.00,86.00,289.00,167.00,0.87,-1,-1,-1
338,72,291.00,58.00,165.00,92.00,0.57,-1,-1,-1
339,1,449.00,59.00,418.00,218.00,0.87,-1,-1,-1
339,2,268.00,86.00,289.00,167.00,0.87,-1,-1,-1
339,72,291.00,58.00,165.00,92.00,0.57,-1,-1,-1
340,1,449.00,59.00,418.00,218.00,0.87,-1,-1,-1
340,2,268.00,86.00,289.00,167.00,0.87,-1,-1,-1
340,72,291.00,58.00,165.00,92.00,0.57,-1,-1,-1
341,1,449.00,59.00,418.00,218.00,0.87,-1,-1,-1
341,2,268.00,86.00,289.00,167.00,0.87,-1,-1,-1
341,72,291.00,58.00,165.00,92.00,0.57,-1,-1,-1
342,1,449.00,59.00,418.00,218.00,0.87,-1,-1,-1
342,2,268.00,86.00,289.00,167.00,0.87,-1,-1,-1
342,72,291.00,58.00,165.00,92.00,0.56,-1,-1,-1
343,1,449.00,59.00,418.00,218.00,0.87,-1,-1,-1
343,2,268.00,86.00,289.00,167.00,0.87,-1,-1,-1
343,72,291.00,58.00,165.00,92.00,0.57,-1,-1,-1
344,1,449.00,59.00,418.00,218.00,0.87,-1,-1,-1
344,2,268.00,86.00,289.00,167.00,0.87,-1,-1,-1
344,72,291.00,58.00,165.00,92.00,0.57,-1,-1,-1
345,1,449.00,59.00,418.00,218.00,0.87,-1,-1,-1
345,2,268.00,86.00,289.00,167.00,0.87,-1,-1,-1
345,72,291.00,58.00,165.00,92.00,0.57,-1,-1,-1
346,1,449.00,59.00,418.00,218.00,0.87,-1,-1,-1
346,2,268.00,86.00,289.00,167.00,0.87,-1,-1,-1
346,72,291.00,58.00,165.00,92.00,0.57,-1,-1,-1
347,1,449.00,59.00,418.00,218.00,0.87,-1,-1,-1
347,2,268.00,86.00,289.00,167.00,0.87,-1,-1,-1
347,72,291.00,58.00,165.00,92.00,0.57,-1,-1,-1
348,1,449.00,59.00,418.00,218.00,0.87,-1,-1,-1
348,2,268.00,86.00,289.00,167.00,0.87,-1,-1,-1
348,72,291.00,58.00,165.00,92.00,0.57,-1,-1,-1
349,1,449.00,59.00,418.00,218.00,0.87,-1,-1,-1
349,2,268.00,86.00,289.00,167.00,0.87,-1,-1,-1
349,72,291.00,58.00,165.00,92.00,0.57,-1,-1,-1
350,1,449.00,59.00,418.00,218.00,0.87,-1,-1,-1
350,2,268.00,86.00,289.00,167.00,0.87,-1,-1,-1
350,72,291.00,58.00,165.00,92.00,0.57,-1,-1,-1
351,1,449.00,59.00,418.00,218.00,0.87,-1,-1,-1
351,2,268.00,86.00,289.00,167.00,0.87,-1,-1,-1
351,72,291.00,58.00,165.00,92.00,0.57,-1,-1,-1
352,1,449.00,59.00,418.00,218.00,0.87,-1,-1,-1
352,2,268.00,86.00,289.00,167.00,0.87,-1,-1,-1
352,72,291.00,58.00,165.00,92.00,0.56,-1,-1,-1
353,1,449.00,59.00,418.00,218.00,0.87,-1,-1,-1
353,2,268.00,86.00,289.00,167.00,0.87,-1,-1,-1
353,72,291.00,58.00,165.00,92.00,0.56,-1,-1,-1
354,1,449.00,59.00,418.00,218.00,0.87,-1,-1,-1
354,2,268.00,86.00,289.00,167.00,0.87,-1,-1,-1
354,72,291.00,58.00,165.00,92.00,0.56,-1,-1,-1
355,1,449.00,59.00,418.00,218.00,0.87,-1,-1,-1
355,2,268.00,86.00,289.00,167.00,0.87,-1,-1,-1
355,72,291.00,58.00,165.00,92.00,0.56,-1,-1,-1
356,1,449.00,59.00,418.00,218.00,0.87,-1,-1,-1
356,2,268.00,86.00,289.00,167.00,0.87,-1,-1,-1
356,72,291.00,58.00,165.00,92.00,0.56,-1,-1,-1
357,1,449.00,59.00,418.00,218.00,0.87,-1,-1,-1
357,2,268.00,86.00,289.00,167.00,0.87,-1,-1,-1
357,72,291.00,58.00,165.00,92.00,0.56,-1,-1,-1
358,1,449.00,59.00,418.00,218.00,0.87,-1,-1,-1
358,2,268.00,86.00,289.00,167.00,0.87,-1,-1,-1
358,72,291.00,58.00,165.00,92.00,0.56,-1,-1,-1
359,1,449.00,60.00,418.00,217.00,0.88,-1,-1,-1
359,2,268.00,86.00,288.00,167.00,0.87,-1,-1,-1
359,72,291.00,58.00,164.00,92.00,0.54,-1,-1,-1
360,1,449.00,60.00,418.00,217.00,0.88,-1,-1,-1
360,2,269.00,86.00,287.00,167.00,0.87,-1,-1,-1
360,72,290.00,58.00,165.00,92.00,0.53,-1,-1,-1
361,1,449.00,60.00,418.00,217.00,0.89,-1,-1,-1
361,2,269.00,86.00,287.00,167.00,0.87,-1,-1,-1
361,72,290.00,58.00,165.00,92.00,0.53,-1,-1,-1
362,1,449.00,60.00,418.00,217.00,0.89,-1,-1,-1
362,2,269.00,86.00,287.00,167.00,0.87,-1,-1,-1
362,72,290.00,58.00,165.00,92.00,0.52,-1,-1,-1
363,1,449.00,60.00,418.00,217.00,0.88,-1,-1,-1
363,2,269.00,86.00,287.00,167.00,0.87,-1,-1,-1
363,72,290.00,57.00,165.00,93.00,0.53,-1,-1,-1
364,1,449.00,60.00,418.00,217.00,0.88,-1,-1,-1
364,2,269.00,86.00,287.00,167.00,0.87,-1,-1,-1
364,72,290.00,57.00,165.00,93.00,0.53,-1,-1,-1
365,1,449.00,60.00,418.00,217.00,0.88,-1,-1,-1
365,2,269.00,86.00,287.00,167.00,0.87,-1,-1,-1
365,72,290.00,57.00,165.00,92.00,0.52,-1,-1,-1
366,1,449.00,60.00,418.00,217.00,0.88,-1,-1,-1
366,2,269.00,86.00,287.00,167.00,0.87,-1,-1,-1
366,72,290.00,57.00,165.00,92.00,0.53,-1,-1,-1
367,1,449.00,60.00,418.00,217.00,0.88,-1,-1,-1
367,2,269.00,86.00,287.00,167.00,0.87,-1,-1,-1
367,72,290.00,57.00,166.00,92.00,0.53,-1,-1,-1
368,1,449.00,60.00,418.00,217.00,0.88,-1,-1,-1
368,2,269.00,86.00,287.00,167.00,0.87,-1,-1,-1
368,72,290.00,57.00,166.00,92.00,0.53,-1,-1,-1
369,1,449.00,60.00,418.00,217.00,0.88,-1,-1,-1
369,2,269.00,86.00,287.00,167.00,0.87,-1,-1,-1
369,72,290.00,57.00,166.00,92.00,0.53,-1,-1,-1
370,1,449.00,60.00,418.00,217.00,0.88,-1,-1,-1
370,2,269.00,86.00,287.00,167.00,0.87,-1,-1,-1
370,72,290.00,57.00,166.00,92.00,0.52,-1,-1,-1
371,1,449.00,59.00,418.00,218.00,0.88,-1,-1,-1
371,2,269.00,86.00,287.00,167.00,0.87,-1,-1,-1
371,72,290.00,57.00,166.00,92.00,0.52,-1,-1,-1
372,1,448.00,59.00,419.00,218.00,0.88,-1,-1,-1
372,2,269.00,86.00,287.00,167.00,0.87,-1,-1,-1
372,72,290.00,57.00,166.00,92.00,0.52,-1,-1,-1
373,1,449.00,59.00,418.00,218.00,0.88,-1,-1,-1
373,2,269.00,86.00,287.00,167.00,0.87,-1,-1,-1
373,72,290.00,57.00,166.00,92.00,0.52,-1,-1,-1
374,1,449.00,59.00,418.00,218.00,0.88,-1,-1,-1
374,2,269.00,86.00,287.00,167.00,0.87,-1,-1,-1
374,72,290.00,57.00,166.00,92.00,0.52,-1,-1,-1
375,1,449.00,59.00,418.00,218.00,0.88,-1,-1,-1
375,2,269.00,86.00,287.00,167.00,0.87,-1,-1,-1
375,72,290.00,57.00,166.00,92.00,0.52,-1,-1,-1
376,1,449.00,59.00,418.00,218.00,0.88,-1,-1,-1
376,2,269.00,86.00,287.00,167.00,0.87,-1,-1,-1
376,72,289.00,57.00,167.00,92.00,0.52,-1,-1,-1
377,1,449.00,59.00,418.00,218.00,0.88,-1,-1,-1
377,2,269.00,86.00,287.00,167.00,0.87,-1,-1,-1
377,72,289.00,57.00,167.00,92.00,0.52,-1,-1,-1
378,1,449.00,59.00,418.00,218.00,0.88,-1,-1,-1
378,2,269.00,86.00,287.00,167.00,0.87,-1,-1,-1
378,72,289.00,57.00,167.00,92.00,0.52,-1,-1,-1
379,1,449.00,59.00,418.00,218.00,0.88,-1,-1,-1
379,2,269.00,86.00,287.00,167.00,0.87,-1,-1,-1
379,72,289.00,57.00,167.00,92.00,0.52,-1,-1,-1
380,1,449.00,59.00,418.00,218.00,0.88,-1,-1,-1
380,2,269.00,86.00,287.00,167.00,0.87,-1,-1,-1
380,72,289.00,57.00,167.00,92.00,0.52,-1,-1,-1
381,1,449.00,60.00,418.00,217.00,0.88,-1,-1,-1
381,2,269.00,86.00,287.00,167.00,0.87,-1,-1,-1
381,72,289.00,57.00,167.00,92.00,0.52,-1,-1,-1
382,1,449.00,60.00,418.00,217.00,0.88,-1,-1,-1
382,2,269.00,86.00,287.00,167.00,0.87,-1,-1,-1
382,72,289.00,57.00,167.00,93.00,0.52,-1,-1,-1
383,1,449.00,60.00,418.00,217.00,0.88,-1,-1,-1
383,2,269.00,86.00,287.00,167.00,0.87,-1,-1,-1
383,72,290.00,58.00,166.00,92.00,0.52,-1,-1,-1
384,1,449.00,60.00,418.00,217.00,0.88,-1,-1,-1
384,2,269.00,86.00,287.00,167.00,0.87,-1,-1,-1
384,72,289.00,57.00,167.00,93.00,0.53,-1,-1,-1
385,1,449.00,60.00,418.00,217.00,0.88,-1,-1,-1
385,2,269.00,86.00,287.00,167.00,0.87,-1,-1,-1
385,72,289.00,57.00,167.00,93.00,0.54,-1,-1,-1
386,1,449.00,60.00,418.00,217.00,0.88,-1,-1,-1
386,2,269.00,86.00,287.00,167.00,0.87,-1,-1,-1
386,72,289.00,56.00,167.00,93.00,0.54,-1,-1,-1
387,1,449.00,60.00,418.00,217.00,0.88,-1,-1,-1
387,2,269.00,86.00,287.00,167.00,0.87,-1,-1,-1
387,72,289.00,56.00,167.00,93.00,0.54,-1,-1,-1
388,1,449.00,60.00,418.00,217.00,0.88,-1,-1,-1
388,2,269.00,86.00,287.00,167.00,0.87,-1,-1,-1
388,72,289.00,56.00,167.00,93.00,0.54,-1,-1,-1
389,1,447.00,58.00,422.00,220.00,0.87,-1,-1,-1
389,2,271.00,86.00,285.00,165.00,0.87,-1,-1,-1
389,72,290.00,56.00,167.00,93.00,0.61,-1,-1,-1
390,1,447.00,58.00,422.00,220.00,0.87,-1,-1,-1
390,2,272.00,86.00,284.00,164.00,0.87,-1,-1,-1
390,72,290.00,56.00,167.00,93.00,0.61,-1,-1,-1
391,1,447.00,57.00,422.00,221.00,0.86,-1,-1,-1
391,2,272.00,86.00,284.00,163.00,0.87,-1,-1,-1
391,72,291.00,56.00,166.00,93.00,0.61,-1,-1,-1
392,1,447.00,57.00,422.00,221.00,0.86,-1,-1,-1
392,2,272.00,86.00,284.00,163.00,0.87,-1,-1,-1
392,72,291.00,56.00,166.00,93.00,0.61,-1,-1,-1
393,1,447.00,57.00,422.00,221.00,0.87,-1,-1,-1
393,2,272.00,86.00,285.00,163.00,0.87,-1,-1,-1
393,72,291.00,56.00,166.00,93.00,0.61,-1,-1,-1
394,1,448.00,57.00,421.00,221.00,0.85,-1,-1,-1
394,2,271.00,86.00,286.00,164.00,0.87,-1,-1,-1
394,72,291.00,56.00,166.00,93.00,0.61,-1,-1,-1
395,1,448.00,58.00,420.00,220.00,0.84,-1,-1,-1
395,2,270.00,86.00,288.00,164.00,0.87,-1,-1,-1
395,72,291.00,56.00,166.00,93.00,0.60,-1,-1,-1
396,1,447.00,57.00,421.00,221.00,0.83,-1,-1,-1
396,2,270.00,86.00,288.00,165.00,0.87,-1,-1,-1
396,72,290.00,56.00,167.00,93.00,0.57,-1,-1,-1
397,1,449.00,58.00,418.00,220.00,0.81,-1,-1,-1
397,2,270.00,86.00,288.00,164.00,0.87,-1,-1,-1
397,72,290.00,57.00,167.00,93.00,0.56,-1,-1,-1
398,1,449.00,59.00,417.00,218.00,0.82,-1,-1,-1
398,2,270.00,86.00,289.00,164.00,0.87,-1,-1,-1
398,72,290.00,57.00,167.00,93.00,0.55,-1,-1,-1
399,1,448.00,59.00,419.00,218.00,0.85,-1,-1,-1
399,2,269.00,86.00,290.00,164.00,0.87,-1,-1,-1
399,72,290.00,57.00,167.00,94.00,0.56,-1,-1,-1
400,1,448.00,59.00,419.00,219.00,0.83,-1,-1,-1
400,2,269.00,86.00,290.00,165.00,0.86,-1,-1,-1
400,72,290.00,57.00,167.00,93.00,0.56,-1,-1,-1
401,1,448.00,59.00,419.00,219.00,0.84,-1,-1,-1
401,2,268.00,86.00,292.00,166.00,0.86,-1,-1,-1
401,72,290.00,56.00,167.00,94.00,0.55,-1,-1,-1
402,1,449.00,59.00,418.00,219.00,0.87,-1,-1,-1
402,2,268.00,86.00,292.00,166.00,0.86,-1,-1,-1
402,72,290.00,57.00,167.00,93.00,0.55,-1,-1,-1
403,1,449.00,59.00,418.00,219.00,0.87,-1,-1,-1
403,2,268.00,86.00,292.00,166.00,0.86,-1,-1,-1
403,72,290.00,57.00,167.00,93.00,0.52,-1,-1,-1
404,1,449.00,59.00,418.00,219.00,0.88,-1,-1,-1
404,2,268.00,86.00,292.00,166.00,0.87,-1,-1,-1
404,72,291.00,57.00,166.00,93.00,0.55,-1,-1,-1
405,1,449.00,59.00,418.00,219.00,0.87,-1,-1,-1
405,2,268.00,86.00,292.00,166.00,0.87,-1,-1,-1
405,72,291.00,57.00,166.00,92.00,0.54,-1,-1,-1
406,1,449.00,59.00,418.00,219.00,0.87,-1,-1,-1
406,2,268.00,86.00,292.00,166.00,0.87,-1,-1,-1
406,72,291.00,57.00,166.00,92.00,0.56,-1,-1,-1
407,1,449.00,59.00,418.00,219.00,0.88,-1,-1,-1
407,2,268.00,86.00,291.00,166.00,0.87,-1,-1,-1
407,72,291.00,57.00,166.00,92.00,0.55,-1,-1,-1
408,1,449.00,59.00,418.00,219.00,0.87,-1,-1,-1
408,2,268.00,86.00,291.00,166.00,0.87,-1,-1,-1
408,72,290.00,57.00,166.00,93.00,0.57,-1,-1,-1
409,1,449.00,59.00,418.00,219.00,0.87,-1,-1,-1
409,2,268.00,86.00,291.00,166.00,0.87,-1,-1,-1
409,72,290.00,58.00,166.00,92.00,0.56,-1,-1,-1
410,1,449.00,59.00,418.00,219.00,0.87,-1,-1,-1
410,2,269.00,86.00,290.00,166.00,0.87,-1,-1,-1
410,72,291.00,58.00,165.00,92.00,0.56,-1,-1,-1
411,1,449.00,59.00,418.00,219.00,0.87,-1,-1,-1
411,2,269.00,86.00,290.00,166.00,0.87,-1,-1,-1
411,72,291.00,58.00,165.00,92.00,0.55,-1,-1,-1
412,1,449.00,59.00,418.00,219.00,0.86,-1,-1,-1
412,2,269.00,86.00,290.00,166.00,0.87,-1,-1,-1
412,72,291.00,58.00,165.00,92.00,0.54,-1,-1,-1
413,1,449.00,59.00,418.00,219.00,0.86,-1,-1,-1
413,2,269.00,86.00,289.00,166.00,0.87,-1,-1,-1
413,72,291.00,58.00,165.00,92.00,0.55,-1,-1,-1
414,1,449.00,59.00,418.00,219.00,0.85,-1,-1,-1
414,2,268.00,86.00,290.00,166.00,0.87,-1,-1,-1
414,72,291.00,58.00,165.00,92.00,0.55,-1,-1,-1
415,1,449.00,59.00,418.00,219.00,0.87,-1,-1,-1
415,2,269.00,86.00,289.00,165.00,0.87,-1,-1,-1
415,72,291.00,58.00,165.00,92.00,0.55,-1,-1,-1
416,1,449.00,59.00,418.00,219.00,0.85,-1,-1,-1
416,2,268.00,86.00,290.00,166.00,0.87,-1,-1,-1
416,72,291.00,58.00,165.00,92.00,0.55,-1,-1,-1
417,1,449.00,59.00,418.00,219.00,0.86,-1,-1,-1
417,2,268.00,86.00,291.00,166.00,0.87,-1,-1,-1
417,72,291.00,58.00,165.00,92.00,0.56,-1,-1,-1
418,1,449.00,59.00,418.00,219.00,0.85,-1,-1,-1
418,2,268.00,86.00,291.00,166.00,0.87,-1,-1,-1
418,72,291.00,58.00,165.00,92.00,0.56,-1,-1,-1
419,1,449.00,59.00,418.00,218.00,0.87,-1,-1,-1
419,2,270.00,86.00,288.00,165.00,0.87,-1,-1,-1
419,72,290.00,56.00,167.00,94.00,0.53,-1,-1,-1
420,1,449.00,59.00,418.00,218.00,0.87,-1,-1,-1
420,2,270.00,86.00,288.00,165.00,0.87,-1,-1,-1
420,72,290.00,57.00,166.00,93.00,0.56,-1,-1,-1
421,1,449.00,59.00,418.00,218.00,0.87,-1,-1,-1
421,2,269.00,86.00,289.00,165.00,0.86,-1,-1,-1
421,72,290.00,57.00,166.00,93.00,0.54,-1,-1,-1
422,1,449.00,59.00,418.00,218.00,0.87,-1,-1,-1
422,2,270.00,86.00,288.00,165.00,0.86,-1,-1,-1
422,72,289.00,56.00,167.00,94.00,0.54,-1,-1,-1
423,1,449.00,59.00,418.00,218.00,0.88,-1,-1,-1
423,2,269.00,86.00,289.00,165.00,0.86,-1,-1,-1
423,72,289.00,56.00,167.00,93.00,0.54,-1,-1,-1
424,1,449.00,59.00,418.00,218.00,0.87,-1,-1,-1
424,2,269.00,86.00,289.00,166.00,0.86,-1,-1,-1
424,72,289.00,56.00,167.00,93.00,0.54,-1,-1,-1
425,1,449.00,59.00,418.00,218.00,0.87,-1,-1,-1
425,2,269.00,86.00,289.00,166.00,0.86,-1,-1,-1
425,72,289.00,56.00,167.00,93.00,0.54,-1,-1,-1
426,1,449.00,59.00,418.00,218.00,0.87,-1,-1,-1
426,2,269.00,86.00,289.00,166.00,0.86,-1,-1,-1
426,72,289.00,56.00,167.00,93.00,0.53,-1,-1,-1
427,1,449.00,59.00,418.00,218.00,0.87,-1,-1,-1
427,2,269.00,86.00,289.00,166.00,0.86,-1,-1,-1
427,72,289.00,56.00,167.00,93.00,0.54,-1,-1,-1
428,1,449.00,59.00,418.00,218.00,0.87,-1,-1,-1
428,2,269.00,86.00,288.00,166.00,0.86,-1,-1,-1
428,72,289.00,56.00,167.00,93.00,0.54,-1,-1,-1
429,1,449.00,59.00,418.00,218.00,0.88,-1,-1,-1
429,2,269.00,86.00,288.00,166.00,0.86,-1,-1,-1
429,72,289.00,56.00,167.00,93.00,0.54,-1,-1,-1
430,1,449.00,59.00,418.00,218.00,0.88,-1,-1,-1
430,2,269.00,86.00,288.00,166.00,0.86,-1,-1,-1
430,72,289.00,56.00,167.00,93.00,0.55,-1,-1,-1
431,1,449.00,59.00,418.00,218.00,0.88,-1,-1,-1
431,2,269.00,86.00,288.00,166.00,0.86,-1,-1,-1
431,72,289.00,56.00,167.00,93.00,0.55,-1,-1,-1
432,1,449.00,59.00,418.00,218.00,0.88,-1,-1,-1
432,2,269.00,86.00,288.00,166.00,0.86,-1,-1,-1
432,72,289.00,56.00,167.00,93.00,0.55,-1,-1,-1
433,1,449.00,59.00,418.00,218.00,0.89,-1,-1,-1
433,2,269.00,86.00,288.00,166.00,0.86,-1,-1,-1
433,72,289.00,56.00,168.00,93.00,0.54,-1,-1,-1
434,1,449.00,59.00,418.00,218.00,0.89,-1,-1,-1
434,2,269.00,86.00,288.00,166.00,0.86,-1,-1,-1
434,72,289.00,56.00,168.00,93.00,0.55,-1,-1,-1
435,1,449.00,59.00,418.00,218.00,0.88,-1,-1,-1
435,2,269.00,86.00,289.00,166.00,0.86,-1,-1,-1
435,72,289.00,56.00,168.00,93.00,0.54,-1,-1,-1
436,1,449.00,59.00,418.00,219.00,0.88,-1,-1,-1
436,2,269.00,86.00,288.00,166.00,0.86,-1,-1,-1
436,72,289.00,56.00,168.00,93.00,0.54,-1,-1,-1
437,1,449.00,60.00,418.00,217.00,0.88,-1,-1,-1
437,2,269.00,86.00,288.00,166.00,0.86,-1,-1,-1
437,72,289.00,56.00,168.00,93.00,0.53,-1,-1,-1
438,1,449.00,60.00,417.00,217.00,0.88,-1,-1,-1
438,2,269.00,86.00,289.00,166.00,0.86,-1,-1,-1
438,72,289.00,56.00,168.00,93.00,0.53,-1,-1,-1
439,1,449.00,60.00,417.00,217.00,0.88,-1,-1,-1
439,2,269.00,86.00,288.00,166.00,0.86,-1,-1,-1
439,72,289.00,56.00,168.00,93.00,0.53,-1,-1,-1
440,1,449.00,60.00,417.00,217.00,0.88,-1,-1,-1
440,2,269.00,86.00,288.00,166.00,0.86,-1,-1,-1
440,72,289.00,56.00,168.00,93.00,0.53,-1,-1,-1
441,1,449.00,60.00,417.00,217.00,0.88,-1,-1,-1
441,2,269.00,86.00,288.00,166.00,0.87,-1,-1,-1
441,72,289.00,56.00,168.00,93.00,0.53,-1,-1,-1
442,1,450.00,60.00,416.00,217.00,0.87,-1,-1,-1
442,2,269.00,86.00,288.00,166.00,0.87,-1,-1,-1
442,72,289.00,56.00,168.00,93.00,0.54,-1,-1,-1
443,1,450.00,61.00,416.00,216.00,0.87,-1,-1,-1
443,2,269.00,86.00,288.00,166.00,0.87,-1,-1,-1
443,72,289.00,56.00,168.00,93.00,0.54,-1,-1,-1
444,1,449.00,60.00,417.00,217.00,0.87,-1,-1,-1
444,2,269.00,86.00,288.00,166.00,0.87,-1,-1,-1
444,72,289.00,56.00,168.00,93.00,0.54,-1,-1,-1
445,1,449.00,60.00,418.00,217.00,0.89,-1,-1,-1
445,2,269.00,86.00,288.00,166.00,0.86,-1,-1,-1
445,72,289.00,56.00,168.00,93.00,0.54,-1,-1,-1
446,1,449.00,60.00,418.00,217.00,0.89,-1,-1,-1
446,2,269.00,86.00,288.00,166.00,0.86,-1,-1,-1
446,72,289.00,56.00,168.00,93.00,0.54,-1,-1,-1
447,1,449.00,59.00,418.00,218.00,0.89,-1,-1,-1
447,2,269.00,86.00,288.00,166.00,0.86,-1,-1,-1
447,72,289.00,56.00,168.00,93.00,0.53,-1,-1,-1
448,1,448.00,59.00,420.00,218.00,0.88,-1,-1,-1
448,2,269.00,86.00,288.00,166.00,0.86,-1,-1,-1
448,72,289.00,56.00,168.00,93.00,0.53,-1,-1,-1
449,1,449.00,59.00,419.00,218.00,0.90,-1,-1,-1
449,2,270.00,86.00,287.00,166.00,0.86,-1,-1,-1
449,72,289.00,56.00,168.00,94.00,0.52,-1,-1,-1
450,1,449.00,59.00,419.00,219.00,0.89,-1,-1,-1
450,2,270.00,86.00,287.00,166.00,0.86,-1,-1,-1
450,72,290.00,58.00,166.00,92.00,0.55,-1,-1,-1
451,1,449.00,60.00,419.00,218.00,0.89,-1,-1,-1
451,2,270.00,86.00,288.00,166.00,0.86,-1,-1,-1
451,72,291.00,59.00,164.00,92.00,0.55,-1,-1,-1
452,1,449.00,59.00,418.00,219.00,0.89,-1,-1,-1
452,2,270.00,86.00,288.00,166.00,0.86,-1,-1,-1
452,72,291.00,59.00,164.00,92.00,0.55,-1,-1,-1
453,1,448.00,59.00,420.00,219.00,0.89,-1,-1,-1
453,2,269.00,86.00,289.00,166.00,0.86,-1,-1,-1
453,72,291.00,59.00,164.00,92.00,0.55,-1,-1,-1
454,1,448.00,59.00,420.00,219.00,0.89,-1,-1,-1
454,2,269.00,86.00,289.00,166.00,0.86,-1,-1,-1
454,72,291.00,59.00,164.00,92.00,0.55,-1,-1,-1
455,1,448.00,59.00,420.00,219.00,0.89,-1,-1,-1
455,2,269.00,86.00,289.00,166.00,0.86,-1,-1,-1
455,72,291.00,59.00,163.00,92.00,0.57,-1,-1,-1
456,1,448.00,59.00,420.00,219.00,0.89,-1,-1,-1
456,2,269.00,86.00,289.00,166.00,0.86,-1,-1,-1
456,72,291.00,59.00,163.00,92.00,0.57,-1,-1,-1
457,1,449.00,59.00,418.00,219.00,0.89,-1,-1,-1
457,2,269.00,86.00,289.00,166.00,0.86,-1,-1,-1
457,72,291.00,59.00,163.00,92.00,0.57,-1,-1,-1
458,1,449.00,59.00,418.00,218.00,0.89,-1,-1,-1
458,2,270.00,86.00,288.00,166.00,0.86,-1,-1,-1
458,72,291.00,59.00,163.00,92.00,0.56,-1,-1,-1
459,1,449.00,59.00,418.00,219.00,0.89,-1,-1,-1
459,2,270.00,86.00,288.00,166.00,0.86,-1,-1,-1
459,72,291.00,59.00,163.00,92.00,0.55,-1,-1,-1
460,1,449.00,59.00,418.00,219.00,0.89,-1,-1,-1
460,2,270.00,86.00,288.00,166.00,0.86,-1,-1,-1
460,72,290.00,58.00,165.00,93.00,0.56,-1,-1,-1
461,1,449.00,59.00,418.00,219.00,0.89,-1,-1,-1
461,2,269.00,86.00,289.00,166.00,0.86,-1,-1,-1
461,72,290.00,58.00,165.00,92.00,0.57,-1,-1,-1
462,1,449.00,60.00,418.00,218.00,0.89,-1,-1,-1
462,2,269.00,86.00,289.00,166.00,0.86,-1,-1,-1
462,72,290.00,58.00,165.00,92.00,0.57,-1,-1,-1
463,1,449.00,60.00,418.00,218.00,0.89,-1,-1,-1
463,2,269.00,86.00,289.00,167.00,0.86,-1,-1,-1
463,72,290.00,58.00,165.00,92.00,0.57,-1,-1,-1
464,1,449.00,59.00,418.00,219.00,0.89,-1,-1,-1
464,2,268.00,86.00,290.00,167.00,0.87,-1,-1,-1
464,72,290.00,58.00,165.00,92.00,0.58,-1,-1,-1
465,1,449.00,59.00,418.00,218.00,0.89,-1,-1,-1
465,2,268.00,86.00,290.00,167.00,0.87,-1,-1,-1
465,72,290.00,58.00,165.00,92.00,0.57,-1,-1,-1
466,1,449.00,60.00,418.00,217.00,0.89,-1,-1,-1
466,2,268.00,86.00,290.00,167.00,0.87,-1,-1,-1
466,72,291.00,59.00,164.00,92.00,0.56,-1,-1,-1
467,1,449.00,60.00,418.00,217.00,0.89,-1,-1,-1
467,2,268.00,86.00,290.00,167.00,0.87,-1,-1,-1
467,72,290.00,58.00,165.00,92.00,0.55,-1,-1,-1
468,1,449.00,59.00,418.00,219.00,0.89,-1,-1,-1
468,2,268.00,86.00,290.00,167.00,0.86,-1,-1,-1
468,72,290.00,58.00,165.00,92.00,0.56,-1,-1,-1
469,1,449.00,59.00,418.00,219.00,0.89,-1,-1,-1
469,2,268.00,86.00,290.00,167.00,0.87,-1,-1,-1
469,72,290.00,58.00,165.00,92.00,0.55,-1,-1,-1
470,1,449.00,59.00,418.00,218.00,0.89,-1,-1,-1
470,2,268.00,86.00,289.00,167.00,0.86,-1,-1,-1
470,72,290.00,58.00,165.00,92.00,0.55,-1,-1,-1
471,1,449.00,59.00,418.00,219.00,0.89,-1,-1,-1
471,2,268.00,86.00,289.00,167.00,0.87,-1,-1,-1
471,72,290.00,58.00,165.00,92.00,0.54,-1,-1,-1
472,1,449.00,59.00,418.00,219.00,0.89,-1,-1,-1
472,2,268.00,86.00,289.00,167.00,0.87,-1,-1,-1
472,72,290.00,58.00,165.00,92.00,0.54,-1,-1,-1
473,1,449.00,59.00,418.00,219.00,0.89,-1,-1,-1
473,2,268.00,86.00,289.00,167.00,0.86,-1,-1,-1
473,72,290.00,57.00,165.00,93.00,0.55,-1,-1,-1
474,1,449.00,60.00,418.00,217.00,0.89,-1,-1,-1
474,2,268.00,86.00,289.00,167.00,0.86,-1,-1,-1
474,72,290.00,57.00,165.00,93.00,0.56,-1,-1,-1
475,1,449.00,60.00,418.00,217.00,0.89,-1,-1,-1
475,2,268.00,86.00,289.00,167.00,0.86,-1,-1,-1
475,72,290.00,57.00,165.00,93.00,0.56,-1,-1,-1
476,1,449.00,59.00,418.00,218.00,0.89,-1,-1,-1
476,2,268.00,86.00,289.00,167.00,0.87,-1,-1,-1
476,72,290.00,57.00,165.00,93.00,0.56,-1,-1,-1
477,1,449.00,60.00,418.00,217.00,0.89,-1,-1,-1
477,2,268.00,86.00,289.00,166.00,0.87,-1,-1,-1
477,72,290.00,57.00,165.00,93.00,0.56,-1,-1,-1
478,1,449.00,60.00,418.00,217.00,0.89,-1,-1,-1
478,2,268.00,86.00,289.00,166.00,0.87,-1,-1,-1
478,72,290.00,57.00,165.00,93.00,0.56,-1,-1,-1
479,1,449.00,60.00,418.00,218.00,0.87,-1,-1,-1
479,2,268.00,86.00,290.00,167.00,0.87,-1,-1,-1
479,72,290.00,57.00,166.00,94.00,0.58,-1,-1,-1
480,1,449.00,60.00,418.00,218.00,0.87,-1,-1,-1
480,2,269.00,86.00,289.00,167.00,0.87,-1,-1,-1
480,72,290.00,57.00,166.00,94.00,0.59,-1,-1,-1
481,1,449.00,60.00,418.00,218.00,0.87,-1,-1,-1
481,2,269.00,86.00,289.00,167.00,0.87,-1,-1,-1
481,72,290.00,57.00,166.00,94.00,0.59,-1,-1,-1
482,1,449.00,60.00,418.00,218.00,0.88,-1,-1,-1
482,2,268.00,86.00,290.00,167.00,0.87,-1,-1,-1
482,72,290.00,57.00,166.00,94.00,0.59,-1,-1,-1
483,1,449.00,60.00,418.00,218.00,0.88,-1,-1,-1
483,2,268.00,86.00,290.00,167.00,0.87,-1,-1,-1
483,72,290.00,57.00,166.00,94.00,0.59,-1,-1,-1
484,1,449.00,60.00,418.00,218.00,0.88,-1,-1,-1
484,2,268.00,86.00,290.00,167.00,0.87,-1,-1,-1
484,72,290.00,57.00,166.00,94.00,0.59,-1,-1,-1
485,1,449.00,60.00,418.00,218.00,0.88,-1,-1,-1
485,2,268.00,86.00,290.00,167.00,0.87,-1,-1,-1
485,72,290.00,57.00,166.00,94.00,0.59,-1,-1,-1
486,1,449.00,60.00,418.00,218.00,0.88,-1,-1,-1
486,2,268.00,86.00,290.00,167.00,0.87,-1,-1,-1
486,72,290.00,57.00,166.00,94.00,0.58,-1,-1,-1
487,1,449.00,60.00,418.00,218.00,0.88,-1,-1,-1
487,2,268.00,86.00,290.00,167.00,0.87,-1,-1,-1
487,72,290.00,57.00,166.00,94.00,0.58,-1,-1,-1
488,1,449.00,60.00,418.00,218.00,0.88,-1,-1,-1
488,2,268.00,86.00,290.00,167.00,0.87,-1,-1,-1
488,72,290.00,57.00,166.00,94.00,0.58,-1,-1,-1
489,1,449.00,60.00,418.00,218.00,0.88,-1,-1,-1
489,2,268.00,86.00,290.00,167.00,0.87,-1,-1,-1
489,72,290.00,57.00,166.00,94.00,0.58,-1,-1,-1
490,1,449.00,60.00,418.00,218.00,0.88,-1,-1,-1
490,2,268.00,86.00,290.00,167.00,0.87,-1,-1,-1
490,72,290.00,57.00,166.00,94.00,0.58,-1,-1,-1
491,1,449.00,60.00,418.00,218.00,0.88,-1,-1,-1
491,2,268.00,86.00,290.00,167.00,0.87,-1,-1,-1
491,72,290.00,57.00,166.00,94.00,0.58,-1,-1,-1
492,1,449.00,60.00,418.00,218.00,0.88,-1,-1,-1
492,2,268.00,86.00,290.00,167.00,0.87,-1,-1,-1
492,72,290.00,57.00,166.00,94.00,0.58,-1,-1,-1
493,1,449.00,60.00,418.00,218.00,0.88,-1,-1,-1
493,2,268.00,86.00,290.00,167.00,0.87,-1,-1,-1
493,72,290.00,57.00,166.00,94.00,0.59,-1,-1,-1
494,1,449.00,60.00,418.00,218.00,0.88,-1,-1,-1
494,2,268.00,86.00,290.00,167.00,0.87,-1,-1,-1
494,72,290.00,57.00,166.00,94.00,0.59,-1,-1,-1
495,1,449.00,60.00,418.00,218.00,0.88,-1,-1,-1
495,2,268.00,86.00,290.00,167.00,0.87,-1,-1,-1
495,72,290.00,57.00,166.00,94.00,0.59,-1,-1,-1
496,1,449.00,60.00,418.00,218.00,0.88,-1,-1,-1
496,2,268.00,86.00,290.00,167.00,0.87,-1,-1,-1
496,72,290.00,57.00,166.00,94.00,0.59,-1,-1,-1
497,1,449.00,60.00,418.00,218.00,0.88,-1,-1,-1
497,2,268.00,86.00,290.00,167.00,0.87,-1,-1,-1
497,72,290.00,57.00,166.00,94.00,0.60,-1,-1,-1
498,1,449.00,60.00,418.00,217.00,0.88,-1,-1,-1
498,2,268.00,86.00,290.00,167.00,0.87,-1,-1,-1
498,72,290.00,57.00,166.00,94.00,0.58,-1,-1,-1
499,1,449.00,60.00,418.00,217.00,0.88,-1,-1,-1
499,2,268.00,86.00,290.00,167.00,0.87,-1,-1,-1
499,72,290.00,57.00,166.00,94.00,0.59,-1,-1,-1
500,1,449.00,60.00,418.00,218.00,0.88,-1,-1,-1
500,2,268.00,86.00,290.00,167.00,0.87,-1,-1,-1
500,72,290.00,57.00,166.00,94.00,0.59,-1,-1,-1
501,1,450.00,60.00,417.00,217.00,0.88,-1,-1,-1
501,2,268.00,86.00,290.00,167.00,0.87,-1,-1,-1
501,72,290.00,57.00,166.00,94.00,0.59,-1,-1,-1
502,1,450.00,60.00,417.00,217.00,0.88,-1,-1,-1
502,2,268.00,86.00,290.00,167.00,0.87,-1,-1,-1
502,72,290.00,57.00,166.00,94.00,0.59,-1,-1,-1
503,1,450.00,60.00,417.00,217.00,0.88,-1,-1,-1
503,2,268.00,86.00,290.00,167.00,0.87,-1,-1,-1
503,72,290.00,57.00,166.00,94.00,0.60,-1,-1,-1
504,1,450.00,60.00,417.00,218.00,0.88,-1,-1,-1
504,2,268.00,86.00,290.00,167.00,0.87,-1,-1,-1
504,72,290.00,57.00,166.00,94.00,0.60,-1,-1,-1
505,1,449.00,60.00,418.00,218.00,0.88,-1,-1,-1
505,2,268.00,86.00,290.00,167.00,0.87,-1,-1,-1
505,72,290.00,57.00,166.00,94.00,0.60,-1,-1,-1
506,1,450.00,60.00,417.00,217.00,0.88,-1,-1,-1
506,2,268.00,86.00,290.00,167.00,0.87,-1,-1,-1
506,72,290.00,57.00,166.00,94.00,0.59,-1,-1,-1
507,1,450.00,61.00,417.00,216.00,0.88,-1,-1,-1
507,2,268.00,86.00,290.00,167.00,0.87,-1,-1,-1
507,72,290.00,57.00,166.00,94.00,0.59,-1,-1,-1
508,1,450.00,60.00,417.00,217.00,0.87,-1,-1,-1
508,2,268.00,86.00,290.00,167.00,0.87,-1,-1,-1
508,72,290.00,57.00,166.00,94.00,0.60,-1,-1,-1
509,1,449.00,60.00,418.00,217.00,0.88,-1,-1,-1
509,2,267.00,86.00,291.00,167.00,0.87,-1,-1,-1
509,72,291.00,58.00,164.00,93.00,0.56,-1,-1,-1
510,1,449.00,60.00,418.00,217.00,0.88,-1,-1,-1
510,2,267.00,86.00,290.00,167.00,0.87,-1,-1,-1
510,72,291.00,59.00,164.00,92.00,0.54,-1,-1,-1
511,1,449.00,60.00,418.00,217.00,0.88,-1,-1,-1
511,2,267.00,86.00,290.00,167.00,0.87,-1,-1,-1
511,72,291.00,59.00,163.00,92.00,0.55,-1,-1,-1
512,1,449.00,60.00,418.00,217.00,0.89,-1,-1,-1
512,2,267.00,86.00,290.00,167.00,0.87,-1,-1,-1
512,72,292.00,59.00,162.00,92.00,0.54,-1,-1,-1
513,1,449.00,60.00,418.00,217.00,0.88,-1,-1,-1
513,2,267.00,86.00,290.00,167.00,0.87,-1,-1,-1
513,72,292.00,59.00,162.00,92.00,0.54,-1,-1,-1
514,1,449.00,60.00,419.00,217.00,0.88,-1,-1,-1
514,2,267.00,86.00,290.00,167.00,0.87,-1,-1,-1
514,72,291.00,59.00,163.00,92.00,0.56,-1,-1,-1
515,1,449.00,60.00,419.00,218.00,0.87,-1,-1,-1
515,2,267.00,86.00,290.00,167.00,0.87,-1,-1,-1
515,72,291.00,59.00,163.00,92.00,0.57,-1,-1,-1
516,1,449.00,60.00,419.00,218.00,0.87,-1,-1,-1
516,2,267.00,86.00,290.00,167.00,0.87,-1,-1,-1
516,72,291.00,59.00,163.00,92.00,0.57,-1,-1,-1
517,1,449.00,60.00,419.00,218.00,0.87,-1,-1,-1
517,2,267.00,86.00,290.00,167.00,0.87,-1,-1,-1
517,72,291.00,59.00,163.00,92.00,0.59,-1,-1,-1
518,1,449.00,60.00,419.00,218.00,0.88,-1,-1,-1
518,2,267.00,86.00,290.00,167.00,0.87,-1,-1,-1
518,72,292.00,59.00,162.00,92.00,0.59,-1,-1,-1
519,1,449.00,60.00,418.00,217.00,0.88,-1,-1,-1
519,2,268.00,86.00,289.00,167.00,0.87,-1,-1,-1
519,72,291.00,58.00,164.00,93.00,0.61,-1,-1,-1
520,1,449.00,60.00,418.00,217.00,0.88,-1,-1,-1
520,2,268.00,86.00,289.00,167.00,0.87,-1,-1,-1
520,72,291.00,59.00,164.00,92.00,0.57,-1,-1,-1
521,1,449.00,60.00,418.00,217.00,0.88,-1,-1,-1
521,2,268.00,86.00,289.00,167.00,0.87,-1,-1,-1
521,72,291.00,59.00,164.00,92.00,0.57,-1,-1,-1
522,1,449.00,60.00,419.00,218.00,0.88,-1,-1,-1
522,2,268.00,86.00,289.00,167.00,0.87,-1,-1,-1
522,72,291.00,59.00,164.00,92.00,0.56,-1,-1,-1
523,1,449.00,60.00,419.00,217.00,0.88,-1,-1,-1
523,2,268.00,86.00,289.00,167.00,0.87,-1,-1,-1
523,72,291.00,58.00,164.00,93.00,0.55,-1,-1,-1
524,1,449.00,60.00,419.00,217.00,0.88,-1,-1,-1
524,2,268.00,86.00,289.00,167.00,0.87,-1,-1,-1
524,72,291.00,58.00,164.00,93.00,0.56,-1,-1,-1
525,1,449.00,60.00,419.00,217.00,0.88,-1,-1,-1
525,2,268.00,86.00,289.00,167.00,0.87,-1,-1,-1
525,72,291.00,58.00,164.00,93.00,0.56,-1,-1,-1
526,1,449.00,60.00,418.00,217.00,0.88,-1,-1,-1
526,2,268.00,86.00,289.00,167.00,0.87,-1,-1,-1
526,72,291.00,58.00,164.00,93.00,0.56,-1,-1,-1
527,1,449.00,60.00,418.00,217.00,0.88,-1,-1,-1
527,2,268.00,86.00,289.00,167.00,0.87,-1,-1,-1
527,72,291.00,58.00,164.00,93.00,0.56,-1,-1,-1
528,1,449.00,60.00,419.00,218.00,0.88,-1,-1,-1
528,2,268.00,86.00,289.00,167.00,0.87,-1,-1,-1
528,72,291.00,58.00,164.00,93.00,0.56,-1,-1,-1
529,1,449.00,60.00,418.00,218.00,0.88,-1,-1,-1
529,2,268.00,86.00,289.00,167.00,0.87,-1,-1,-1
529,72,291.00,58.00,164.00,93.00,0.56,-1,-1,-1
530,1,449.00,60.00,418.00,217.00,0.88,-1,-1,-1
530,2,268.00,86.00,289.00,167.00,0.87,-1,-1,-1
530,72,291.00,58.00,164.00,93.00,0.57,-1,-1,-1
531,1,449.00,60.00,418.00,218.00,0.88,-1,-1,-1
531,2,268.00,86.00,289.00,167.00,0.87,-1,-1,-1
531,72,291.00,58.00,164.00,93.00,0.61,-1,-1,-1
532,1,449.00,60.00,418.00,218.00,0.88,-1,-1,-1
532,2,268.00,86.00,289.00,167.00,0.87,-1,-1,-1
532,72,291.00,59.00,164.00,92.00,0.60,-1,-1,-1
533,1,449.00,60.00,418.00,218.00,0.88,-1,-1,-1
533,2,268.00,86.00,289.00,167.00,0.87,-1,-1,-1
533,72,291.00,58.00,164.00,93.00,0.57,-1,-1,-1
534,1,449.00,60.00,418.00,218.00,0.88,-1,-1,-1
534,2,268.00,86.00,289.00,167.00,0.87,-1,-1,-1
534,72,291.00,59.00,164.00,92.00,0.59,-1,-1,-1
535,1,449.00,60.00,418.00,218.00,0.87,-1,-1,-1
535,2,268.00,86.00,289.00,167.00,0.87,-1,-1,-1
535,72,291.00,58.00,164.00,93.00,0.60,-1,-1,-1
536,1,449.00,60.00,418.00,218.00,0.88,-1,-1,-1
536,2,268.00,86.00,289.00,167.00,0.87,-1,-1,-1
536,72,291.00,58.00,164.00,93.00,0.58,-1,-1,-1
537,1,449.00,60.00,418.00,218.00,0.88,-1,-1,-1
537,2,268.00,86.00,289.00,167.00,0.87,-1,-1,-1
537,72,291.00,58.00,164.00,93.00,0.58,-1,-1,-1
538,1,449.00,60.00,418.00,218.00,0.88,-1,-1,-1
538,2,268.00,86.00,289.00,167.00,0.87,-1,-1,-1
538,72,291.00,58.00,164.00,93.00,0.56,-1,-1,-1
539,1,449.00,60.00,418.00,217.00,0.89,-1,-1,-1
539,2,268.00,86.00,288.00,167.00,0.87,-1,-1,-1
539,72,291.00,58.00,164.00,93.00,0.56,-1,-1,-1
540,1,449.00,60.00,418.00,217.00,0.89,-1,-1,-1
540,2,268.00,86.00,288.00,167.00,0.88,-1,-1,-1
540,72,291.00,58.00,164.00,92.00,0.56,-1,-1,-1
541,1,449.00,60.00,418.00,217.00,0.88,-1,-1,-1
541,2,268.00,86.00,288.00,167.00,0.87,-1,-1,-1
541,72,291.00,57.00,164.00,93.00,0.57,-1,-1,-1
542,1,448.00,60.00,419.00,217.00,0.89,-1,-1,-1
542,2,269.00,86.00,287.00,166.00,0.87,-1,-1,-1
542,72,291.00,57.00,164.00,93.00,0.57,-1,-1,-1
543,1,448.00,60.00,419.00,217.00,0.88,-1,-1,-1
543,2,268.00,86.00,288.00,167.00,0.87,-1,-1,-1
543,72,291.00,57.00,164.00,93.00,0.59,-1,-1,-1
544,1,448.00,60.00,419.00,217.00,0.88,-1,-1,-1
544,2,268.00,86.00,288.00,167.00,0.87,-1,-1,-1
544,72,291.00,57.00,164.00,93.00,0.60,-1,-1,-1
545,1,448.00,60.00,419.00,217.00,0.88,-1,-1,-1
545,2,268.00,86.00,288.00,167.00,0.87,-1,-1,-1
545,72,291.00,57.00,164.00,93.00,0.60,-1,-1,-1
546,1,448.00,60.00,419.00,217.00,0.88,-1,-1,-1
546,2,269.00,86.00,287.00,167.00,0.87,-1,-1,-1
546,72,291.00,57.00,164.00,93.00,0.60,-1,-1,-1
547,1,449.00,60.00,418.00,217.00,0.88,-1,-1,-1
547,2,269.00,86.00,287.00,167.00,0.87,-1,-1,-1
547,72,291.00,57.00,164.00,93.00,0.60,-1,-1,-1
548,1,449.00,60.00,418.00,217.00,0.88,-1,-1,-1
548,2,269.00,86.00,287.00,166.00,0.87,-1,-1,-1
548,72,291.00,57.00,164.00,93.00,0.61,-1,-1,-1
549,1,449.00,60.00,418.00,217.00,0.89,-1,-1,-1
549,2,269.00,86.00,287.00,166.00,0.87,-1,-1,-1
549,72,291.00,57.00,164.00,93.00,0.60,-1,-1,-1
550,1,449.00,60.00,418.00,217.00,0.89,-1,-1,-1
550,2,269.00,86.00,287.00,166.00,0.87,-1,-1,-1
550,72,291.00,57.00,164.00,93.00,0.60,-1,-1,-1
551,1,449.00,60.00,418.00,217.00,0.89,-1,-1,-1
551,2,269.00,86.00,287.00,166.00,0.87,-1,-1,-1
551,72,291.00,57.00,164.00,93.00,0.61,-1,-1,-1
552,1,449.00,60.00,418.00,217.00,0.89,-1,-1,-1
552,2,269.00,86.00,287.00,166.00,0.87,-1,-1,-1
552,72,291.00,57.00,164.00,93.00,0.61,-1,-1,-1
553,1,449.00,60.00,418.00,217.00,0.89,-1,-1,-1
553,2,269.00,86.00,287.00,166.00,0.87,-1,-1,-1
553,72,291.00,57.00,164.00,93.00,0.60,-1,-1,-1
554,1,449.00,60.00,418.00,217.00,0.89,-1,-1,-1
554,2,269.00,86.00,287.00,166.00,0.87,-1,-1,-1
554,72,291.00,57.00,164.00,93.00,0.60,-1,-1,-1
555,1,449.00,60.00,418.00,217.00,0.88,-1,-1,-1
555,2,269.00,86.00,287.00,166.00,0.87,-1,-1,-1
555,72,291.00,57.00,164.00,93.00,0.60,-1,-1,-1
556,1,449.00,60.00,418.00,217.00,0.88,-1,-1,-1
556,2,269.00,86.00,287.00,166.00,0.87,-1,-1,-1
556,72,291.00,57.00,164.00,93.00,0.61,-1,-1,-1
557,1,449.00,60.00,418.00,217.00,0.88,-1,-1,-1
557,2,269.00,86.00,287.00,166.00,0.87,-1,-1,-1
557,72,290.00,57.00,165.00,93.00,0.61,-1,-1,-1
558,1,449.00,60.00,418.00,217.00,0.88,-1,-1,-1
558,2,269.00,86.00,287.00,166.00,0.87,-1,-1,-1
558,72,290.00,57.00,165.00,93.00,0.61,-1,-1,-1
559,1,449.00,60.00,418.00,217.00,0.88,-1,-1,-1
559,2,269.00,86.00,287.00,166.00,0.87,-1,-1,-1
559,72,290.00,57.00,166.00,93.00,0.61,-1,-1,-1
560,1,449.00,60.00,418.00,217.00,0.88,-1,-1,-1
560,2,269.00,86.00,287.00,166.00,0.87,-1,-1,-1
560,72,290.00,57.00,166.00,93.00,0.61,-1,-1,-1
561,1,449.00,60.00,418.00,217.00,0.88,-1,-1,-1
561,2,269.00,86.00,287.00,166.00,0.87,-1,-1,-1
561,72,290.00,57.00,165.00,93.00,0.62,-1,-1,-1
562,1,449.00,60.00,418.00,217.00,0.88,-1,-1,-1
562,2,269.00,86.00,287.00,166.00,0.88,-1,-1,-1
562,72,290.00,57.00,165.00,93.00,0.62,-1,-1,-1
563,1,449.00,60.00,418.00,217.00,0.88,-1,-1,-1
563,2,269.00,86.00,287.00,166.00,0.88,-1,-1,-1
563,72,290.00,57.00,165.00,93.00,0.62,-1,-1,-1
564,1,449.00,59.00,418.00,218.00,0.88,-1,-1,-1
564,2,269.00,86.00,287.00,166.00,0.87,-1,-1,-1
564,72,290.00,57.00,165.00,93.00,0.60,-1,-1,-1
565,1,449.00,60.00,418.00,217.00,0.88,-1,-1,-1
565,2,269.00,86.00,287.00,166.00,0.87,-1,-1,-1
565,72,290.00,57.00,165.00,93.00,0.61,-1,-1,-1
566,1,449.00,60.00,418.00,217.00,0.88,-1,-1,-1
566,2,269.00,86.00,287.00,166.00,0.87,-1,-1,-1
566,72,290.00,57.00,165.00,93.00,0.59,-1,-1,-1
567,1,449.00,60.00,418.00,217.00,0.88,-1,-1,-1
567,2,269.00,86.00,287.00,166.00,0.87,-1,-1,-1
567,72,290.00,57.00,165.00,93.00,0.60,-1,-1,-1
568,1,449.00,60.00,418.00,217.00,0.88,-1,-1,-1
568,2,269.00,86.00,287.00,166.00,0.87,-1,-1,-1
568,72,290.00,57.00,165.00,93.00,0.61,-1,-1,-1
569,1,449.00,60.00,418.00,217.00,0.89,-1,-1,-1
569,2,270.00,86.00,287.00,166.00,0.87,-1,-1,-1
569,72,291.00,59.00,164.00,92.00,0.63,-1,-1,-1
570,1,449.00,60.00,418.00,217.00,0.89,-1,-1,-1
570,2,270.00,86.00,287.00,166.00,0.87,-1,-1,-1
570,72,292.00,59.00,163.00,92.00,0.63,-1,-1,-1
571,1,449.00,59.00,418.00,218.00,0.89,-1,-1,-1
571,2,271.00,86.00,286.00,166.00,0.87,-1,-1,-1
571,72,292.00,59.00,163.00,92.00,0.62,-1,-1,-1
572,1,449.00,59.00,418.00,218.00,0.89,-1,-1,-1
572,2,271.00,86.00,286.00,166.00,0.87,-1,-1,-1
572,72,292.00,59.00,163.00,92.00,0.61,-1,-1,-1
573,1,449.00,59.00,418.00,218.00,0.89,-1,-1,-1
573,2,271.00,86.00,286.00,166.00,0.87,-1,-1,-1
573,72,292.00,59.00,163.00,92.00,0.61,-1,-1,-1
574,1,449.00,59.00,418.00,218.00,0.89,-1,-1,-1
574,2,271.00,86.00,286.00,166.00,0.87,-1,-1,-1
574,72,292.00,59.00,162.00,92.00,0.60,-1,-1,-1
575,1,449.00,59.00,418.00,218.00,0.89,-1,-1,-1
575,2,270.00,86.00,287.00,166.00,0.87,-1,-1,-1
575,72,292.00,59.00,163.00,92.00,0.61,-1,-1,-1
576,1,449.00,59.00,418.00,218.00,0.89,-1,-1,-1
576,2,270.00,86.00,287.00,166.00,0.87,-1,-1,-1
576,72,292.00,59.00,162.00,92.00,0.61,-1,-1,-1
577,1,449.00,59.00,418.00,218.00,0.89,-1,-1,-1
577,2,270.00,86.00,287.00,166.00,0.87,-1,-1,-1
577,72,292.00,59.00,162.00,92.00,0.61,-1,-1,-1
578,1,449.00,59.00,418.00,218.00,0.89,-1,-1,-1
578,2,270.00,86.00,287.00,166.00,0.87,-1,-1,-1
578,72,292.00,59.00,162.00,92.00,0.59,-1,-1,-1
579,1,448.00,59.00,419.00,218.00,0.89,-1,-1,-1
579,2,270.00,86.00,287.00,166.00,0.87,-1,-1,-1
579,72,292.00,59.00,163.00,92.00,0.59,-1,-1,-1
580,1,448.00,59.00,419.00,218.00,0.89,-1,-1,-1
580,2,270.00,86.00,287.00,166.00,0.87,-1,-1,-1
580,72,292.00,59.00,163.00,92.00,0.59,-1,-1,-1
581,1,448.00,59.00,419.00,218.00,0.89,-1,-1,-1
581,2,270.00,86.00,287.00,166.00,0.87,-1,-1,-1
581,72,291.00,59.00,164.00,92.00,0.58,-1,-1,-1
582,1,448.00,59.00,419.00,218.00,0.89,-1,-1,-1
582,2,270.00,86.00,287.00,166.00,0.87,-1,-1,-1
582,72,291.00,59.00,164.00,92.00,0.58,-1,-1,-1
583,1,448.00,59.00,419.00,218.00,0.89,-1,-1,-1
583,2,270.00,86.00,287.00,166.00,0.87,-1,-1,-1
583,72,291.00,59.00,164.00,92.00,0.59,-1,-1,-1
584,1,448.00,59.00,419.00,218.00,0.89,-1,-1,-1
584,2,270.00,86.00,287.00,166.00,0.87,-1,-1,-1
584,72,292.00,59.00,163.00,92.00,0.59,-1,-1,-1
585,1,448.00,59.00,419.00,218.00,0.89,-1,-1,-1
585,2,270.00,86.00,287.00,166.00,0.87,-1,-1,-1
585,72,291.00,59.00,164.00,92.00,0.59,-1,-1,-1
586,1,448.00,59.00,419.00,218.00,0.89,-1,-1,-1
586,2,270.00,86.00,287.00,166.00,0.87,-1,-1,-1
586,72,292.00,59.00,163.00,92.00,0.59,-1,-1,-1
587,1,448.00,59.00,419.00,218.00,0.89,-1,-1,-1
587,2,270.00,86.00,287.00,166.00,0.87,-1,-1,-1
587,72,291.00,59.00,164.00,92.00,0.59,-1,-1,-1
588,1,448.00,59.00,419.00,218.00,0.88,-1,-1,-1
588,2,270.00,86.00,287.00,166.00,0.87,-1,-1,-1
588,72,291.00,59.00,164.00,92.00,0.60,-1,-1,-1
589,1,448.00,59.00,419.00,218.00,0.88,-1,-1,-1
589,2,270.00,86.00,287.00,166.00,0.87,-1,-1,-1
589,72,292.00,59.00,163.00,92.00,0.60,-1,-1,-1
590,1,449.00,60.00,418.00,217.00,0.89,-1,-1,-1
590,2,270.00,86.00,287.00,166.00,0.87,-1,-1,-1
590,72,291.00,59.00,164.00,92.00,0.60,-1,-1,-1
591,1,449.00,60.00,418.00,217.00,0.88,-1,-1,-1
591,2,270.00,86.00,287.00,166.00,0.87,-1,-1,-1
591,72,291.00,59.00,164.00,92.00,0.60,-1,-1,-1
592,1,448.00,59.00,419.00,218.00,0.88,-1,-1,-1
592,2,270.00,86.00,287.00,166.00,0.87,-1,-1,-1
592,72,291.00,59.00,164.00,92.00,0.60,-1,-1,-1
593,1,448.00,59.00,419.00,218.00,0.88,-1,-1,-1
593,2,270.00,86.00,287.00,166.00,0.87,-1,-1,-1
593,72,292.00,59.00,162.00,92.00,0.61,-1,-1,-1
594,1,448.00,59.00,419.00,218.00,0.88,-1,-1,-1
594,2,270.00,86.00,288.00,166.00,0.87,-1,-1,-1
594,72,292.00,59.00,162.00,92.00,0.61,-1,-1,-1
595,1,448.00,59.00,419.00,218.00,0.88,-1,-1,-1
595,2,270.00,86.00,288.00,166.00,0.87,-1,-1,-1
595,72,292.00,59.00,162.00,92.00,0.60,-1,-1,-1
596,1,448.00,59.00,419.00,218.00,0.88,-1,-1,-1
596,2,270.00,86.00,288.00,166.00,0.87,-1,-1,-1
596,72,292.00,59.00,162.00,92.00,0.61,-1,-1,-1
597,1,449.00,60.00,418.00,217.00,0.88,-1,-1,-1
597,2,270.00,86.00,288.00,166.00,0.87,-1,-1,-1
597,72,291.00,59.00,163.00,92.00,0.58,-1,-1,-1
598,1,449.00,60.00,418.00,217.00,0.89,-1,-1,-1
598,2,270.00,86.00,288.00,166.00,0.87,-1,-1,-1
598,72,291.00,59.00,163.00,92.00,0.58,-1,-1,-1
599,1,449.00,60.00,418.00,217.00,0.88,-1,-1,-1
599,2,270.00,86.00,288.00,166.00,0.87,-1,-1,-1
599,72,291.00,58.00,164.00,92.00,0.57,-1,-1,-1
600,1,449.00,60.00,418.00,217.00,0.88,-1,-1,-1
600,2,270.00,86.00,288.00,167.00,0.87,-1,-1,-1
600,72,291.00,57.00,164.00,93.00,0.57,-1,-1,-1
601,1,449.00,59.00,418.00,218.00,0.90,-1,-1,-1
601,2,270.00,86.00,288.00,167.00,0.87,-1,-1,-1
601,72,291.00,57.00,165.00,93.00,0.58,-1,-1,-1
602,1,449.00,60.00,418.00,217.00,0.88,-1,-1,-1
602,2,270.00,86.00,287.00,167.00,0.87,-1,-1,-1
602,72,291.00,57.00,165.00,93.00,0.58,-1,-1,-1
603,1,449.00,60.00,418.00,217.00,0.88,-1,-1,-1
603,2,270.00,86.00,287.00,167.00,0.87,-1,-1,-1
603,72,291.00,57.00,165.00,93.00,0.56,-1,-1,-1
604,1,449.00,60.00,418.00,217.00,0.88,-1,-1,-1
604,2,270.00,86.00,287.00,167.00,0.87,-1,-1,-1
604,72,290.00,57.00,165.00,92.00,0.56,-1,-1,-1
605,1,449.00,60.00,418.00,217.00,0.90,-1,-1,-1
605,2,270.00,86.00,287.00,167.00,0.87,-1,-1,-1
605,72,290.00,57.00,165.00,93.00,0.57,-1,-1,-1
606,1,449.00,59.00,419.00,218.00,0.90,-1,-1,-1
606,2,269.00,86.00,288.00,167.00,0.87,-1,-1,-1
606,72,290.00,57.00,165.00,93.00,0.57,-1,-1,-1
607,1,449.00,59.00,419.00,218.00,0.90,-1,-1,-1
607,2,269.00,86.00,288.00,167.00,0.87,-1,-1,-1
607,72,290.00,57.00,165.00,93.00,0.57,-1,-1,-1
608,1,449.00,59.00,419.00,218.00,0.88,-1,-1,-1
608,2,270.00,86.00,287.00,167.00,0.87,-1,-1,-1
608,72,290.00,57.00,165.00,93.00,0.57,-1,-1,-1
609,1,449.00,59.00,419.00,218.00,0.89,-1,-1,-1
609,2,270.00,86.00,287.00,167.00,0.87,-1,-1,-1
609,72,290.00,58.00,165.00,92.00,0.56,-1,-1,-1
610,1,449.00,59.00,419.00,218.00,0.88,-1,-1,-1
610,2,269.00,86.00,288.00,167.00,0.87,-1,-1,-1
610,72,290.00,58.00,165.00,92.00,0.56,-1,-1,-1
611,1,449.00,59.00,419.00,218.00,0.88,-1,-1,-1
611,2,269.00,86.00,288.00,167.00,0.87,-1,-1,-1
611,72,289.00,57.00,166.00,93.00,0.57,-1,-1,-1
612,1,449.00,59.00,419.00,218.00,0.88,-1,-1,-1
612,2,269.00,86.00,288.00,167.00,0.87,-1,-1,-1
612,72,289.00,57.00,166.00,93.00,0.55,-1,-1,-1
613,1,449.00,59.00,418.00,218.00,0.88,-1,-1,-1
613,2,269.00,86.00,288.00,167.00,0.87,-1,-1,-1
613,72,289.00,58.00,166.00,93.00,0.55,-1,-1,-1
614,1,449.00,59.00,418.00,218.00,0.89,-1,-1,-1
614,2,269.00,86.00,288.00,167.00,0.87,-1,-1,-1
614,72,289.00,57.00,166.00,93.00,0.55,-1,-1,-1
615,1,449.00,59.00,418.00,218.00,0.89,-1,-1,-1
615,2,269.00,86.00,288.00,167.00,0.87,-1,-1,-1
615,72,289.00,56.00,166.00,93.00,0.56,-1,-1,-1
616,1,449.00,59.00,418.00,218.00,0.88,-1,-1,-1
616,2,269.00,86.00,287.00,167.00,0.87,-1,-1,-1
616,72,288.00,57.00,167.00,94.00,0.55,-1,-1,-1
617,1,449.00,60.00,418.00,217.00,0.88,-1,-1,-1
617,2,269.00,86.00,287.00,167.00,0.87,-1,-1,-1
617,72,287.00,57.00,167.00,93.00,0.52,-1,-1,-1
618,1,449.00,60.00,418.00,217.00,0.89,-1,-1,-1
618,2,269.00,86.00,287.00,167.00,0.87,-1,-1,-1
618,72,287.00,56.00,167.00,93.00,0.52,-1,-1,-1
619,1,449.00,60.00,418.00,217.00,0.89,-1,-1,-1
619,2,269.00,86.00,287.00,167.00,0.87,-1,-1,-1
619,72,287.00,56.00,167.00,93.00,0.51,-1,-1,-1
620,1,449.00,59.00,418.00,218.00,0.89,-1,-1,-1
620,2,269.00,86.00,287.00,167.00,0.87,-1,-1,-1
620,72,286.00,57.00,169.00,94.00,0.51,-1,-1,-1
621,1,449.00,60.00,418.00,217.00,0.88,-1,-1,-1
621,2,269.00,86.00,287.00,167.00,0.87,-1,-1,-1
621,72,286.00,56.00,168.00,94.00,0.51,-1,-1,-1
622,1,449.00,60.00,418.00,217.00,0.89,-1,-1,-1
622,2,268.00,86.00,288.00,167.00,0.87,-1,-1,-1
622,72,287.00,57.00,168.00,94.00,0.54,-1,-1,-1
623,1,449.00,60.00,418.00,217.00,0.88,-1,-1,-1
623,2,268.00,86.00,288.00,167.00,0.87,-1,-1,-1
623,72,288.00,57.00,168.00,93.00,0.53,-1,-1,-1
624,1,449.00,60.00,418.00,217.00,0.89,-1,-1,-1
624,2,268.00,86.00,288.00,167.00,0.87,-1,-1,-1
624,72,288.00,56.00,168.00,93.00,0.55,-1,-1,-1
625,1,449.00,59.00,419.00,218.00,0.89,-1,-1,-1
625,2,269.00,86.00,288.00,167.00,0.87,-1,-1,-1
625,72,289.00,56.00,167.00,93.00,0.55,-1,-1,-1
626,1,449.00,59.00,419.00,218.00,0.89,-1,-1,-1
626,2,269.00,86.00,288.00,167.00,0.87,-1,-1,-1
626,72,289.00,56.00,167.00,93.00,0.55,-1,-1,-1
627,1,449.00,59.00,419.00,218.00,0.89,-1,-1,-1
627,2,269.00,86.00,288.00,167.00,0.87,-1,-1,-1
627,72,289.00,56.00,167.00,93.00,0.54,-1,-1,-1
628,1,449.00,59.00,419.00,218.00,0.89,-1,-1,-1
628,2,269.00,86.00,288.00,167.00,0.87,-1,-1,-1
628,72,289.00,56.00,167.00,93.00,0.54,-1,-1,-1
629,1,449.00,59.00,419.00,218.00,0.89,-1,-1,-1
629,2,269.00,86.00,287.00,167.00,0.87,-1,-1,-1
629,72,290.00,58.00,166.00,92.00,0.57,-1,-1,-1
630,1,449.00,59.00,419.00,218.00,0.89,-1,-1,-1
630,2,269.00,86.00,288.00,166.00,0.87,-1,-1,-1
630,72,291.00,58.00,165.00,93.00,0.56,-1,-1,-1
631,1,449.00,59.00,419.00,218.00,0.89,-1,-1,-1
631,2,269.00,86.00,288.00,166.00,0.87,-1,-1,-1
631,72,291.00,58.00,165.00,93.00,0.57,-1,-1,-1
632,1,449.00,59.00,419.00,218.00,0.89,-1,-1,-1
632,2,269.00,86.00,288.00,167.00,0.87,-1,-1,-1
632,72,291.00,58.00,165.00,93.00,0.57,-1,-1,-1
633,1,449.00,60.00,419.00,217.00,0.89,-1,-1,-1
633,2,269.00,86.00,288.00,167.00,0.87,-1,-1,-1
633,72,291.00,58.00,165.00,93.00,0.57,-1,-1,-1
634,1,449.00,60.00,418.00,217.00,0.89,-1,-1,-1
634,2,269.00,86.00,288.00,167.00,0.87,-1,-1,-1
634,72,291.00,58.00,165.00,93.00,0.57,-1,-1,-1
635,1,449.00,60.00,418.00,218.00,0.89,-1,-1,-1
635,2,269.00,86.00,288.00,167.00,0.87,-1,-1,-1
635,72,291.00,58.00,164.00,93.00,0.57,-1,-1,-1
636,1,449.00,60.00,418.00,218.00,0.89,-1,-1,-1
636,2,269.00,86.00,288.00,167.00,0.87,-1,-1,-1
636,72,291.00,58.00,164.00,93.00,0.58,-1,-1,-1
637,1,449.00,60.00,418.00,218.00,0.89,-1,-1,-1
637,2,269.00,86.00,288.00,167.00,0.87,-1,-1,-1
637,72,291.00,58.00,164.00,93.00,0.58,-1,-1,-1
638,1,449.00,60.00,418.00,218.00,0.89,-1,-1,-1
638,2,269.00,86.00,288.00,166.00,0.87,-1,-1,-1
638,72,291.00,58.00,164.00,93.00,0.59,-1,-1,-1
639,1,449.00,60.00,418.00,218.00,0.89,-1,-1,-1
639,2,269.00,86.00,288.00,166.00,0.87,-1,-1,-1
639,72,292.00,58.00,163.00,93.00,0.61,-1,-1,-1
640,1,449.00,60.00,418.00,218.00,0.89,-1,-1,-1
640,2,269.00,86.00,288.00,166.00,0.87,-1,-1,-1
640,72,292.00,58.00,163.00,93.00,0.60,-1,-1,-1
641,1,449.00,60.00,418.00,218.00,0.89,-1,-1,-1
641,2,269.00,86.00,288.00,166.00,0.87,-1,-1,-1
641,72,292.00,58.00,163.00,93.00,0.61,-1,-1,-1
642,1,449.00,60.00,418.00,218.00,0.89,-1,-1,-1
642,2,269.00,86.00,288.00,166.00,0.87,-1,-1,-1
642,72,292.00,59.00,163.00,92.00,0.61,-1,-1,-1
643,1,449.00,60.00,418.00,218.00,0.89,-1,-1,-1
643,2,269.00,86.00,288.00,166.00,0.87,-1,-1,-1
643,72,292.00,59.00,163.00,92.00,0.61,-1,-1,-1
644,1,449.00,60.00,418.00,218.00,0.89,-1,-1,-1
644,2,269.00,86.00,288.00,166.00,0.88,-1,-1,-1
644,72,292.00,59.00,163.00,92.00,0.61,-1,-1,-1
645,1,449.00,60.00,418.00,218.00,0.89,-1,-1,-1
645,2,269.00,86.00,288.00,166.00,0.87,-1,-1,-1
645,72,292.00,59.00,163.00,92.00,0.61,-1,-1,-1
646,1,449.00,60.00,418.00,218.00,0.90,-1,-1,-1
646,2,269.00,86.00,288.00,166.00,0.88,-1,-1,-1
646,72,292.00,59.00,163.00,92.00,0.61,-1,-1,-1
647,1,449.00,60.00,418.00,218.00,0.90,-1,-1,-1
647,2,269.00,86.00,288.00,166.00,0.87,-1,-1,-1
647,72,292.00,59.00,163.00,92.00,0.61,-1,-1,-1
648,1,449.00,60.00,418.00,218.00,0.90,-1,-1,-1
648,2,269.00,86.00,288.00,166.00,0.87,-1,-1,-1
648,72,292.00,59.00,163.00,92.00,0.61,-1,-1,-1
649,1,449.00,60.00,418.00,217.00,0.89,-1,-1,-1
649,2,269.00,86.00,288.00,166.00,0.87,-1,-1,-1
649,72,292.00,59.00,163.00,92.00,0.62,-1,-1,-1
650,1,450.00,60.00,417.00,217.00,0.89,-1,-1,-1
650,2,269.00,86.00,288.00,166.00,0.87,-1,-1,-1
650,72,292.00,59.00,163.00,92.00,0.62,-1,-1,-1
651,1,450.00,61.00,417.00,216.00,0.89,-1,-1,-1
651,2,269.00,86.00,288.00,166.00,0.87,-1,-1,-1
651,72,292.00,59.00,163.00,92.00,0.61,-1,-1,-1
652,1,450.00,61.00,416.00,216.00,0.89,-1,-1,-1
652,2,269.00,86.00,288.00,166.00,0.88,-1,-1,-1
652,72,292.00,59.00,163.00,92.00,0.61,-1,-1,-1
653,1,450.00,61.00,416.00,216.00,0.89,-1,-1,-1
653,2,269.00,86.00,288.00,166.00,0.88,-1,-1,-1
653,72,292.00,59.00,163.00,92.00,0.61,-1,-1,-1
654,1,450.00,61.00,416.00,216.00,0.88,-1,-1,-1
654,2,269.00,86.00,288.00,166.00,0.88,-1,-1,-1
654,72,292.00,59.00,163.00,92.00,0.61,-1,-1,-1
655,1,450.00,61.00,417.00,216.00,0.88,-1,-1,-1
655,2,269.00,86.00,288.00,166.00,0.88,-1,-1,-1
655,72,292.00,59.00,163.00,92.00,0.61,-1,-1,-1
656,1,449.00,60.00,418.00,217.00,0.89,-1,-1,-1
656,2,269.00,86.00,288.00,166.00,0.88,-1,-1,-1
656,72,292.00,59.00,163.00,92.00,0.61,-1,-1,-1
657,1,449.00,60.00,419.00,217.00,0.89,-1,-1,-1
657,2,269.00,86.00,288.00,167.00,0.87,-1,-1,-1
657,72,292.00,59.00,163.00,92.00,0.61,-1,-1,-1
658,1,449.00,60.00,419.00,217.00,0.89,-1,-1,-1
658,2,269.00,86.00,288.00,167.00,0.87,-1,-1,-1
658,72,292.00,59.00,163.00,92.00,0.60,-1,-1,-1
659,1,449.00,59.00,419.00,218.00,0.88,-1,-1,-1
659,2,270.00,86.00,287.00,166.00,0.87,-1,-1,-1
659,72,292.00,59.00,163.00,92.00,0.55,-1,-1,-1
660,1,448.00,59.00,420.00,218.00,0.88,-1,-1,-1
660,2,270.00,86.00,286.00,166.00,0.87,-1,-1,-1
660,72,292.00,59.00,163.00,92.00,0.55,-1,-1,-1
661,1,448.00,59.00,420.00,218.00,0.88,-1,-1,-1
661,2,270.00,86.00,286.00,165.00,0.87,-1,-1,-1
661,72,292.00,59.00,163.00,92.00,0.54,-1,-1,-1
662,1,448.00,58.00,421.00,220.00,0.88,-1,-1,-1
662,2,270.00,86.00,286.00,165.00,0.87,-1,-1,-1
662,72,292.00,59.00,163.00,92.00,0.54,-1,-1,-1
663,1,448.00,59.00,420.00,218.00,0.88,-1,-1,-1
663,2,270.00,86.00,287.00,165.00,0.87,-1,-1,-1
663,72,291.00,57.00,164.00,93.00,0.53,-1,-1,-1
664,1,448.00,59.00,420.00,218.00,0.89,-1,-1,-1
664,2,270.00,86.00,287.00,165.00,0.87,-1,-1,-1
664,72,291.00,57.00,164.00,92.00,0.53,-1,-1,-1
665,1,448.00,59.00,420.00,218.00,0.88,-1,-1,-1
665,2,270.00,86.00,287.00,165.00,0.87,-1,-1,-1
665,72,290.00,56.00,165.00,93.00,0.53,-1,-1,-1
666,1,448.00,59.00,420.00,218.00,0.88,-1,-1,-1
666,2,270.00,86.00,287.00,165.00,0.87,-1,-1,-1
666,72,290.00,56.00,165.00,93.00,0.53,-1,-1,-1
667,1,448.00,59.00,420.00,218.00,0.88,-1,-1,-1
667,2,270.00,86.00,287.00,165.00,0.87,-1,-1,-1
667,72,291.00,58.00,164.00,92.00,0.53,-1,-1,-1
668,1,448.00,59.00,420.00,218.00,0.88,-1,-1,-1
668,2,270.00,86.00,287.00,165.00,0.87,-1,-1,-1
668,72,290.00,57.00,165.00,93.00,0.53,-1,-1,-1
669,1,448.00,59.00,420.00,218.00,0.88,-1,-1,-1
669,2,270.00,86.00,287.00,165.00,0.87,-1,-1,-1
669,72,290.00,57.00,165.00,92.00,0.53,-1,-1,-1
670,1,448.00,59.00,420.00,218.00,0.88,-1,-1,-1
670,2,270.00,86.00,287.00,165.00,0.87,-1,-1,-1
670,72,290.00,56.00,165.00,93.00,0.53,-1,-1,-1
671,1,448.00,59.00,420.00,218.00,0.88,-1,-1,-1
671,2,270.00,86.00,287.00,165.00,0.87,-1,-1,-1
671,72,291.00,58.00,164.00,92.00,0.53,-1,-1,-1
672,1,448.00,59.00,420.00,218.00,0.88,-1,-1,-1
672,2,270.00,86.00,287.00,165.00,0.87,-1,-1,-1
672,72,291.00,59.00,164.00,92.00,0.53,-1,-1,-1
673,1,448.00,59.00,420.00,218.00,0.88,-1,-1,-1
673,2,270.00,86.00,287.00,165.00,0.87,-1,-1,-1
673,72,291.00,59.00,164.00,92.00,0.53,-1,-1,-1
674,1,448.00,59.00,420.00,218.00,0.88,-1,-1,-1
674,2,270.00,86.00,287.00,165.00,0.87,-1,-1,-1
674,72,291.00,59.00,164.00,92.00,0.53,-1,-1,-1
675,1,448.00,59.00,420.00,218.00,0.88,-1,-1,-1
675,2,270.00,86.00,287.00,165.00,0.87,-1,-1,-1
675,72,292.00,59.00,163.00,92.00,0.53,-1,-1,-1
676,1,448.00,59.00,420.00,218.00,0.88,-1,-1,-1
676,2,270.00,86.00,287.00,165.00,0.87,-1,-1,-1
676,72,292.00,59.00,163.00,92.00,0.53,-1,-1,-1
677,1,448.00,59.00,419.00,218.00,0.88,-1,-1,-1
677,2,270.00,86.00,287.00,166.00,0.87,-1,-1,-1
677,72,292.00,59.00,163.00,92.00,0.53,-1,-1,-1
