2,1,400.00,234.00,330.00,155.00,0.91,-1,-1,-1
2,3,612.00,234.00,196.00,104.00,0.84,-1,-1,-1
3,1,400.00,234.00,329.00,155.00,0.91,-1,-1,-1
3,3,613.00,234.00,195.00,104.00,0.85,-1,-1,-1
4,1,400.00,234.00,329.00,155.00,0.91,-1,-1,-1
4,3,613.00,234.00,195.00,104.00,0.85,-1,-1,-1
5,1,400.00,234.00,329.00,155.00,0.91,-1,-1,-1
5,3,613.00,234.00,195.00,104.00,0.85,-1,-1,-1
6,1,400.00,234.00,329.00,155.00,0.91,-1,-1,-1
6,3,613.00,234.00,196.00,104.00,0.84,-1,-1,-1
7,1,400.00,234.00,329.00,155.00,0.91,-1,-1,-1
7,3,613.00,234.00,196.00,104.00,0.84,-1,-1,-1
8,1,400.00,234.00,329.00,155.00,0.91,-1,-1,-1
8,3,613.00,234.00,196.00,104.00,0.85,-1,-1,-1
9,1,400.00,234.00,329.00,155.00,0.91,-1,-1,-1
9,3,613.00,234.00,196.00,104.00,0.85,-1,-1,-1
10,1,400.00,234.00,329.00,155.00,0.91,-1,-1,-1
10,3,613.00,234.00,196.00,104.00,0.85,-1,-1,-1
11,1,400.00,234.00,329.00,155.00,0.90,-1,-1,-1
11,3,613.00,234.00,195.00,104.00,0.85,-1,-1,-1
12,1,400.00,234.00,329.00,155.00,0.89,-1,-1,-1
12,3,613.00,234.00,195.00,104.00,0.84,-1,-1,-1
13,1,399.00,234.00,330.00,155.00,0.89,-1,-1,-1
13,3,613.00,234.00,195.00,104.00,0.85,-1,-1,-1
14,1,399.00,234.00,330.00,155.00,0.89,-1,-1,-1
14,3,613.00,234.00,195.00,104.00,0.85,-1,-1,-1
15,1,399.00,234.00,330.00,155.00,0.89,-1,-1,-1
15,3,613.00,234.00,195.00,104.00,0.84,-1,-1,-1
16,1,399.00,234.00,330.00,155.00,0.87,-1,-1,-1
16,3,613.00,234.00,195.00,104.00,0.85,-1,-1,-1
17,1,399.00,235.00,330.00,154.00,0.87,-1,-1,-1
17,3,613.00,234.00,196.00,104.00,0.84,-1,-1,-1
18,1,398.00,234.00,331.00,155.00,0.88,-1,-1,-1
18,3,613.00,234.00,196.00,104.00,0.84,-1,-1,-1
19,1,398.00,234.00,331.00,155.00,0.87,-1,-1,-1
19,3,613.00,234.00,196.00,105.00,0.84,-1,-1,-1
20,1,398.00,234.00,331.00,155.00,0.89,-1,-1,-1
20,3,613.00,234.00,196.00,104.00,0.84,-1,-1,-1
21,1,397.00,234.00,332.00,155.00,0.89,-1,-1,-1
21,3,613.00,234.00,195.00,104.00,0.84,-1,-1,-1
22,1,397.00,234.00,332.00,155.00,0.89,-1,-1,-1
22,3,613.00,234.00,195.00,104.00,0.84,-1,-1,-1
23,1,397.00,234.00,332.00,155.00,0.89,-1,-1,-1
23,3,613.00,234.00,195.00,104.00,0.84,-1,-1,-1
24,1,398.00,234.00,331.00,155.00,0.89,-1,-1,-1
24,3,614.00,234.00,194.00,104.00,0.84,-1,-1,-1
25,1,398.00,234.00,332.00,155.00,0.89,-1,-1,-1
25,3,614.00,234.00,194.00,104.00,0.84,-1,-1,-1
26,1,398.00,234.00,331.00,155.00,0.89,-1,-1,-1
26,3,614.00,234.00,194.00,104.00,0.84,-1,-1,-1
27,1,398.00,234.00,332.00,155.00,0.88,-1,-1,-1
27,3,614.00,234.00,194.00,104.00,0.84,-1,-1,-1
28,1,398.00,234.00,332.00,155.00,0.88,-1,-1,-1
28,3,614.00,234.00,195.00,104.00,0.85,-1,-1,-1
29,1,397.00,234.00,334.00,156.00,0.88,-1,-1,-1
29,3,614.00,234.00,194.00,104.00,0.84,-1,-1,-1
30,1,398.00,234.00,332.00,156.00,0.88,-1,-1,-1
30,3,614.00,234.00,195.00,104.00,0.85,-1,-1,-1
31,1,398.00,234.00,332.00,155.00,0.88,-1,-1,-1
31,3,613.00,234.00,196.00,104.00,0.85,-1,-1,-1
32,1,397.00,234.00,334.00,156.00,0.90,-1,-1,-1
32,3,613.00,234.00,194.00,104.00,0.86,-1,-1,-1
33,1,397.00,233.00,334.00,157.00,0.90,-1,-1,-1
33,3,613.00,234.00,194.00,104.00,0.86,-1,-1,-1
34,1,397.00,233.00,334.00,157.00,0.90,-1,-1,-1
34,3,613.00,234.00,193.00,104.00,0.86,-1,-1,-1
35,1,397.00,233.00,334.00,157.00,0.90,-1,-1,-1
35,3,613.00,234.00,193.00,104.00,0.87,-1,-1,-1
36,1,397.00,233.00,334.00,157.00,0.89,-1,-1,-1
36,3,614.00,234.00,192.00,104.00,0.86,-1,-1,-1
37,1,397.00,233.00,334.00,157.00,0.89,-1,-1,-1
37,3,614.00,234.00,192.00,104.00,0.86,-1,-1,-1
38,1,397.00,233.00,334.00,157.00,0.89,-1,-1,-1
38,3,614.00,234.00,192.00,104.00,0.86,-1,-1,-1
39,1,398.00,233.00,333.00,157.00,0.89,-1,-1,-1
39,3,614.00,234.00,192.00,104.00,0.86,-1,-1,-1
40,1,398.00,233.00,332.00,157.00,0.89,-1,-1,-1
40,3,614.00,234.00,192.00,104.00,0.86,-1,-1,-1
41,1,398.00,233.00,333.00,157.00,0.89,-1,-1,-1
41,3,614.00,234.00,192.00,104.00,0.86,-1,-1,-1
42,1,398.00,233.00,333.00,157.00,0.89,-1,-1,-1
42,3,614.00,234.00,192.00,104.00,0.86,-1,-1,-1
43,1,398.00,233.00,333.00,157.00,0.89,-1,-1,-1
43,3,614.00,234.00,191.00,104.00,0.86,-1,-1,-1
44,1,398.00,233.00,333.00,157.00,0.89,-1,-1,-1
44,3,614.00,234.00,191.00,104.00,0.86,-1,-1,-1
45,1,398.00,233.00,332.00,157.00,0.89,-1,-1,-1
45,3,614.00,234.00,191.00,104.00,0.86,-1,-1,-1
46,1,398.00,233.00,332.00,157.00,0.89,-1,-1,-1
46,3,614.00,234.00,191.00,104.00,0.86,-1,-1,-1
47,1,398.00,233.00,332.00,157.00,0.89,-1,-1,-1
47,3,614.00,234.00,191.00,104.00,0.86,-1,-1,-1
48,1,398.00,233.00,332.00,157.00,0.88,-1,-1,-1
48,3,614.00,234.00,191.00,104.00,0.86,-1,-1,-1
49,1,398.00,233.00,332.00,157.00,0.88,-1,-1,-1
49,3,614.00,234.00,191.00,104.00,0.86,-1,-1,-1
50,1,398.00,233.00,332.00,157.00,0.88,-1,-1,-1
50,3,614.00,234.00,191.00,104.00,0.86,-1,-1,-1
51,1,398.00,233.00,332.00,157.00,0.88,-1,-1,-1
51,3,614.00,234.00,191.00,104.00,0.86,-1,-1,-1
52,1,398.00,233.00,332.00,157.00,0.88,-1,-1,-1
52,3,614.00,234.00,191.00,104.00,0.86,-1,-1,-1
53,1,398.00,233.00,332.00,157.00,0.88,-1,-1,-1
53,3,614.00,234.00,191.00,104.00,0.86,-1,-1,-1
54,1,398.00,233.00,332.00,157.00,0.88,-1,-1,-1
54,3,614.00,234.00,191.00,104.00,0.86,-1,-1,-1
55,1,398.00,233.00,332.00,157.00,0.88,-1,-1,-1
55,3,614.00,234.00,191.00,104.00,0.86,-1,-1,-1
56,1,398.00,233.00,332.00,157.00,0.88,-1,-1,-1
56,3,614.00,234.00,191.00,104.00,0.86,-1,-1,-1
57,1,398.00,233.00,332.00,157.00,0.88,-1,-1,-1
57,3,615.00,234.00,190.00,104.00,0.86,-1,-1,-1
58,1,398.00,233.00,332.00,157.00,0.88,-1,-1,-1
58,3,615.00,234.00,190.00,104.00,0.86,-1,-1,-1
59,1,398.00,233.00,332.00,157.00,0.88,-1,-1,-1
59,3,615.00,234.00,190.00,104.00,0.86,-1,-1,-1
60,1,398.00,233.00,332.00,157.00,0.88,-1,-1,-1
60,3,615.00,234.00,190.00,104.00,0.86,-1,-1,-1
61,1,398.00,233.00,332.00,157.00,0.88,-1,-1,-1
61,3,615.00,234.00,190.00,104.00,0.86,-1,-1,-1
62,1,397.00,233.00,334.00,157.00,0.89,-1,-1,-1
62,3,614.00,234.00,191.00,104.00,0.85,-1,-1,-1
63,1,397.00,232.00,334.00,159.00,0.89,-1,-1,-1
63,3,613.00,234.00,192.00,104.00,0.85,-1,-1,-1
64,1,397.00,232.00,334.00,159.00,0.89,-1,-1,-1
64,3,613.00,234.00,192.00,104.00,0.85,-1,-1,-1
65,1,397.00,232.00,334.00,159.00,0.89,-1,-1,-1
65,3,613.00,234.00,192.00,104.00,0.85,-1,-1,-1
66,1,397.00,232.00,334.00,159.00,0.89,-1,-1,-1
66,3,613.00,234.00,193.00,104.00,0.85,-1,-1,-1
67,1,397.00,232.00,334.00,159.00,0.89,-1,-1,-1
67,3,613.00,234.00,193.00,104.00,0.85,-1,-1,-1
68,1,397.00,232.00,334.00,159.00,0.89,-1,-1,-1
68,3,613.00,234.00,193.00,104.00,0.85,-1,-1,-1
69,1,397.00,232.00,334.00,159.00,0.89,-1,-1,-1
69,3,613.00,234.00,193.00,104.00,0.85,-1,-1,-1
70,1,397.00,232.00,334.00,159.00,0.89,-1,-1,-1
70,3,613.00,234.00,193.00,104.00,0.85,-1,-1,-1
71,1,397.00,232.00,334.00,159.00,0.89,-1,-1,-1
71,3,612.00,234.00,194.00,104.00,0.85,-1,-1,-1
72,1,397.00,232.00,334.00,159.00,0.89,-1,-1,-1
72,3,612.00,234.00,194.00,104.00,0.85,-1,-1,-1
73,1,397.00,232.00,334.00,159.00,0.89,-1,-1,-1
73,3,612.00,234.00,194.00,104.00,0.85,-1,-1,-1
74,1,398.00,232.00,333.00,159.00,0.89,-1,-1,-1
74,3,612.00,234.00,194.00,104.00,0.85,-1,-1,-1
75,1,398.00,232.00,332.00,159.00,0.89,-1,-1,-1
75,3,612.00,234.00,194.00,104.00,0.85,-1,-1,-1
76,1,398.00,232.00,332.00,159.00,0.89,-1,-1,-1
76,3,612.00,234.00,194.00,104.00,0.85,-1,-1,-1
77,1,398.00,232.00,332.00,159.00,0.89,-1,-1,-1
77,3,612.00,234.00,194.00,104.00,0.85,-1,-1,-1
78,1,398.00,232.00,332.00,159.00,0.89,-1,-1,-1
78,3,612.00,234.00,194.00,104.00,0.85,-1,-1,-1
79,1,398.00,232.00,332.00,159.00,0.89,-1,-1,-1
79,3,612.00,234.00,195.00,104.00,0.85,-1,-1,-1
80,1,398.00,232.00,332.00,159.00,0.89,-1,-1,-1
80,3,612.00,234.00,195.00,104.00,0.85,-1,-1,-1
81,1,398.00,232.00,332.00,159.00,0.88,-1,-1,-1
81,3,612.00,234.00,195.00,104.00,0.85,-1,-1,-1
82,1,398.00,232.00,332.00,159.00,0.89,-1,-1,-1
82,3,612.00,234.00,195.00,104.00,0.85,-1,-1,-1
83,1,398.00,232.00,332.00,159.00,0.89,-1,-1,-1
83,3,612.00,234.00,195.00,104.00,0.85,-1,-1,-1
84,1,398.00,232.00,332.00,159.00,0.89,-1,-1,-1
84,3,612.00,234.00,195.00,104.00,0.85,-1,-1,-1
85,1,397.00,231.00,333.00,160.00,0.89,-1,-1,-1
85,3,612.00,234.00,195.00,104.00,0.85,-1,-1,-1
86,1,398.00,231.00,332.00,159.00,0.89,-1,-1,-1
86,3,612.00,234.00,195.00,104.00,0.85,-1,-1,-1
87,1,398.00,232.00,332.00,158.00,0.89,-1,-1,-1
87,3,612.00,234.00,195.00,104.00,0.85,-1,-1,-1
88,1,398.00,232.00,332.00,158.00,0.89,-1,-1,-1
88,3,612.00,234.00,195.00,104.00,0.85,-1,-1,-1
89,1,398.00,232.00,332.00,159.00,0.89,-1,-1,-1
89,3,612.00,234.00,195.00,104.00,0.85,-1,-1,-1
90,1,398.00,232.00,332.00,159.00,0.89,-1,-1,-1
90,3,612.00,234.00,195.00,104.00,0.85,-1,-1,-1
91,1,398.00,232.00,332.00,158.00,0.89,-1,-1,-1
91,3,612.00,234.00,195.00,104.00,0.85,-1,-1,-1
92,1,399.00,232.00,329.00,157.00,0.88,-1,-1,-1
92,3,611.00,234.00,194.00,104.00,0.84,-1,-1,-1
93,1,399.00,232.00,329.00,157.00,0.87,-1,-1,-1
93,3,611.00,234.00,194.00,104.00,0.85,-1,-1,-1
94,1,399.00,232.00,329.00,157.00,0.86,-1,-1,-1
94,3,611.00,234.00,194.00,103.00,0.85,-1,-1,-1
95,1,399.00,233.00,329.00,156.00,0.86,-1,-1,-1
95,3,611.00,234.00,194.00,103.00,0.85,-1,-1,-1
96,1,399.00,233.00,329.00,157.00,0.87,-1,-1,-1
96,3,611.00,234.00,194.00,103.00,0.85,-1,-1,-1
97,1,399.00,233.00,329.00,157.00,0.88,-1,-1,-1
97,3,611.00,234.00,194.00,103.00,0.85,-1,-1,-1
98,1,399.00,234.00,330.00,156.00,0.88,-1,-1,-1
98,3,611.00,234.00,194.00,104.00,0.86,-1,-1,-1
99,1,399.00,233.00,330.00,157.00,0.88,-1,-1,-1
99,3,611.00,234.00,194.00,104.00,0.86,-1,-1,-1
100,1,399.00,233.00,330.00,157.00,0.88,-1,-1,-1
100,3,611.00,234.00,194.00,104.00,0.86,-1,-1,-1
101,1,399.00,233.00,330.00,157.00,0.87,-1,-1,-1
101,3,611.00,234.00,195.00,104.00,0.86,-1,-1,-1
102,1,399.00,233.00,331.00,157.00,0.89,-1,-1,-1
102,3,611.00,234.00,194.00,104.00,0.86,-1,-1,-1
103,1,399.00,233.00,331.00,157.00,0.89,-1,-1,-1
103,3,611.00,234.00,194.00,104.00,0.86,-1,-1,-1
104,1,398.00,233.00,332.00,157.00,0.88,-1,-1,-1
104,3,611.00,234.00,194.00,104.00,0.86,-1,-1,-1
105,1,398.00,233.00,332.00,157.00,0.87,-1,-1,-1
105,3,611.00,234.00,194.00,104.00,0.86,-1,-1,-1
106,1,398.00,233.00,332.00,157.00,0.87,-1,-1,-1
106,3,611.00,234.00,194.00,104.00,0.86,-1,-1,-1
107,1,398.00,233.00,332.00,157.00,0.88,-1,-1,-1
107,3,611.00,234.00,194.00,104.00,0.86,-1,-1,-1
108,1,398.00,233.00,332.00,157.00,0.86,-1,-1,-1
108,3,612.00,234.00,193.00,104.00,0.85,-1,-1,-1
109,1,398.00,233.00,332.00,157.00,0.85,-1,-1,-1
109,3,612.00,234.00,193.00,104.00,0.85,-1,-1,-1
110,1,399.00,234.00,331.00,156.00,0.86,-1,-1,-1
110,3,612.00,234.00,193.00,104.00,0.85,-1,-1,-1
111,1,399.00,233.00,331.00,157.00,0.87,-1,-1,-1
111,3,612.00,234.00,193.00,104.00,0.85,-1,-1,-1
112,1,398.00,233.00,333.00,157.00,0.86,-1,-1,-1
112,3,611.00,234.00,194.00,104.00,0.85,-1,-1,-1
113,1,398.00,233.00,332.00,157.00,0.83,-1,-1,-1
113,3,612.00,234.00,194.00,104.00,0.85,-1,-1,-1
114,1,398.00,233.00,332.00,157.00,0.84,-1,-1,-1
114,3,612.00,234.00,194.00,104.00,0.86,-1,-1,-1
115,1,396.00,231.00,336.00,160.00,0.82,-1,-1,-1
115,3,612.00,234.00,194.00,104.00,0.86,-1,-1,-1
116,1,397.00,232.00,334.00,159.00,0.84,-1,-1,-1
116,3,612.00,234.00,194.00,104.00,0.86,-1,-1,-1
117,1,397.00,232.00,333.00,159.00,0.86,-1,-1,-1
117,3,612.00,234.00,194.00,104.00,0.86,-1,-1,-1
118,1,398.00,233.00,332.00,157.00,0.85,-1,-1,-1
118,3,613.00,234.00,193.00,104.00,0.86,-1,-1,-1
119,1,398.00,232.00,333.00,158.00,0.88,-1,-1,-1
119,3,613.00,234.00,193.00,104.00,0.86,-1,-1,-1
120,1,398.00,232.00,333.00,158.00,0.86,-1,-1,-1
120,3,613.00,234.00,194.00,104.00,0.86,-1,-1,-1
121,1,397.00,232.00,334.00,158.00,0.84,-1,-1,-1
121,3,613.00,234.00,193.00,104.00,0.85,-1,-1,-1
122,1,398.00,232.00,332.00,158.00,0.89,-1,-1,-1
122,3,613.00,234.00,194.00,104.00,0.86,-1,-1,-1
123,1,399.00,232.00,331.00,158.00,0.90,-1,-1,-1
123,3,613.00,234.00,194.00,104.00,0.86,-1,-1,-1
124,1,399.00,232.00,331.00,158.00,0.90,-1,-1,-1
124,3,613.00,234.00,194.00,104.00,0.86,-1,-1,-1
125,1,399.00,232.00,331.00,157.00,0.88,-1,-1,-1
125,3,613.00,234.00,194.00,104.00,0.86,-1,-1,-1
126,1,400.00,232.00,329.00,156.00,0.88,-1,-1,-1
126,3,614.00,234.00,193.00,104.00,0.86,-1,-1,-1
127,1,400.00,232.00,329.00,156.00,0.89,-1,-1,-1
127,3,613.00,234.00,194.00,104.00,0.86,-1,-1,-1
128,1,404.00,233.00,320.00,150.00,0.87,-1,-1,-1
128,3,614.00,234.00,193.00,104.00,0.86,-1,-1,-1
129,1,406.00,233.00,316.00,148.00,0.86,-1,-1,-1
129,3,614.00,234.00,193.00,104.00,0.87,-1,-1,-1
130,1,402.00,233.00,324.00,151.00,0.85,-1,-1,-1
130,3,614.00,234.00,193.00,104.00,0.86,-1,-1,-1
131,1,394.00,230.00,339.00,159.00,0.79,-1,-1,-1
131,3,614.00,234.00,193.00,104.00,0.86,-1,-1,-1
132,1,396.00,232.00,336.00,158.00,0.83,-1,-1,-1
132,3,613.00,234.00,194.00,104.00,0.86,-1,-1,-1
133,1,396.00,233.00,335.00,157.00,0.85,-1,-1,-1
133,3,613.00,234.00,194.00,104.00,0.86,-1,-1,-1
134,1,397.00,233.00,333.00,157.00,0.83,-1,-1,-1
134,2,316.00,227.00,151.00,85.00,0.52,-1,-1,-1
134,3,613.00,234.00,194.00,104.00,0.86,-1,-1,-1
135,1,397.00,233.00,333.00,157.00,0.84,-1,-1,-1
135,2,321.00,226.00,149.00,84.00,0.58,-1,-1,-1
135,3,613.00,234.00,194.00,104.00,0.86,-1,-1,-1
136,1,397.00,233.00,333.00,157.00,0.86,-1,-1,-1
136,3,613.00,234.00,194.00,104.00,0.86,-1,-1,-1
137,1,397.00,232.00,334.00,158.00,0.86,-1,-1,-1
137,3,613.00,234.00,194.00,104.00,0.86,-1,-1,-1
138,1,397.00,232.00,334.00,158.00,0.87,-1,-1,-1
138,2,343.00,222.00,135.00,76.00,0.45,-1,-1,-1
138,3,613.00,234.00,193.00,104.00,0.86,-1,-1,-1
139,1,397.00,232.00,334.00,158.00,0.87,-1,-1,-1
139,2,347.00,221.00,136.00,78.00,0.51,-1,-1,-1
139,3,613.00,234.00,193.00,104.00,0.86,-1,-1,-1
140,1,396.00,232.00,335.00,158.00,0.88,-1,-1,-1
140,2,347.00,220.00,133.00,78.00,0.53,-1,-1,-1
140,3,613.00,234.00,193.00,104.00,0.86,-1,-1,-1
141,1,396.00,231.00,336.00,159.00,0.87,-1,-1,-1
141,2,352.00,220.00,129.00,76.00,0.60,-1,-1,-1
141,3,613.00,234.00,193.00,104.00,0.86,-1,-1,-1
142,1,397.00,232.00,334.00,158.00,0.88,-1,-1,-1
142,2,355.00,219.00,128.00,77.00,0.63,-1,-1,-1
142,3,613.00,234.00,193.00,104.00,0.86,-1,-1,-1
143,1,398.00,232.00,333.00,158.00,0.88,-1,-1,-1
143,2,362.00,218.00,123.00,75.00,0.65,-1,-1,-1
143,3,613.00,234.00,193.00,104.00,0.86,-1,-1,-1
144,1,398.00,232.00,333.00,158.00,0.89,-1,-1,-1
144,2,370.00,217.00,115.00,71.00,0.53,-1,-1,-1
144,3,613.00,234.00,193.00,104.00,0.86,-1,-1,-1
145,1,398.00,233.00,333.00,157.00,0.89,-1,-1,-1
145,2,374.00,216.00,112.00,69.00,0.51,-1,-1,-1
145,3,613.00,234.00,193.00,104.00,0.87,-1,-1,-1
146,1,397.00,232.00,335.00,158.00,0.89,-1,-1,-1
146,2,375.00,216.00,111.00,70.00,0.30,-1,-1,-1
146,3,613.00,234.00,193.00,104.00,0.87,-1,-1,-1
147,1,397.00,231.00,335.00,159.00,0.89,-1,-1,-1
147,2,381.00,214.00,103.00,65.00,0.43,-1,-1,-1
147,3,613.00,234.00,193.00,104.00,0.86,-1,-1,-1
148,1,396.00,231.00,336.00,159.00,0.89,-1,-1,-1
148,2,385.00,214.00,97.00,63.00,0.32,-1,-1,-1
148,3,613.00,234.00,193.00,104.00,0.87,-1,-1,-1
149,1,397.00,231.00,335.00,159.00,0.89,-1,-1,-1
149,2,386.00,213.00,93.00,61.00,0.18,-1,-1,-1
149,3,613.00,234.00,193.00,104.00,0.87,-1,-1,-1
150,1,397.00,231.00,334.00,159.00,0.89,-1,-1,-1
150,2,389.00,213.00,88.00,59.00,0.20,-1,-1,-1
150,3,613.00,234.00,193.00,104.00,0.87,-1,-1,-1
151,1,398.00,231.00,333.00,159.00,0.89,-1,-1,-1
151,2,391.00,213.00,84.00,57.00,0.12,-1,-1,-1
151,3,613.00,234.00,193.00,104.00,0.87,-1,-1,-1
152,1,398.00,232.00,332.00,158.00,0.88,-1,-1,-1
152,3,613.00,234.00,193.00,104.00,0.86,-1,-1,-1
153,1,398.00,232.00,332.00,158.00,0.89,-1,-1,-1
153,3,614.00,234.00,192.00,103.00,0.86,-1,-1,-1
154,1,399.00,232.00,331.00,158.00,0.89,-1,-1,-1
154,3,614.00,234.00,192.00,103.00,0.86,-1,-1,-1
155,1,399.00,233.00,331.00,157.00,0.88,-1,-1,-1
155,3,614.00,234.00,192.00,103.00,0.86,-1,-1,-1
155,2,405.00,209.00,83.00,56.00,0.33,-1,-1,-1
156,1,399.00,232.00,331.00,158.00,0.86,-1,-1,-1
156,3,614.00,234.00,193.00,103.00,0.86,-1,-1,-1
157,1,399.00,233.00,331.00,157.00,0.86,-1,-1,-1
157,3,614.00,234.00,193.00,103.00,0.86,-1,-1,-1
158,1,399.00,232.00,331.00,158.00,0.87,-1,-1,-1
158,3,614.00,234.00,193.00,103.00,0.86,-1,-1,-1
159,1,399.00,232.00,331.00,158.00,0.87,-1,-1,-1
159,3,614.00,234.00,193.00,103.00,0.86,-1,-1,-1
160,1,399.00,232.00,331.00,158.00,0.87,-1,-1,-1
160,3,614.00,234.00,193.00,104.00,0.86,-1,-1,-1
161,1,398.00,232.00,332.00,158.00,0.87,-1,-1,-1
161,3,614.00,234.00,192.00,103.00,0.86,-1,-1,-1
162,1,397.00,231.00,334.00,159.00,0.88,-1,-1,-1
162,3,613.00,234.00,193.00,103.00,0.86,-1,-1,-1
163,1,398.00,231.00,333.00,159.00,0.87,-1,-1,-1
163,3,613.00,234.00,193.00,103.00,0.86,-1,-1,-1
164,1,399.00,232.00,331.00,158.00,0.87,-1,-1,-1
164,3,613.00,234.00,193.00,103.00,0.86,-1,-1,-1
165,1,399.00,233.00,330.00,157.00,0.86,-1,-1,-1
165,3,613.00,234.00,193.00,103.00,0.86,-1,-1,-1
166,1,399.00,232.00,331.00,158.00,0.84,-1,-1,-1
166,3,613.00,234.00,193.00,104.00,0.86,-1,-1,-1
167,1,399.00,233.00,330.00,157.00,0.85,-1,-1,-1
167,3,613.00,234.00,193.00,104.00,0.86,-1,-1,-1
168,1,399.00,232.00,331.00,158.00,0.86,-1,-1,-1
168,3,613.00,234.00,194.00,104.00,0.86,-1,-1,-1
169,1,399.00,232.00,331.00,158.00,0.86,-1,-1,-1
169,3,613.00,234.00,193.00,104.00,0.86,-1,-1,-1
170,1,399.00,232.00,331.00,158.00,0.85,-1,-1,-1
170,3,613.00,234.00,193.00,104.00,0.86,-1,-1,-1
171,1,398.00,232.00,332.00,158.00,0.85,-1,-1,-1
171,3,613.00,234.00,193.00,103.00,0.86,-1,-1,-1
172,1,398.00,232.00,332.00,158.00,0.84,-1,-1,-1
172,3,613.00,234.00,193.00,103.00,0.86,-1,-1,-1
173,1,398.00,232.00,332.00,158.00,0.86,-1,-1,-1
173,3,613.00,234.00,193.00,103.00,0.86,-1,-1,-1
174,1,399.00,232.00,331.00,158.00,0.84,-1,-1,-1
174,3,613.00,234.00,193.00,103.00,0.86,-1,-1,-1
175,1,399.00,232.00,331.00,158.00,0.84,-1,-1,-1
175,3,613.00,234.00,193.00,103.00,0.86,-1,-1,-1
176,1,399.00,233.00,330.00,157.00,0.84,-1,-1,-1
176,3,613.00,234.00,193.00,103.00,0.86,-1,-1,-1
177,1,399.00,233.00,330.00,157.00,0.84,-1,-1,-1
177,3,613.00,234.00,193.00,103.00,0.86,-1,-1,-1
178,1,399.00,233.00,330.00,157.00,0.84,-1,-1,-1
178,3,613.00,234.00,193.00,103.00,0.86,-1,-1,-1
179,1,399.00,232.00,331.00,158.00,0.85,-1,-1,-1
179,3,613.00,234.00,193.00,103.00,0.86,-1,-1,-1
180,1,399.00,233.00,330.00,157.00,0.84,-1,-1,-1
180,3,613.00,234.00,193.00,103.00,0.86,-1,-1,-1
181,1,400.00,234.00,329.00,156.00,0.85,-1,-1,-1
181,3,613.00,234.00,193.00,103.00,0.86,-1,-1,-1
182,1,400.00,233.00,329.00,157.00,0.90,-1,-1,-1
182,3,613.00,234.00,193.00,103.00,0.86,-1,-1,-1
183,1,400.00,233.00,329.00,157.00,0.90,-1,-1,-1
183,3,612.00,234.00,194.00,103.00,0.86,-1,-1,-1
184,1,400.00,233.00,329.00,156.00,0.89,-1,-1,-1
184,3,612.00,234.00,194.00,103.00,0.87,-1,-1,-1
185,1,400.00,233.00,329.00,156.00,0.90,-1,-1,-1
185,3,612.00,234.00,194.00,103.00,0.87,-1,-1,-1
186,1,400.00,233.00,329.00,156.00,0.90,-1,-1,-1
186,3,612.00,234.00,194.00,103.00,0.87,-1,-1,-1
187,1,400.00,233.00,329.00,156.00,0.89,-1,-1,-1
187,3,612.00,234.00,194.00,103.00,0.87,-1,-1,-1
188,1,400.00,233.00,329.00,156.00,0.90,-1,-1,-1
188,3,612.00,234.00,194.00,103.00,0.87,-1,-1,-1
189,1,400.00,233.00,329.00,156.00,0.90,-1,-1,-1
189,3,612.00,234.00,194.00,103.00,0.87,-1,-1,-1
190,1,400.00,233.00,329.00,156.00,0.90,-1,-1,-1
190,3,612.00,234.00,194.00,103.00,0.87,-1,-1,-1
191,1,400.00,234.00,329.00,155.00,0.89,-1,-1,-1
191,3,612.00,234.00,194.00,103.00,0.87,-1,-1,-1
192,1,400.00,234.00,329.00,155.00,0.90,-1,-1,-1
192,3,612.00,234.00,194.00,103.00,0.87,-1,-1,-1
193,1,400.00,234.00,329.00,155.00,0.89,-1,-1,-1
193,3,612.00,234.00,194.00,103.00,0.86,-1,-1,-1
194,1,400.00,234.00,329.00,155.00,0.90,-1,-1,-1
194,3,612.00,234.00,194.00,103.00,0.86,-1,-1,-1
195,1,400.00,234.00,329.00,155.00,0.90,-1,-1,-1
195,3,612.00,234.00,194.00,103.00,0.86,-1,-1,-1
196,1,400.00,234.00,329.00,155.00,0.90,-1,-1,-1
196,3,612.00,234.00,194.00,103.00,0.87,-1,-1,-1
197,1,400.00,234.00,329.00,155.00,0.90,-1,-1,-1
197,3,612.00,234.00,194.00,103.00,0.87,-1,-1,-1
198,1,400.00,234.00,329.00,155.00,0.89,-1,-1,-1
198,3,612.00,234.00,194.00,103.00,0.87,-1,-1,-1
199,1,400.00,234.00,329.00,155.00,0.90,-1,-1,-1
199,3,612.00,234.00,194.00,103.00,0.87,-1,-1,-1
200,1,400.00,234.00,329.00,155.00,0.89,-1,-1,-1
200,3,612.00,234.00,194.00,103.00,0.86,-1,-1,-1
201,1,399.00,234.00,330.00,155.00,0.90,-1,-1,-1
201,3,612.00,234.00,194.00,103.00,0.86,-1,-1,-1
202,1,399.00,234.00,331.00,155.00,0.90,-1,-1,-1
202,3,612.00,234.00,194.00,103.00,0.87,-1,-1,-1
203,1,399.00,234.00,330.00,155.00,0.90,-1,-1,-1
203,3,612.00,234.00,194.00,103.00,0.87,-1,-1,-1
204,1,399.00,234.00,330.00,155.00,0.89,-1,-1,-1
204,3,612.00,234.00,194.00,103.00,0.87,-1,-1,-1
205,1,399.00,234.00,330.00,155.00,0.89,-1,-1,-1
205,3,612.00,234.00,194.00,103.00,0.87,-1,-1,-1
206,1,399.00,234.00,330.00,155.00,0.89,-1,-1,-1
206,3,612.00,234.00,194.00,103.00,0.87,-1,-1,-1
207,1,400.00,234.00,329.00,155.00,0.88,-1,-1,-1
207,3,612.00,234.00,194.00,103.00,0.87,-1,-1,-1
208,1,400.00,235.00,329.00,154.00,0.88,-1,-1,-1
208,3,612.00,234.00,195.00,103.00,0.87,-1,-1,-1
209,1,400.00,235.00,329.00,154.00,0.88,-1,-1,-1
209,3,612.00,234.00,195.00,103.00,0.87,-1,-1,-1
210,1,400.00,234.00,329.00,155.00,0.88,-1,-1,-1
210,3,612.00,234.00,195.00,103.00,0.87,-1,-1,-1
211,1,399.00,234.00,330.00,155.00,0.88,-1,-1,-1
211,3,612.00,234.00,195.00,103.00,0.87,-1,-1,-1
212,1,399.00,234.00,331.00,156.00,0.89,-1,-1,-1
212,3,611.00,234.00,195.00,103.00,0.86,-1,-1,-1
213,1,398.00,234.00,332.00,156.00,0.89,-1,-1,-1
213,3,611.00,234.00,194.00,103.00,0.86,-1,-1,-1
214,1,398.00,234.00,332.00,156.00,0.89,-1,-1,-1
214,3,611.00,234.00,194.00,103.00,0.86,-1,-1,-1
215,1,398.00,234.00,332.00,156.00,0.89,-1,-1,-1
215,3,611.00,234.00,194.00,103.00,0.86,-1,-1,-1
216,1,398.00,234.00,332.00,156.00,0.89,-1,-1,-1
216,3,611.00,234.00,194.00,103.00,0.86,-1,-1,-1
217,1,398.00,233.00,333.00,157.00,0.89,-1,-1,-1
217,3,611.00,234.00,194.00,103.00,0.86,-1,-1,-1
218,1,398.00,233.00,333.00,157.00,0.89,-1,-1,-1
218,3,611.00,234.00,195.00,103.00,0.86,-1,-1,-1
219,1,398.00,234.00,332.00,156.00,0.89,-1,-1,-1
219,3,611.00,234.00,194.00,103.00,0.86,-1,-1,-1
220,1,398.00,234.00,332.00,156.00,0.88,-1,-1,-1
220,3,611.00,234.00,195.00,103.00,0.86,-1,-1,-1
221,1,399.00,234.00,331.00,156.00,0.89,-1,-1,-1
221,3,611.00,234.00,195.00,103.00,0.86,-1,-1,-1
222,1,398.00,234.00,332.00,156.00,0.89,-1,-1,-1
222,3,611.00,234.00,195.00,103.00,0.86,-1,-1,-1
223,1,398.00,234.00,332.00,156.00,0.89,-1,-1,-1
223,3,611.00,234.00,195.00,103.00,0.86,-1,-1,-1
224,1,398.00,234.00,332.00,156.00,0.88,-1,-1,-1
224,3,611.00,234.00,195.00,103.00,0.86,-1,-1,-1
225,1,398.00,234.00,332.00,156.00,0.89,-1,-1,-1
225,3,611.00,234.00,195.00,103.00,0.86,-1,-1,-1
226,1,398.00,233.00,332.00,157.00,0.88,-1,-1,-1
226,3,611.00,234.00,195.00,103.00,0.86,-1,-1,-1
227,1,398.00,233.00,333.00,157.00,0.88,-1,-1,-1
227,3,611.00,234.00,195.00,103.00,0.86,-1,-1,-1
228,1,398.00,233.00,332.00,157.00,0.88,-1,-1,-1
228,3,611.00,234.00,195.00,103.00,0.86,-1,-1,-1
229,1,398.00,233.00,332.00,157.00,0.88,-1,-1,-1
229,3,611.00,234.00,195.00,103.00,0.86,-1,-1,-1
230,1,398.00,233.00,333.00,157.00,0.88,-1,-1,-1
230,3,610.00,234.00,196.00,103.00,0.86,-1,-1,-1
231,1,398.00,233.00,333.00,157.00,0.88,-1,-1,-1
231,3,610.00,234.00,196.00,103.00,0.86,-1,-1,-1
232,1,398.00,233.00,333.00,157.00,0.88,-1,-1,-1
232,3,610.00,234.00,196.00,103.00,0.86,-1,-1,-1
233,1,398.00,233.00,333.00,157.00,0.88,-1,-1,-1
233,3,610.00,234.00,196.00,103.00,0.86,-1,-1,-1
234,1,398.00,233.00,333.00,157.00,0.88,-1,-1,-1
234,3,610.00,234.00,196.00,103.00,0.86,-1,-1,-1
235,1,398.00,233.00,332.00,157.00,0.87,-1,-1,-1
235,3,610.00,234.00,196.00,103.00,0.86,-1,-1,-1
236,1,398.00,232.00,333.00,158.00,0.87,-1,-1,-1
236,3,610.00,234.00,196.00,103.00,0.86,-1,-1,-1
237,1,397.00,232.00,334.00,158.00,0.87,-1,-1,-1
237,3,610.00,234.00,196.00,103.00,0.85,-1,-1,-1
238,1,397.00,232.00,334.00,158.00,0.87,-1,-1,-1
238,3,610.00,234.00,196.00,103.00,0.85,-1,-1,-1
239,1,398.00,232.00,333.00,158.00,0.88,-1,-1,-1
239,3,610.00,234.00,196.00,103.00,0.85,-1,-1,-1
240,1,398.00,232.00,332.00,158.00,0.88,-1,-1,-1
240,3,610.00,234.00,196.00,103.00,0.85,-1,-1,-1
241,1,398.00,232.00,332.00,158.00,0.89,-1,-1,-1
241,3,610.00,234.00,196.00,103.00,0.85,-1,-1,-1
242,1,399.00,233.00,331.00,157.00,0.90,-1,-1,-1
242,3,611.00,234.00,196.00,103.00,0.85,-1,-1,-1
243,1,399.00,233.00,330.00,156.00,0.90,-1,-1,-1
243,3,612.00,234.00,195.00,103.00,0.85,-1,-1,-1
244,1,399.00,233.00,330.00,156.00,0.90,-1,-1,-1
244,3,612.00,234.00,195.00,103.00,0.85,-1,-1,-1
245,1,400.00,233.00,329.00,156.00,0.90,-1,-1,-1
245,3,612.00,234.00,195.00,103.00,0.85,-1,-1,-1
246,1,400.00,233.00,329.00,156.00,0.90,-1,-1,-1
246,3,612.00,234.00,195.00,103.00,0.85,-1,-1,-1
247,1,400.00,234.00,329.00,155.00,0.90,-1,-1,-1
247,3,612.00,234.00,195.00,103.00,0.84,-1,-1,-1
248,1,400.00,234.00,329.00,155.00,0.90,-1,-1,-1
248,3,612.00,234.00,195.00,103.00,0.85,-1,-1,-1
249,1,399.00,234.00,330.00,155.00,0.90,-1,-1,-1
249,3,612.00,234.00,195.00,103.00,0.85,-1,-1,-1
250,1,399.00,233.00,331.00,156.00,0.90,-1,-1,-1
250,3,612.00,234.00,195.00,103.00,0.85,-1,-1,-1
251,1,399.00,233.00,331.00,156.00,0.90,-1,-1,-1
251,3,612.00,234.00,195.00,103.00,0.85,-1,-1,-1
252,1,399.00,233.00,331.00,156.00,0.90,-1,-1,-1
252,3,612.00,234.00,195.00,103.00,0.85,-1,-1,-1
253,1,399.00,233.00,331.00,156.00,0.90,-1,-1,-1
253,3,612.00,234.00,195.00,103.00,0.85,-1,-1,-1
254,1,399.00,233.00,331.00,156.00,0.90,-1,-1,-1
254,3,612.00,234.00,195.00,103.00,0.85,-1,-1,-1
255,1,399.00,233.00,331.00,156.00,0.90,-1,-1,-1
255,3,612.00,234.00,195.00,103.00,0.85,-1,-1,-1
256,1,399.00,233.00,331.00,156.00,0.90,-1,-1,-1
256,3,612.00,234.00,195.00,103.00,0.85,-1,-1,-1
257,1,399.00,233.00,331.00,156.00,0.89,-1,-1,-1
257,3,612.00,234.00,195.00,103.00,0.85,-1,-1,-1
258,1,399.00,233.00,331.00,156.00,0.90,-1,-1,-1
258,3,612.00,234.00,195.00,103.00,0.85,-1,-1,-1
259,1,399.00,233.00,331.00,156.00,0.90,-1,-1,-1
259,3,612.00,234.00,195.00,103.00,0.85,-1,-1,-1
260,1,399.00,233.00,331.00,156.00,0.90,-1,-1,-1
260,3,612.00,234.00,195.00,103.00,0.85,-1,-1,-1
261,1,399.00,233.00,331.00,156.00,0.90,-1,-1,-1
261,3,612.00,234.00,195.00,103.00,0.85,-1,-1,-1
262,1,399.00,233.00,331.00,156.00,0.90,-1,-1,-1
262,3,612.00,234.00,195.00,103.00,0.85,-1,-1,-1
263,1,399.00,234.00,330.00,155.00,0.90,-1,-1,-1
263,3,612.00,234.00,195.00,103.00,0.85,-1,-1,-1
264,1,399.00,234.00,330.00,155.00,0.90,-1,-1,-1
264,3,612.00,234.00,195.00,103.00,0.85,-1,-1,-1
265,1,399.00,234.00,330.00,155.00,0.90,-1,-1,-1
265,3,612.00,234.00,195.00,103.00,0.85,-1,-1,-1
266,1,399.00,234.00,330.00,155.00,0.90,-1,-1,-1
266,3,612.00,234.00,195.00,103.00,0.85,-1,-1,-1
267,1,399.00,234.00,331.00,155.00,0.90,-1,-1,-1
267,3,612.00,234.00,195.00,103.00,0.85,-1,-1,-1
268,1,399.00,234.00,331.00,155.00,0.90,-1,-1,-1
268,3,612.00,234.00,195.00,103.00,0.85,-1,-1,-1
269,1,399.00,233.00,331.00,156.00,0.89,-1,-1,-1
269,3,612.00,234.00,195.00,103.00,0.85,-1,-1,-1
270,1,399.00,234.00,331.00,155.00,0.89,-1,-1,-1
270,3,612.00,234.00,195.00,103.00,0.85,-1,-1,-1
271,1,399.00,234.00,331.00,155.00,0.90,-1,-1,-1
271,3,612.00,234.00,195.00,103.00,0.85,-1,-1,-1
272,1,399.00,233.00,331.00,156.00,0.90,-1,-1,-1
272,3,612.00,235.00,194.00,102.00,0.85,-1,-1,-1
273,1,399.00,233.00,331.00,156.00,0.90,-1,-1,-1
273,3,612.00,234.00,194.00,103.00,0.86,-1,-1,-1
274,1,399.00,233.00,331.00,156.00,0.89,-1,-1,-1
274,3,612.00,234.00,194.00,103.00,0.86,-1,-1,-1
275,1,399.00,234.00,330.00,155.00,0.89,-1,-1,-1
275,3,612.00,234.00,194.00,103.00,0.86,-1,-1,-1
276,1,399.00,234.00,330.00,155.00,0.89,-1,-1,-1
276,3,612.00,234.00,194.00,103.00,0.86,-1,-1,-1
277,1,399.00,234.00,330.00,155.00,0.89,-1,-1,-1
277,3,612.00,234.00,193.00,103.00,0.86,-1,-1,-1
278,1,399.00,234.00,330.00,155.00,0.89,-1,-1,-1
278,3,612.00,234.00,193.00,103.00,0.86,-1,-1,-1
279,1,399.00,234.00,330.00,155.00,0.89,-1,-1,-1
279,3,613.00,234.00,192.00,103.00,0.86,-1,-1,-1
280,1,399.00,234.00,331.00,155.00,0.89,-1,-1,-1
280,3,613.00,234.00,192.00,103.00,0.86,-1,-1,-1
281,1,399.00,234.00,331.00,155.00,0.89,-1,-1,-1
281,3,613.00,234.00,192.00,103.00,0.86,-1,-1,-1
282,1,399.00,233.00,331.00,156.00,0.89,-1,-1,-1
282,3,613.00,234.00,192.00,103.00,0.86,-1,-1,-1
283,1,398.00,233.00,332.00,156.00,0.89,-1,-1,-1
283,3,613.00,234.00,192.00,103.00,0.86,-1,-1,-1
284,1,398.00,233.00,332.00,156.00,0.89,-1,-1,-1
284,3,613.00,234.00,192.00,103.00,0.86,-1,-1,-1
285,1,399.00,234.00,331.00,155.00,0.88,-1,-1,-1
285,3,613.00,234.00,192.00,103.00,0.86,-1,-1,-1
286,1,399.00,234.00,331.00,155.00,0.88,-1,-1,-1
286,3,613.00,234.00,192.00,103.00,0.86,-1,-1,-1
287,1,399.00,234.00,331.00,155.00,0.89,-1,-1,-1
287,3,613.00,234.00,192.00,103.00,0.86,-1,-1,-1
288,1,399.00,234.00,331.00,155.00,0.89,-1,-1,-1
288,3,613.00,234.00,192.00,103.00,0.85,-1,-1,-1
289,1,399.00,234.00,331.00,155.00,0.89,-1,-1,-1
289,3,613.00,234.00,192.00,103.00,0.85,-1,-1,-1
290,1,399.00,234.00,331.00,155.00,0.88,-1,-1,-1
290,3,613.00,234.00,192.00,103.00,0.85,-1,-1,-1
291,1,399.00,234.00,331.00,155.00,0.89,-1,-1,-1
291,3,613.00,234.00,192.00,103.00,0.85,-1,-1,-1
292,1,399.00,234.00,331.00,155.00,0.89,-1,-1,-1
292,3,613.00,234.00,192.00,103.00,0.86,-1,-1,-1
293,1,399.00,234.00,331.00,155.00,0.89,-1,-1,-1
293,3,613.00,234.00,192.00,103.00,0.86,-1,-1,-1
294,1,399.00,234.00,331.00,155.00,0.89,-1,-1,-1
294,3,613.00,234.00,192.00,103.00,0.85,-1,-1,-1
295,1,399.00,234.00,331.00,155.00,0.89,-1,-1,-1
295,3,613.00,234.00,192.00,103.00,0.85,-1,-1,-1
296,1,398.00,234.00,332.00,155.00,0.88,-1,-1,-1
296,3,613.00,234.00,192.00,103.00,0.85,-1,-1,-1
297,1,398.00,234.00,332.00,155.00,0.88,-1,-1,-1
297,3,613.00,234.00,192.00,103.00,0.86,-1,-1,-1
298,1,398.00,234.00,332.00,155.00,0.88,-1,-1,-1
298,3,613.00,234.00,192.00,103.00,0.86,-1,-1,-1
299,1,398.00,234.00,332.00,155.00,0.87,-1,-1,-1
299,3,613.00,234.00,192.00,103.00,0.85,-1,-1,-1
300,1,398.00,234.00,332.00,156.00,0.87,-1,-1,-1
300,3,613.00,234.00,192.00,103.00,0.85,-1,-1,-1
301,1,398.00,234.00,332.00,156.00,0.86,-1,-1,-1
301,3,613.00,234.00,192.00,103.00,0.85,-1,-1,-1
302,1,398.00,233.00,333.00,157.00,0.90,-1,-1,-1
302,3,614.00,235.00,191.00,102.00,0.84,-1,-1,-1
303,1,397.00,233.00,334.00,157.00,0.90,-1,-1,-1
303,3,615.00,235.00,191.00,102.00,0.84,-1,-1,-1
304,1,398.00,233.00,333.00,157.00,0.90,-1,-1,-1
304,3,615.00,234.00,191.00,103.00,0.85,-1,-1,-1
305,1,398.00,233.00,332.00,157.00,0.90,-1,-1,-1
305,3,615.00,234.00,191.00,103.00,0.85,-1,-1,-1
306,1,398.00,234.00,332.00,156.00,0.90,-1,-1,-1
306,3,615.00,234.00,191.00,103.00,0.85,-1,-1,-1
307,1,399.00,234.00,331.00,156.00,0.89,-1,-1,-1
307,3,615.00,234.00,191.00,103.00,0.84,-1,-1,-1
308,1,399.00,234.00,331.00,156.00,0.90,-1,-1,-1
308,3,615.00,234.00,191.00,103.00,0.85,-1,-1,-1
309,1,399.00,234.00,331.00,156.00,0.90,-1,-1,-1
309,3,615.00,234.00,191.00,103.00,0.84,-1,-1,-1
310,1,399.00,234.00,331.00,156.00,0.90,-1,-1,-1
310,3,614.00,234.00,192.00,103.00,0.83,-1,-1,-1
311,1,399.00,234.00,331.00,156.00,0.90,-1,-1,-1
311,3,614.00,234.00,191.00,103.00,0.83,-1,-1,-1
312,1,399.00,234.00,331.00,156.00,0.90,-1,-1,-1
312,3,614.00,235.00,191.00,102.00,0.83,-1,-1,-1
313,1,399.00,234.00,331.00,156.00,0.89,-1,-1,-1
313,3,613.00,235.00,192.00,102.00,0.83,-1,-1,-1
314,1,399.00,234.00,331.00,156.00,0.90,-1,-1,-1
314,3,613.00,235.00,192.00,102.00,0.83,-1,-1,-1
315,1,399.00,234.00,331.00,156.00,0.90,-1,-1,-1
315,3,613.00,235.00,193.00,102.00,0.84,-1,-1,-1
316,1,399.00,234.00,331.00,156.00,0.90,-1,-1,-1
316,3,613.00,235.00,193.00,102.00,0.84,-1,-1,-1
317,1,398.00,233.00,332.00,157.00,0.90,-1,-1,-1
317,3,613.00,235.00,193.00,102.00,0.83,-1,-1,-1
318,1,398.00,233.00,333.00,157.00,0.90,-1,-1,-1
318,3,613.00,234.00,193.00,103.00,0.84,-1,-1,-1
319,1,398.00,233.00,333.00,157.00,0.90,-1,-1,-1
319,3,613.00,234.00,193.00,103.00,0.84,-1,-1,-1
320,1,398.00,233.00,333.00,157.00,0.90,-1,-1,-1
320,3,614.00,234.00,192.00,103.00,0.84,-1,-1,-1
321,1,398.00,233.00,333.00,157.00,0.90,-1,-1,-1
321,3,613.00,234.00,193.00,103.00,0.84,-1,-1,-1
322,1,398.00,233.00,332.00,157.00,0.90,-1,-1,-1
322,3,613.00,234.00,193.00,103.00,0.84,-1,-1,-1
323,1,398.00,233.00,332.00,157.00,0.90,-1,-1,-1
323,3,613.00,234.00,193.00,103.00,0.84,-1,-1,-1
324,1,398.00,233.00,332.00,157.00,0.90,-1,-1,-1
324,3,613.00,234.00,193.00,103.00,0.84,-1,-1,-1
325,1,397.00,232.00,334.00,158.00,0.90,-1,-1,-1
325,3,613.00,234.00,193.00,103.00,0.84,-1,-1,-1
326,1,397.00,232.00,334.00,158.00,0.89,-1,-1,-1
326,3,613.00,234.00,193.00,103.00,0.84,-1,-1,-1
327,1,398.00,233.00,332.00,157.00,0.89,-1,-1,-1
327,3,613.00,234.00,193.00,103.00,0.84,-1,-1,-1
328,1,399.00,233.00,331.00,157.00,0.89,-1,-1,-1
328,3,613.00,234.00,193.00,103.00,0.84,-1,-1,-1
329,1,398.00,233.00,332.00,157.00,0.88,-1,-1,-1
329,3,613.00,234.00,193.00,103.00,0.84,-1,-1,-1
330,1,398.00,233.00,332.00,157.00,0.87,-1,-1,-1
330,3,613.00,234.00,193.00,103.00,0.84,-1,-1,-1
331,1,399.00,233.00,331.00,157.00,0.89,-1,-1,-1
331,3,613.00,234.00,193.00,103.00,0.84,-1,-1,-1
332,1,399.00,234.00,330.00,156.00,0.88,-1,-1,-1
332,3,611.00,234.00,195.00,103.00,0.85,-1,-1,-1
333,1,399.00,234.00,330.00,156.00,0.88,-1,-1,-1
333,3,610.00,234.00,195.00,104.00,0.85,-1,-1,-1
334,1,399.00,234.00,330.00,156.00,0.87,-1,-1,-1
334,3,610.00,234.00,195.00,104.00,0.85,-1,-1,-1
335,1,399.00,234.00,331.00,156.00,0.87,-1,-1,-1
335,3,610.00,234.00,195.00,104.00,0.85,-1,-1,-1
336,1,399.00,234.00,331.00,156.00,0.87,-1,-1,-1
336,3,610.00,234.00,196.00,104.00,0.85,-1,-1,-1
337,1,399.00,234.00,330.00,156.00,0.88,-1,-1,-1
337,3,610.00,234.00,196.00,104.00,0.85,-1,-1,-1
338,1,399.00,234.00,330.00,156.00,0.89,-1,-1,-1
338,3,610.00,234.00,196.00,104.00,0.85,-1,-1,-1
339,1,399.00,234.00,331.00,156.00,0.88,-1,-1,-1
339,3,610.00,234.00,196.00,104.00,0.86,-1,-1,-1
340,1,399.00,234.00,331.00,156.00,0.88,-1,-1,-1
340,3,610.00,234.00,196.00,104.00,0.85,-1,-1,-1
341,1,399.00,234.00,331.00,156.00,0.88,-1,-1,-1
341,3,610.00,234.00,196.00,104.00,0.85,-1,-1,-1
342,1,399.00,234.00,331.00,156.00,0.88,-1,-1,-1
342,3,610.00,234.00,196.00,104.00,0.85,-1,-1,-1
343,1,399.00,234.00,330.00,156.00,0.88,-1,-1,-1
343,3,610.00,234.00,196.00,104.00,0.85,-1,-1,-1
344,1,399.00,234.00,331.00,156.00,0.88,-1,-1,-1
344,3,610.00,234.00,196.00,104.00,0.85,-1,-1,-1
345,1,399.00,234.00,331.00,156.00,0.88,-1,-1,-1
345,3,610.00,234.00,196.00,104.00,0.85,-1,-1,-1
346,1,399.00,234.00,331.00,156.00,0.89,-1,-1,-1
346,3,610.00,234.00,196.00,104.00,0.85,-1,-1,-1
347,1,399.00,234.00,331.00,156.00,0.89,-1,-1,-1
347,3,610.00,234.00,196.00,104.00,0.85,-1,-1,-1
348,1,399.00,234.00,331.00,156.00,0.89,-1,-1,-1
348,3,610.00,234.00,196.00,104.00,0.85,-1,-1,-1
349,1,398.00,233.00,332.00,157.00,0.89,-1,-1,-1
349,3,610.00,234.00,196.00,104.00,0.85,-1,-1,-1
350,1,398.00,233.00,333.00,157.00,0.88,-1,-1,-1
350,3,610.00,234.00,196.00,104.00,0.85,-1,-1,-1
351,1,398.00,233.00,332.00,157.00,0.88,-1,-1,-1
351,3,610.00,234.00,196.00,104.00,0.85,-1,-1,-1
352,1,398.00,233.00,332.00,157.00,0.87,-1,-1,-1
352,3,610.00,234.00,196.00,104.00,0.85,-1,-1,-1
353,1,398.00,233.00,332.00,157.00,0.88,-1,-1,-1
353,3,611.00,234.00,195.00,104.00,0.86,-1,-1,-1
354,1,398.00,234.00,332.00,156.00,0.88,-1,-1,-1
354,3,611.00,234.00,195.00,104.00,0.86,-1,-1,-1
355,1,399.00,234.00,331.00,156.00,0.88,-1,-1,-1
355,3,611.00,234.00,195.00,104.00,0.85,-1,-1,-1
356,1,399.00,234.00,331.00,156.00,0.88,-1,-1,-1
356,3,611.00,234.00,195.00,104.00,0.85,-1,-1,-1
357,1,399.00,234.00,331.00,156.00,0.88,-1,-1,-1
357,3,612.00,234.00,194.00,104.00,0.85,-1,-1,-1
358,1,399.00,234.00,331.00,156.00,0.88,-1,-1,-1
358,3,612.00,234.00,194.00,104.00,0.85,-1,-1,-1
359,1,399.00,234.00,331.00,156.00,0.88,-1,-1,-1
359,3,612.00,234.00,194.00,104.00,0.85,-1,-1,-1
360,1,399.00,234.00,331.00,156.00,0.87,-1,-1,-1
360,3,611.00,234.00,195.00,104.00,0.85,-1,-1,-1
361,1,399.00,234.00,330.00,156.00,0.87,-1,-1,-1
361,3,611.00,234.00,195.00,104.00,0.85,-1,-1,-1
362,1,398.00,234.00,332.00,156.00,0.89,-1,-1,-1
362,3,612.00,234.00,194.00,103.00,0.86,-1,-1,-1
363,1,398.00,233.00,332.00,157.00,0.89,-1,-1,-1
363,3,612.00,234.00,195.00,103.00,0.86,-1,-1,-1
364,1,398.00,233.00,332.00,157.00,0.88,-1,-1,-1
364,3,612.00,234.00,195.00,103.00,0.86,-1,-1,-1
365,1,398.00,233.00,332.00,157.00,0.88,-1,-1,-1
365,3,612.00,234.00,195.00,103.00,0.86,-1,-1,-1
366,1,398.00,233.00,332.00,157.00,0.88,-1,-1,-1
366,3,612.00,234.00,195.00,103.00,0.86,-1,-1,-1
367,1,398.00,233.00,332.00,157.00,0.88,-1,-1,-1
367,3,612.00,234.00,195.00,103.00,0.86,-1,-1,-1
368,1,398.00,233.00,332.00,157.00,0.88,-1,-1,-1
368,3,612.00,234.00,195.00,103.00,0.86,-1,-1,-1
369,1,398.00,233.00,332.00,157.00,0.88,-1,-1,-1
369,3,612.00,234.00,195.00,103.00,0.86,-1,-1,-1
370,1,398.00,233.00,332.00,157.00,0.88,-1,-1,-1
370,3,612.00,234.00,196.00,103.00,0.86,-1,-1,-1
371,1,398.00,233.00,332.00,157.00,0.88,-1,-1,-1
371,3,612.00,234.00,196.00,103.00,0.86,-1,-1,-1
372,1,398.00,233.00,332.00,157.00,0.88,-1,-1,-1
372,3,612.00,234.00,196.00,103.00,0.86,-1,-1,-1
373,1,398.00,233.00,332.00,157.00,0.88,-1,-1,-1
373,3,612.00,234.00,196.00,103.00,0.86,-1,-1,-1
374,1,398.00,233.00,332.00,157.00,0.88,-1,-1,-1
374,3,612.00,234.00,196.00,103.00,0.86,-1,-1,-1
375,1,398.00,233.00,332.00,157.00,0.88,-1,-1,-1
375,3,612.00,234.00,196.00,103.00,0.86,-1,-1,-1
376,1,398.00,233.00,332.00,157.00,0.88,-1,-1,-1
376,3,612.00,234.00,196.00,103.00,0.86,-1,-1,-1
377,1,398.00,233.00,332.00,157.00,0.88,-1,-1,-1
377,3,612.00,234.00,196.00,103.00,0.86,-1,-1,-1
378,1,398.00,233.00,332.00,157.00,0.87,-1,-1,-1
378,3,612.00,234.00,195.00,103.00,0.86,-1,-1,-1
379,1,398.00,233.00,332.00,157.00,0.87,-1,-1,-1
379,3,612.00,234.00,196.00,103.00,0.86,-1,-1,-1
380,1,399.00,233.00,331.00,157.00,0.87,-1,-1,-1
380,3,612.00,234.00,196.00,103.00,0.86,-1,-1,-1
381,1,399.00,234.00,330.00,156.00,0.87,-1,-1,-1
381,3,612.00,234.00,196.00,103.00,0.86,-1,-1,-1
382,1,399.00,234.00,330.00,156.00,0.87,-1,-1,-1
382,3,612.00,234.00,196.00,103.00,0.86,-1,-1,-1
383,1,398.00,233.00,332.00,157.00,0.87,-1,-1,-1
383,3,612.00,234.00,196.00,103.00,0.86,-1,-1,-1
383,4,691.00,210.00,175.00,97.00,0.72,-1,-1,-1
384,1,398.00,233.00,332.00,157.00,0.87,-1,-1,-1
384,3,612.00,234.00,196.00,103.00,0.86,-1,-1,-1
384,4,691.00,210.00,173.00,96.00,0.72,-1,-1,-1
385,1,399.00,234.00,331.00,156.00,0.88,-1,-1,-1
385,3,612.00,234.00,196.00,103.00,0.86,-1,-1,-1
386,1,399.00,234.00,330.00,156.00,0.88,-1,-1,-1
386,3,613.00,234.00,195.00,103.00,0.86,-1,-1,-1
386,4,691.00,209.00,171.00,97.00,0.73,-1,-1,-1
387,1,398.00,233.00,332.00,157.00,0.88,-1,-1,-1
387,3,613.00,234.00,195.00,103.00,0.86,-1,-1,-1
387,4,690.00,209.00,171.00,98.00,0.71,-1,-1,-1
388,1,398.00,233.00,332.00,157.00,0.88,-1,-1,-1
388,3,613.00,234.00,195.00,103.00,0.86,-1,-1,-1
388,4,687.00,209.00,175.00,100.00,0.69,-1,-1,-1
389,1,399.00,233.00,331.00,157.00,0.88,-1,-1,-1
389,3,613.00,234.00,195.00,103.00,0.86,-1,-1,-1
389,4,689.00,209.00,173.00,100.00,0.66,-1,-1,-1
390,1,399.00,234.00,330.00,156.00,0.88,-1,-1,-1
390,3,613.00,234.00,196.00,104.00,0.86,-1,-1,-1
390,4,688.00,209.00,175.00,102.00,0.62,-1,-1,-1
391,1,399.00,234.00,330.00,156.00,0.87,-1,-1,-1
391,3,613.00,234.00,196.00,104.00,0.86,-1,-1,-1
391,4,684.00,209.00,177.00,105.00,0.63,-1,-1,-1
392,1,399.00,234.00,330.00,156.00,0.89,-1,-1,-1
392,3,612.00,234.00,195.00,104.00,0.86,-1,-1,-1
392,4,684.00,209.00,170.00,102.00,0.61,-1,-1,-1
393,1,399.00,234.00,330.00,156.00,0.89,-1,-1,-1
393,3,612.00,234.00,195.00,103.00,0.86,-1,-1,-1
393,4,686.00,210.00,164.00,99.00,0.60,-1,-1,-1
394,1,399.00,234.00,330.00,156.00,0.89,-1,-1,-1
394,3,612.00,234.00,195.00,103.00,0.86,-1,-1,-1
394,4,685.00,210.00,164.00,101.00,0.59,-1,-1,-1
395,1,399.00,234.00,330.00,156.00,0.89,-1,-1,-1
395,3,612.00,234.00,195.00,103.00,0.85,-1,-1,-1
395,4,687.00,210.00,161.00,100.00,0.53,-1,-1,-1
396,1,398.00,234.00,332.00,156.00,0.89,-1,-1,-1
396,3,612.00,234.00,195.00,103.00,0.86,-1,-1,-1
396,4,688.00,210.00,160.00,100.00,0.53,-1,-1,-1
397,1,398.00,234.00,332.00,156.00,0.89,-1,-1,-1
397,3,612.00,234.00,195.00,103.00,0.86,-1,-1,-1
397,4,689.00,210.00,157.00,99.00,0.55,-1,-1,-1
398,1,399.00,234.00,331.00,156.00,0.89,-1,-1,-1
398,3,612.00,234.00,195.00,103.00,0.85,-1,-1,-1
398,4,690.00,210.00,152.00,97.00,0.52,-1,-1,-1
399,1,399.00,234.00,331.00,156.00,0.89,-1,-1,-1
399,3,612.00,234.00,195.00,103.00,0.86,-1,-1,-1
399,4,691.00,210.00,148.00,95.00,0.54,-1,-1,-1
400,1,399.00,235.00,331.00,155.00,0.89,-1,-1,-1
400,3,612.00,234.00,195.00,103.00,0.86,-1,-1,-1
400,4,691.00,210.00,147.00,94.00,0.53,-1,-1,-1
401,1,399.00,235.00,331.00,155.00,0.89,-1,-1,-1
401,3,612.00,234.00,195.00,103.00,0.85,-1,-1,-1
401,4,697.00,210.00,146.00,93.00,0.42,-1,-1,-1
402,1,399.00,235.00,331.00,155.00,0.88,-1,-1,-1
402,3,612.00,234.00,195.00,103.00,0.85,-1,-1,-1
402,4,698.00,210.00,146.00,93.00,0.39,-1,-1,-1
403,1,398.00,234.00,332.00,156.00,0.89,-1,-1,-1
403,3,613.00,234.00,195.00,103.00,0.85,-1,-1,-1
403,4,698.00,210.00,142.00,91.00,0.36,-1,-1,-1
404,1,398.00,234.00,332.00,156.00,0.89,-1,-1,-1
404,3,613.00,234.00,195.00,103.00,0.85,-1,-1,-1
405,1,398.00,234.00,332.00,156.00,0.88,-1,-1,-1
405,3,612.00,234.00,196.00,103.00,0.84,-1,-1,-1
406,1,398.00,234.00,332.00,156.00,0.87,-1,-1,-1
406,3,612.00,233.00,196.00,104.00,0.84,-1,-1,-1
407,1,398.00,234.00,332.00,156.00,0.87,-1,-1,-1
407,3,612.00,233.00,195.00,104.00,0.84,-1,-1,-1
408,1,398.00,234.00,332.00,156.00,0.87,-1,-1,-1
408,3,611.00,233.00,196.00,104.00,0.84,-1,-1,-1
409,1,398.00,234.00,332.00,156.00,0.87,-1,-1,-1
409,3,611.00,233.00,195.00,104.00,0.84,-1,-1,-1
410,1,398.00,234.00,332.00,156.00,0.87,-1,-1,-1
410,3,611.00,233.00,195.00,104.00,0.84,-1,-1,-1
411,1,398.00,234.00,332.00,156.00,0.87,-1,-1,-1
411,3,611.00,233.00,194.00,104.00,0.85,-1,-1,-1
412,1,398.00,234.00,332.00,156.00,0.87,-1,-1,-1
412,3,611.00,233.00,194.00,104.00,0.85,-1,-1,-1
413,1,398.00,234.00,332.00,156.00,0.86,-1,-1,-1
413,3,611.00,234.00,194.00,103.00,0.85,-1,-1,-1
414,1,398.00,234.00,332.00,156.00,0.86,-1,-1,-1
414,3,612.00,233.00,193.00,104.00,0.85,-1,-1,-1
415,1,398.00,234.00,332.00,156.00,0.86,-1,-1,-1
415,3,612.00,233.00,193.00,104.00,0.85,-1,-1,-1
416,1,398.00,234.00,332.00,156.00,0.86,-1,-1,-1
416,3,612.00,233.00,193.00,104.00,0.85,-1,-1,-1
417,1,398.00,234.00,333.00,156.00,0.86,-1,-1,-1
417,3,612.00,233.00,192.00,104.00,0.85,-1,-1,-1
418,1,398.00,234.00,332.00,156.00,0.86,-1,-1,-1
418,3,612.00,233.00,191.00,104.00,0.85,-1,-1,-1
419,1,398.00,234.00,333.00,156.00,0.86,-1,-1,-1
419,3,611.00,233.00,191.00,104.00,0.85,-1,-1,-1
420,1,398.00,234.00,333.00,156.00,0.86,-1,-1,-1
420,3,610.00,233.00,190.00,104.00,0.86,-1,-1,-1
421,1,398.00,234.00,332.00,156.00,0.86,-1,-1,-1
421,3,609.00,233.00,189.00,104.00,0.85,-1,-1,-1
422,1,398.00,234.00,332.00,156.00,0.86,-1,-1,-1
422,3,609.00,234.00,186.00,103.00,0.81,-1,-1,-1
423,1,398.00,234.00,332.00,156.00,0.85,-1,-1,-1
423,3,608.00,234.00,185.00,102.00,0.80,-1,-1,-1
424,1,398.00,234.00,332.00,156.00,0.85,-1,-1,-1
424,3,607.00,234.00,184.00,103.00,0.80,-1,-1,-1
425,1,398.00,234.00,332.00,156.00,0.84,-1,-1,-1
425,3,606.00,234.00,183.00,103.00,0.80,-1,-1,-1
426,1,398.00,234.00,332.00,156.00,0.83,-1,-1,-1
426,3,606.00,234.00,181.00,103.00,0.80,-1,-1,-1
427,1,398.00,234.00,333.00,156.00,0.84,-1,-1,-1
427,3,607.00,234.00,179.00,103.00,0.80,-1,-1,-1
428,1,397.00,233.00,334.00,157.00,0.80,-1,-1,-1
428,3,608.00,234.00,178.00,103.00,0.79,-1,-1,-1
429,1,396.00,232.00,335.00,158.00,0.81,-1,-1,-1
429,3,610.00,234.00,178.00,103.00,0.80,-1,-1,-1
429,39,667.00,209.00,211.00,98.00,0.31,-1,-1,-1
430,1,397.00,232.00,334.00,158.00,0.80,-1,-1,-1
430,3,611.00,234.00,178.00,103.00,0.79,-1,-1,-1
430,39,662.00,209.00,215.00,102.00,0.29,-1,-1,-1
431,1,398.00,233.00,332.00,157.00,0.81,-1,-1,-1
431,3,612.00,234.00,176.00,103.00,0.77,-1,-1,-1
431,39,667.00,209.00,212.00,103.00,0.23,-1,-1,-1
432,1,399.00,233.00,331.00,157.00,0.83,-1,-1,-1
432,3,611.00,234.00,178.00,104.00,0.79,-1,-1,-1
432,39,665.00,209.00,208.00,103.00,0.31,-1,-1,-1
433,1,399.00,233.00,331.00,157.00,0.83,-1,-1,-1
433,3,611.00,234.00,178.00,105.00,0.75,-1,-1,-1
433,39,671.00,209.00,201.00,102.00,0.32,-1,-1,-1
434,1,399.00,234.00,330.00,155.00,0.81,-1,-1,-1
434,3,616.00,234.00,179.00,105.00,0.63,-1,-1,-1
434,39,684.00,209.00,190.00,99.00,0.35,-1,-1,-1
435,1,399.00,234.00,330.00,155.00,0.82,-1,-1,-1
435,3,624.00,234.00,168.00,97.00,0.48,-1,-1,-1
436,1,399.00,234.00,331.00,155.00,0.81,-1,-1,-1
436,3,636.00,234.00,149.00,82.00,0.54,-1,-1,-1
437,1,398.00,233.00,332.00,157.00,0.83,-1,-1,-1
437,3,643.00,235.00,140.00,74.00,0.55,-1,-1,-1
438,1,398.00,233.00,331.00,157.00,0.85,-1,-1,-1
438,3,648.00,235.00,132.00,66.00,0.58,-1,-1,-1
439,1,398.00,233.00,331.00,157.00,0.84,-1,-1,-1
439,3,646.00,235.00,136.00,65.00,0.62,-1,-1,-1
440,1,398.00,233.00,331.00,157.00,0.83,-1,-1,-1
440,3,643.00,235.00,141.00,65.00,0.67,-1,-1,-1
441,1,397.00,233.00,331.00,157.00,0.85,-1,-1,-1
441,3,631.00,234.00,163.00,75.00,0.69,-1,-1,-1
442,1,397.00,233.00,330.00,156.00,0.83,-1,-1,-1
442,3,622.00,234.00,181.00,83.00,0.68,-1,-1,-1
443,1,396.00,231.00,333.00,158.00,0.79,-1,-1,-1
443,3,614.00,234.00,195.00,89.00,0.73,-1,-1,-1
444,1,394.00,231.00,334.00,159.00,0.79,-1,-1,-1
444,3,607.00,234.00,208.00,96.00,0.80,-1,-1,-1
445,1,393.00,231.00,334.00,159.00,0.77,-1,-1,-1
445,3,605.00,234.00,212.00,99.00,0.81,-1,-1,-1
446,1,396.00,231.00,333.00,158.00,0.66,-1,-1,-1
446,3,605.00,234.00,213.00,100.00,0.77,-1,-1,-1
447,1,395.00,230.00,333.00,159.00,0.73,-1,-1,-1
447,3,605.00,234.00,213.00,101.00,0.80,-1,-1,-1
448,1,393.00,231.00,331.00,159.00,0.75,-1,-1,-1
448,3,605.00,235.00,212.00,101.00,0.82,-1,-1,-1
449,1,396.00,231.00,331.00,159.00,0.70,-1,-1,-1
449,3,606.00,235.00,209.00,101.00,0.80,-1,-1,-1
450,1,399.00,231.00,332.00,160.00,0.75,-1,-1,-1
450,3,605.00,235.00,211.00,102.00,0.79,-1,-1,-1
451,1,398.00,232.00,332.00,159.00,0.79,-1,-1,-1
451,3,606.00,235.00,210.00,103.00,0.85,-1,-1,-1
452,1,398.00,232.00,332.00,159.00,0.82,-1,-1,-1
452,3,607.00,234.00,210.00,104.00,0.82,-1,-1,-1
453,1,396.00,231.00,334.00,161.00,0.75,-1,-1,-1
453,3,608.00,234.00,209.00,104.00,0.82,-1,-1,-1
454,1,398.00,232.00,332.00,159.00,0.76,-1,-1,-1
454,3,609.00,234.00,208.00,105.00,0.82,-1,-1,-1
455,1,400.00,231.00,328.00,158.00,0.80,-1,-1,-1
455,3,610.00,234.00,207.00,105.00,0.80,-1,-1,-1
456,1,405.00,231.00,318.00,152.00,0.79,-1,-1,-1
456,3,611.00,234.00,205.00,105.00,0.81,-1,-1,-1
457,1,409.00,231.00,310.00,147.00,0.80,-1,-1,-1
457,3,611.00,234.00,203.00,104.00,0.82,-1,-1,-1
458,1,407.00,231.00,314.00,148.00,0.82,-1,-1,-1
458,3,612.00,234.00,201.00,104.00,0.82,-1,-1,-1
459,1,408.00,232.00,313.00,146.00,0.83,-1,-1,-1
459,3,612.00,234.00,200.00,104.00,0.82,-1,-1,-1
460,1,407.00,232.00,315.00,146.00,0.83,-1,-1,-1
460,3,613.00,234.00,199.00,104.00,0.81,-1,-1,-1
461,1,405.00,232.00,318.00,148.00,0.82,-1,-1,-1
461,3,613.00,234.00,198.00,104.00,0.83,-1,-1,-1
462,1,404.00,232.00,320.00,148.00,0.85,-1,-1,-1
462,3,614.00,234.00,196.00,104.00,0.83,-1,-1,-1
463,1,403.00,231.00,322.00,149.00,0.84,-1,-1,-1
463,3,614.00,234.00,196.00,103.00,0.83,-1,-1,-1
464,1,405.00,231.00,318.00,146.00,0.82,-1,-1,-1
464,3,614.00,234.00,195.00,103.00,0.83,-1,-1,-1
464,41,672.00,235.00,137.00,102.00,0.30,-1,-1,-1
465,1,408.00,231.00,312.00,142.00,0.83,-1,-1,-1
465,3,614.00,234.00,195.00,103.00,0.82,-1,-1,-1
465,41,672.00,235.00,137.00,102.00,0.27,-1,-1,-1
466,1,411.00,230.00,306.00,139.00,0.84,-1,-1,-1
466,3,614.00,235.00,194.00,102.00,0.83,-1,-1,-1
466,41,672.00,235.00,137.00,102.00,0.26,-1,-1,-1
467,1,413.00,231.00,303.00,136.00,0.85,-1,-1,-1
467,3,613.00,235.00,194.00,102.00,0.84,-1,-1,-1
467,41,672.00,235.00,137.00,102.00,0.23,-1,-1,-1
468,1,412.00,231.00,305.00,135.00,0.82,-1,-1,-1
468,3,613.00,235.00,194.00,102.00,0.84,-1,-1,-1
468,41,672.00,235.00,137.00,102.00,0.22,-1,-1,-1
469,1,410.00,231.00,309.00,136.00,0.82,-1,-1,-1
469,3,613.00,235.00,194.00,102.00,0.84,-1,-1,-1
469,41,672.00,235.00,137.00,102.00,0.23,-1,-1,-1
470,1,406.00,232.00,317.00,138.00,0.80,-1,-1,-1
470,3,614.00,235.00,193.00,102.00,0.83,-1,-1,-1
470,41,672.00,235.00,137.00,102.00,0.23,-1,-1,-1
471,1,397.00,232.00,334.00,147.00,0.81,-1,-1,-1
471,3,614.00,235.00,193.00,102.00,0.83,-1,-1,-1
471,41,673.00,235.00,137.00,102.00,0.19,-1,-1,-1
472,1,394.00,233.00,340.00,150.00,0.80,-1,-1,-1
472,3,614.00,235.00,193.00,102.00,0.83,-1,-1,-1
472,41,673.00,235.00,137.00,102.00,0.20,-1,-1,-1
473,1,390.00,233.00,347.00,154.00,0.80,-1,-1,-1
473,3,614.00,234.00,194.00,103.00,0.83,-1,-1,-1
473,41,674.00,235.00,136.00,102.00,0.19,-1,-1,-1
474,1,389.00,232.00,349.00,156.00,0.83,-1,-1,-1
474,3,614.00,234.00,193.00,103.00,0.83,-1,-1,-1
474,41,674.00,235.00,136.00,102.00,0.22,-1,-1,-1
475,1,391.00,233.00,345.00,156.00,0.83,-1,-1,-1
475,3,614.00,234.00,193.00,103.00,0.82,-1,-1,-1
475,41,674.00,235.00,136.00,102.00,0.23,-1,-1,-1
476,1,392.00,234.00,344.00,155.00,0.84,-1,-1,-1
476,3,614.00,234.00,193.00,103.00,0.83,-1,-1,-1
476,41,673.00,235.00,136.00,102.00,0.23,-1,-1,-1
477,1,392.00,234.00,344.00,155.00,0.85,-1,-1,-1
477,3,614.00,234.00,193.00,103.00,0.83,-1,-1,-1
477,41,673.00,235.00,136.00,102.00,0.24,-1,-1,-1
478,1,392.00,233.00,344.00,157.00,0.87,-1,-1,-1
478,3,614.00,234.00,193.00,103.00,0.83,-1,-1,-1
478,41,673.00,235.00,136.00,102.00,0.24,-1,-1,-1
479,1,393.00,234.00,342.00,156.00,0.86,-1,-1,-1
479,3,615.00,234.00,192.00,103.00,0.83,-1,-1,-1
479,41,672.00,235.00,137.00,102.00,0.20,-1,-1,-1
480,1,394.00,234.00,341.00,156.00,0.84,-1,-1,-1
480,3,615.00,234.00,192.00,103.00,0.83,-1,-1,-1
480,41,672.00,235.00,137.00,102.00,0.21,-1,-1,-1
481,1,394.00,234.00,341.00,156.00,0.82,-1,-1,-1
481,3,615.00,234.00,192.00,103.00,0.83,-1,-1,-1
481,41,672.00,235.00,137.00,102.00,0.20,-1,-1,-1
482,1,394.00,233.00,341.00,157.00,0.87,-1,-1,-1
482,3,613.00,234.00,193.00,103.00,0.86,-1,-1,-1
483,1,394.00,233.00,340.00,157.00,0.86,-1,-1,-1
483,3,612.00,234.00,194.00,103.00,0.86,-1,-1,-1
484,1,394.00,233.00,340.00,157.00,0.85,-1,-1,-1
484,3,612.00,234.00,193.00,103.00,0.86,-1,-1,-1
485,1,395.00,233.00,339.00,157.00,0.86,-1,-1,-1
485,3,612.00,234.00,193.00,103.00,0.86,-1,-1,-1
486,1,395.00,233.00,338.00,157.00,0.87,-1,-1,-1
486,3,611.00,234.00,194.00,103.00,0.86,-1,-1,-1
487,1,395.00,233.00,338.00,157.00,0.87,-1,-1,-1
487,3,611.00,234.00,194.00,103.00,0.86,-1,-1,-1
488,1,396.00,233.00,337.00,157.00,0.86,-1,-1,-1
488,3,611.00,234.00,194.00,103.00,0.86,-1,-1,-1
489,1,396.00,233.00,336.00,157.00,0.86,-1,-1,-1
489,3,610.00,234.00,195.00,103.00,0.86,-1,-1,-1
490,1,396.00,233.00,336.00,157.00,0.86,-1,-1,-1
490,3,610.00,234.00,195.00,103.00,0.85,-1,-1,-1
491,1,396.00,233.00,336.00,157.00,0.87,-1,-1,-1
491,3,610.00,234.00,195.00,103.00,0.86,-1,-1,-1
492,1,397.00,233.00,335.00,157.00,0.86,-1,-1,-1
492,3,611.00,234.00,194.00,103.00,0.86,-1,-1,-1
493,1,397.00,233.00,334.00,157.00,0.85,-1,-1,-1
493,3,611.00,234.00,195.00,103.00,0.86,-1,-1,-1
494,1,397.00,233.00,334.00,157.00,0.85,-1,-1,-1
494,3,611.00,234.00,195.00,103.00,0.85,-1,-1,-1
495,1,397.00,233.00,334.00,157.00,0.84,-1,-1,-1
495,3,612.00,234.00,194.00,103.00,0.85,-1,-1,-1
496,1,397.00,233.00,334.00,157.00,0.83,-1,-1,-1
496,3,612.00,235.00,194.00,102.00,0.85,-1,-1,-1
497,1,397.00,233.00,334.00,157.00,0.86,-1,-1,-1
497,3,613.00,235.00,193.00,102.00,0.85,-1,-1,-1
498,1,397.00,233.00,334.00,157.00,0.87,-1,-1,-1
498,3,613.00,235.00,193.00,102.00,0.85,-1,-1,-1
499,1,398.00,233.00,333.00,157.00,0.87,-1,-1,-1
499,3,613.00,235.00,193.00,102.00,0.85,-1,-1,-1
500,1,398.00,233.00,333.00,157.00,0.88,-1,-1,-1
500,3,613.00,235.00,193.00,102.00,0.85,-1,-1,-1
501,1,398.00,233.00,333.00,157.00,0.87,-1,-1,-1
501,3,613.00,235.00,193.00,102.00,0.85,-1,-1,-1
502,1,398.00,233.00,333.00,157.00,0.87,-1,-1,-1
502,3,613.00,235.00,193.00,102.00,0.85,-1,-1,-1
503,1,398.00,233.00,333.00,157.00,0.87,-1,-1,-1
503,3,613.00,235.00,193.00,102.00,0.85,-1,-1,-1
504,1,398.00,233.00,333.00,157.00,0.87,-1,-1,-1
504,3,613.00,235.00,193.00,102.00,0.85,-1,-1,-1
505,1,398.00,233.00,333.00,157.00,0.87,-1,-1,-1
505,3,613.00,235.00,193.00,102.00,0.85,-1,-1,-1
506,1,399.00,233.00,332.00,157.00,0.86,-1,-1,-1
506,3,613.00,235.00,193.00,102.00,0.86,-1,-1,-1
507,1,399.00,233.00,332.00,157.00,0.85,-1,-1,-1
507,3,613.00,235.00,193.00,102.00,0.85,-1,-1,-1
508,1,400.00,233.00,331.00,157.00,0.86,-1,-1,-1
508,3,613.00,235.00,193.00,102.00,0.86,-1,-1,-1
509,1,400.00,233.00,331.00,157.00,0.85,-1,-1,-1
509,3,613.00,235.00,193.00,102.00,0.85,-1,-1,-1
510,1,401.00,233.00,331.00,157.00,0.85,-1,-1,-1
510,3,613.00,235.00,193.00,102.00,0.85,-1,-1,-1
511,1,402.00,233.00,330.00,157.00,0.83,-1,-1,-1
511,3,612.00,234.00,194.00,103.00,0.85,-1,-1,-1
512,1,402.00,233.00,330.00,157.00,0.82,-1,-1,-1
512,3,612.00,234.00,194.00,103.00,0.85,-1,-1,-1
513,1,403.00,233.00,329.00,157.00,0.83,-1,-1,-1
513,3,612.00,234.00,194.00,103.00,0.85,-1,-1,-1
514,1,403.00,233.00,329.00,157.00,0.82,-1,-1,-1
514,3,612.00,234.00,194.00,103.00,0.85,-1,-1,-1
515,1,401.00,232.00,331.00,158.00,0.82,-1,-1,-1
515,3,612.00,234.00,194.00,103.00,0.85,-1,-1,-1
516,1,399.00,231.00,332.00,159.00,0.79,-1,-1,-1
516,3,612.00,234.00,194.00,103.00,0.85,-1,-1,-1
517,1,399.00,231.00,332.00,159.00,0.80,-1,-1,-1
517,3,612.00,234.00,194.00,103.00,0.85,-1,-1,-1
518,1,399.00,232.00,331.00,158.00,0.83,-1,-1,-1
518,3,612.00,234.00,194.00,103.00,0.85,-1,-1,-1
519,1,399.00,233.00,330.00,157.00,0.85,-1,-1,-1
519,3,612.00,235.00,194.00,102.00,0.85,-1,-1,-1
520,1,399.00,232.00,331.00,158.00,0.84,-1,-1,-1
520,3,613.00,235.00,193.00,103.00,0.85,-1,-1,-1
521,1,399.00,233.00,331.00,158.00,0.83,-1,-1,-1
521,3,613.00,235.00,193.00,103.00,0.84,-1,-1,-1
522,1,398.00,232.00,332.00,159.00,0.85,-1,-1,-1
522,3,613.00,235.00,193.00,103.00,0.85,-1,-1,-1
523,1,398.00,232.00,332.00,159.00,0.85,-1,-1,-1
523,3,612.00,234.00,194.00,103.00,0.85,-1,-1,-1
524,1,400.00,232.00,330.00,158.00,0.84,-1,-1,-1
524,3,612.00,235.00,194.00,102.00,0.85,-1,-1,-1
525,1,401.00,232.00,329.00,157.00,0.85,-1,-1,-1
525,3,612.00,234.00,194.00,103.00,0.85,-1,-1,-1
526,1,401.00,232.00,328.00,157.00,0.87,-1,-1,-1
526,3,612.00,234.00,194.00,103.00,0.85,-1,-1,-1
527,1,400.00,232.00,329.00,157.00,0.87,-1,-1,-1
527,3,612.00,234.00,194.00,103.00,0.85,-1,-1,-1
528,1,399.00,232.00,329.00,157.00,0.88,-1,-1,-1
528,3,612.00,234.00,194.00,103.00,0.85,-1,-1,-1
529,1,399.00,232.00,329.00,157.00,0.86,-1,-1,-1
529,3,612.00,234.00,194.00,103.00,0.85,-1,-1,-1
530,1,398.00,231.00,330.00,158.00,0.88,-1,-1,-1
530,3,612.00,234.00,194.00,103.00,0.85,-1,-1,-1
531,1,398.00,232.00,330.00,158.00,0.90,-1,-1,-1
531,3,612.00,234.00,194.00,103.00,0.85,-1,-1,-1
532,1,398.00,232.00,330.00,158.00,0.90,-1,-1,-1
532,3,613.00,234.00,193.00,103.00,0.85,-1,-1,-1
533,1,398.00,232.00,330.00,158.00,0.90,-1,-1,-1
533,3,612.00,234.00,194.00,103.00,0.86,-1,-1,-1
534,1,399.00,232.00,329.00,157.00,0.91,-1,-1,-1
534,3,613.00,234.00,193.00,103.00,0.85,-1,-1,-1
535,1,401.00,232.00,325.00,154.00,0.90,-1,-1,-1
535,3,613.00,234.00,193.00,103.00,0.85,-1,-1,-1
536,1,408.00,233.00,310.00,146.00,0.88,-1,-1,-1
536,3,613.00,234.00,193.00,103.00,0.84,-1,-1,-1
537,1,413.00,234.00,302.00,140.00,0.90,-1,-1,-1
537,3,613.00,234.00,193.00,103.00,0.84,-1,-1,-1
538,1,416.00,234.00,296.00,136.00,0.85,-1,-1,-1
538,3,613.00,235.00,193.00,103.00,0.83,-1,-1,-1
539,1,412.00,233.00,304.00,139.00,0.85,-1,-1,-1
539,3,613.00,235.00,193.00,103.00,0.84,-1,-1,-1
540,1,407.00,233.00,315.00,143.00,0.85,-1,-1,-1
540,3,613.00,235.00,192.00,103.00,0.84,-1,-1,-1
541,1,404.00,233.00,322.00,145.00,0.87,-1,-1,-1
541,3,612.00,234.00,193.00,104.00,0.83,-1,-1,-1
542,1,401.00,231.00,328.00,148.00,0.83,-1,-1,-1
542,3,612.00,234.00,194.00,104.00,0.77,-1,-1,-1
543,1,399.00,231.00,331.00,151.00,0.82,-1,-1,-1
543,3,612.00,234.00,194.00,104.00,0.74,-1,-1,-1
544,1,398.00,230.00,334.00,152.00,0.80,-1,-1,-1
544,3,612.00,234.00,193.00,103.00,0.70,-1,-1,-1
545,1,397.00,231.00,335.00,153.00,0.79,-1,-1,-1
545,3,611.00,234.00,194.00,103.00,0.71,-1,-1,-1
546,1,398.00,232.00,335.00,152.00,0.76,-1,-1,-1
546,3,611.00,234.00,194.00,103.00,0.72,-1,-1,-1
547,1,399.00,231.00,342.00,156.00,0.77,-1,-1,-1
547,3,611.00,234.00,194.00,103.00,0.70,-1,-1,-1
548,1,396.00,231.00,344.00,157.00,0.84,-1,-1,-1
548,3,611.00,233.00,195.00,104.00,0.75,-1,-1,-1
549,1,395.00,231.00,342.00,157.00,0.79,-1,-1,-1
549,3,611.00,233.00,196.00,104.00,0.80,-1,-1,-1
550,1,394.00,232.00,342.00,157.00,0.78,-1,-1,-1
550,3,610.00,233.00,197.00,104.00,0.81,-1,-1,-1
551,1,409.00,232.00,347.00,158.00,0.74,-1,-1,-1
551,3,610.00,233.00,197.00,104.00,0.77,-1,-1,-1
552,1,391.00,232.00,342.00,157.00,0.62,-1,-1,-1
552,3,611.00,233.00,196.00,105.00,0.79,-1,-1,-1
553,1,387.00,232.00,336.00,156.00,0.61,-1,-1,-1
553,3,612.00,234.00,193.00,102.00,0.80,-1,-1,-1
554,1,412.00,232.00,343.00,156.00,0.66,-1,-1,-1
554,3,612.00,234.00,192.00,102.00,0.74,-1,-1,-1
555,1,395.00,233.00,337.00,155.00,0.54,-1,-1,-1
555,3,614.00,234.00,187.00,98.00,0.70,-1,-1,-1
556,1,391.00,233.00,335.00,155.00,0.56,-1,-1,-1
556,3,615.00,234.00,184.00,97.00,0.70,-1,-1,-1
557,1,393.00,233.00,335.00,155.00,0.53,-1,-1,-1
557,3,616.00,234.00,184.00,96.00,0.67,-1,-1,-1
558,1,393.00,232.00,335.00,157.00,0.62,-1,-1,-1
558,3,618.00,234.00,180.00,93.00,0.59,-1,-1,-1
559,1,394.00,233.00,334.00,156.00,0.73,-1,-1,-1
559,3,621.00,234.00,175.00,89.00,0.57,-1,-1,-1
560,1,395.00,232.00,333.00,157.00,0.71,-1,-1,-1
560,3,623.00,234.00,173.00,86.00,0.56,-1,-1,-1
561,1,397.00,233.00,332.00,156.00,0.85,-1,-1,-1
561,3,621.00,234.00,177.00,87.00,0.60,-1,-1,-1
562,1,398.00,233.00,331.00,155.00,0.83,-1,-1,-1
562,3,623.00,234.00,172.00,83.00,0.43,-1,-1,-1
563,1,399.00,234.00,330.00,154.00,0.84,-1,-1,-1
563,3,618.00,234.00,169.00,82.00,0.38,-1,-1,-1
564,1,399.00,234.00,331.00,155.00,0.86,-1,-1,-1
564,3,606.00,234.00,190.00,93.00,0.46,-1,-1,-1
565,1,399.00,234.00,331.00,155.00,0.87,-1,-1,-1
565,3,601.00,234.00,197.00,98.00,0.62,-1,-1,-1
566,1,399.00,233.00,332.00,156.00,0.86,-1,-1,-1
566,3,599.00,234.00,200.00,101.00,0.77,-1,-1,-1
567,1,398.00,233.00,333.00,156.00,0.88,-1,-1,-1
567,3,596.00,234.00,200.00,102.00,0.60,-1,-1,-1
568,1,398.00,232.00,334.00,157.00,0.88,-1,-1,-1
568,3,598.00,234.00,198.00,102.00,0.72,-1,-1,-1
569,1,398.00,233.00,333.00,156.00,0.87,-1,-1,-1
569,3,599.00,234.00,196.00,102.00,0.66,-1,-1,-1
570,1,399.00,233.00,331.00,156.00,0.87,-1,-1,-1
570,3,599.00,234.00,193.00,102.00,0.68,-1,-1,-1
571,1,399.00,234.00,331.00,155.00,0.88,-1,-1,-1
571,3,600.00,234.00,190.00,102.00,0.71,-1,-1,-1
572,1,398.00,233.00,333.00,156.00,0.90,-1,-1,-1
572,3,601.00,234.00,187.00,102.00,0.72,-1,-1,-1
573,1,397.00,233.00,334.00,157.00,0.90,-1,-1,-1
573,3,601.00,234.00,185.00,102.00,0.76,-1,-1,-1
574,1,397.00,233.00,334.00,157.00,0.90,-1,-1,-1
574,3,602.00,234.00,182.00,102.00,0.77,-1,-1,-1
575,1,397.00,233.00,334.00,157.00,0.90,-1,-1,-1
575,3,604.00,234.00,180.00,102.00,0.65,-1,-1,-1
576,1,397.00,233.00,334.00,157.00,0.90,-1,-1,-1
576,3,610.00,234.00,178.00,101.00,0.38,-1,-1,-1
577,1,398.00,233.00,333.00,157.00,0.90,-1,-1,-1
577,3,610.00,234.00,178.00,101.00,0.43,-1,-1,-1
578,1,398.00,233.00,333.00,157.00,0.90,-1,-1,-1
578,3,611.00,234.00,178.00,102.00,0.46,-1,-1,-1
579,1,398.00,233.00,333.00,157.00,0.90,-1,-1,-1
579,3,634.00,233.00,186.00,103.00,0.58,-1,-1,-1
580,1,398.00,233.00,333.00,156.00,0.90,-1,-1,-1
580,3,643.00,233.00,192.00,102.00,0.65,-1,-1,-1
581,1,398.00,233.00,333.00,156.00,0.90,-1,-1,-1
581,3,623.00,233.00,191.00,103.00,0.50,-1,-1,-1
582,1,398.00,233.00,333.00,157.00,0.90,-1,-1,-1
582,3,615.00,234.00,190.00,102.00,0.80,-1,-1,-1
583,1,398.00,233.00,333.00,157.00,0.91,-1,-1,-1
583,3,612.00,234.00,189.00,102.00,0.81,-1,-1,-1
584,1,398.00,233.00,333.00,157.00,0.90,-1,-1,-1
584,3,611.00,234.00,188.00,102.00,0.70,-1,-1,-1
585,1,398.00,232.00,333.00,158.00,0.90,-1,-1,-1
585,3,611.00,234.00,188.00,102.00,0.77,-1,-1,-1
586,1,398.00,232.00,333.00,158.00,0.90,-1,-1,-1
586,3,613.00,235.00,186.00,101.00,0.53,-1,-1,-1
587,1,398.00,233.00,332.00,157.00,0.90,-1,-1,-1
587,3,614.00,235.00,186.00,101.00,0.69,-1,-1,-1
588,1,399.00,233.00,331.00,157.00,0.90,-1,-1,-1
588,3,615.00,235.00,187.00,101.00,0.68,-1,-1,-1
589,1,399.00,233.00,331.00,157.00,0.89,-1,-1,-1
589,3,615.00,235.00,187.00,101.00,0.49,-1,-1,-1
590,1,399.00,234.00,331.00,156.00,0.88,-1,-1,-1
590,3,616.00,234.00,189.00,102.00,0.80,-1,-1,-1
591,1,399.00,233.00,331.00,157.00,0.89,-1,-1,-1
591,3,616.00,233.00,191.00,104.00,0.83,-1,-1,-1
592,1,399.00,233.00,331.00,157.00,0.89,-1,-1,-1
592,3,616.00,233.00,192.00,104.00,0.84,-1,-1,-1
593,1,398.00,233.00,332.00,157.00,0.90,-1,-1,-1
593,3,617.00,233.00,192.00,104.00,0.82,-1,-1,-1
594,1,398.00,233.00,332.00,157.00,0.90,-1,-1,-1
594,3,616.00,234.00,192.00,103.00,0.83,-1,-1,-1
594,39,684.00,211.00,186.00,99.00,0.39,-1,-1,-1
595,1,398.00,233.00,332.00,157.00,0.90,-1,-1,-1
595,3,615.00,234.00,193.00,103.00,0.84,-1,-1,-1
595,39,688.00,210.00,180.00,99.00,0.45,-1,-1,-1
596,1,398.00,233.00,333.00,157.00,0.90,-1,-1,-1
596,3,615.00,234.00,192.00,103.00,0.83,-1,-1,-1
597,1,398.00,232.00,333.00,158.00,0.90,-1,-1,-1
597,3,614.00,234.00,193.00,103.00,0.84,-1,-1,-1
598,1,398.00,232.00,333.00,158.00,0.90,-1,-1,-1
598,3,615.00,234.00,191.00,103.00,0.81,-1,-1,-1
599,1,398.00,233.00,332.00,157.00,0.90,-1,-1,-1
599,3,615.00,234.00,191.00,103.00,0.81,-1,-1,-1
600,1,399.00,233.00,331.00,157.00,0.89,-1,-1,-1
600,3,615.00,234.00,192.00,103.00,0.82,-1,-1,-1
601,1,399.00,233.00,331.00,157.00,0.89,-1,-1,-1
601,3,614.00,234.00,193.00,103.00,0.84,-1,-1,-1
602,1,398.00,233.00,332.00,157.00,0.87,-1,-1,-1
602,3,613.00,234.00,193.00,103.00,0.86,-1,-1,-1
603,1,398.00,233.00,332.00,157.00,0.88,-1,-1,-1
603,3,612.00,234.00,194.00,104.00,0.86,-1,-1,-1
604,1,398.00,233.00,332.00,157.00,0.88,-1,-1,-1
604,3,612.00,234.00,194.00,104.00,0.86,-1,-1,-1
605,1,398.00,233.00,332.00,157.00,0.87,-1,-1,-1
605,3,612.00,234.00,194.00,104.00,0.86,-1,-1,-1
606,1,398.00,233.00,332.00,157.00,0.87,-1,-1,-1
606,3,612.00,234.00,194.00,104.00,0.86,-1,-1,-1
607,1,398.00,233.00,332.00,157.00,0.87,-1,-1,-1
607,3,612.00,234.00,194.00,104.00,0.86,-1,-1,-1
608,1,398.00,233.00,332.00,157.00,0.87,-1,-1,-1
608,3,612.00,234.00,194.00,104.00,0.86,-1,-1,-1
609,1,398.00,233.00,332.00,157.00,0.88,-1,-1,-1
609,3,612.00,234.00,194.00,104.00,0.86,-1,-1,-1
610,1,398.00,233.00,332.00,157.00,0.87,-1,-1,-1
610,3,611.00,234.00,195.00,104.00,0.85,-1,-1,-1
611,1,398.00,233.00,332.00,157.00,0.87,-1,-1,-1
611,3,611.00,234.00,195.00,104.00,0.85,-1,-1,-1
612,1,398.00,233.00,332.00,157.00,0.88,-1,-1,-1
612,3,611.00,234.00,195.00,104.00,0.86,-1,-1,-1
613,1,398.00,233.00,332.00,157.00,0.87,-1,-1,-1
613,3,611.00,234.00,195.00,104.00,0.86,-1,-1,-1
614,1,398.00,233.00,332.00,157.00,0.87,-1,-1,-1
614,3,611.00,234.00,195.00,104.00,0.86,-1,-1,-1
615,1,398.00,233.00,332.00,157.00,0.87,-1,-1,-1
615,3,612.00,234.00,194.00,104.00,0.86,-1,-1,-1
616,1,398.00,233.00,332.00,157.00,0.87,-1,-1,-1
616,3,612.00,234.00,195.00,104.00,0.86,-1,-1,-1
617,1,398.00,233.00,332.00,157.00,0.87,-1,-1,-1
617,3,612.00,234.00,195.00,104.00,0.86,-1,-1,-1
618,1,398.00,232.00,332.00,158.00,0.87,-1,-1,-1
618,3,612.00,234.00,195.00,104.00,0.86,-1,-1,-1
619,1,398.00,232.00,332.00,158.00,0.87,-1,-1,-1
619,3,612.00,234.00,195.00,104.00,0.86,-1,-1,-1
620,1,398.00,233.00,332.00,157.00,0.87,-1,-1,-1
620,3,612.00,234.00,195.00,104.00,0.86,-1,-1,-1
621,1,398.00,233.00,332.00,157.00,0.86,-1,-1,-1
621,3,612.00,234.00,195.00,104.00,0.86,-1,-1,-1
622,1,398.00,233.00,332.00,157.00,0.86,-1,-1,-1
622,3,612.00,234.00,195.00,104.00,0.86,-1,-1,-1
623,1,398.00,232.00,332.00,158.00,0.87,-1,-1,-1
623,3,612.00,234.00,195.00,104.00,0.86,-1,-1,-1
624,1,398.00,233.00,332.00,157.00,0.87,-1,-1,-1
624,3,612.00,234.00,195.00,104.00,0.86,-1,-1,-1
625,1,398.00,233.00,332.00,157.00,0.87,-1,-1,-1
625,3,612.00,234.00,195.00,104.00,0.86,-1,-1,-1
626,1,398.00,233.00,332.00,157.00,0.87,-1,-1,-1
626,3,612.00,234.00,195.00,104.00,0.86,-1,-1,-1
627,1,398.00,233.00,332.00,157.00,0.87,-1,-1,-1
627,3,612.00,234.00,195.00,104.00,0.86,-1,-1,-1
628,1,398.00,233.00,332.00,157.00,0.87,-1,-1,-1
628,3,612.00,234.00,194.00,104.00,0.86,-1,-1,-1
629,1,398.00,233.00,332.00,157.00,0.88,-1,-1,-1
629,3,612.00,234.00,194.00,104.00,0.86,-1,-1,-1
630,1,398.00,233.00,332.00,157.00,0.88,-1,-1,-1
630,3,612.00,234.00,194.00,104.00,0.86,-1,-1,-1
631,1,398.00,232.00,332.00,158.00,0.88,-1,-1,-1
631,3,612.00,234.00,194.00,104.00,0.86,-1,-1,-1
632,1,397.00,232.00,334.00,158.00,0.89,-1,-1,-1
632,3,612.00,234.00,195.00,104.00,0.85,-1,-1,-1
633,1,397.00,231.00,335.00,159.00,0.89,-1,-1,-1
633,3,612.00,234.00,195.00,104.00,0.85,-1,-1,-1
634,1,397.00,231.00,335.00,159.00,0.89,-1,-1,-1
634,3,612.00,234.00,195.00,104.00,0.84,-1,-1,-1
635,1,397.00,231.00,335.00,159.00,0.89,-1,-1,-1
635,3,612.00,234.00,195.00,104.00,0.84,-1,-1,-1
636,1,397.00,230.00,335.00,160.00,0.90,-1,-1,-1
636,3,612.00,234.00,195.00,104.00,0.85,-1,-1,-1
637,1,397.00,231.00,334.00,159.00,0.89,-1,-1,-1
637,3,612.00,234.00,195.00,104.00,0.84,-1,-1,-1
638,1,397.00,231.00,334.00,159.00,0.89,-1,-1,-1
638,3,612.00,234.00,195.00,104.00,0.85,-1,-1,-1
639,1,398.00,231.00,333.00,159.00,0.90,-1,-1,-1
639,3,612.00,234.00,195.00,104.00,0.84,-1,-1,-1
640,1,398.00,231.00,333.00,159.00,0.89,-1,-1,-1
640,3,612.00,234.00,195.00,104.00,0.84,-1,-1,-1
641,1,398.00,231.00,333.00,159.00,0.89,-1,-1,-1
641,3,611.00,234.00,196.00,104.00,0.85,-1,-1,-1
642,1,398.00,231.00,332.00,159.00,0.89,-1,-1,-1
642,3,611.00,234.00,196.00,104.00,0.84,-1,-1,-1
643,1,398.00,231.00,332.00,159.00,0.89,-1,-1,-1
643,3,611.00,234.00,196.00,104.00,0.85,-1,-1,-1
644,1,399.00,232.00,331.00,158.00,0.89,-1,-1,-1
644,3,612.00,234.00,195.00,104.00,0.84,-1,-1,-1
645,1,399.00,232.00,331.00,158.00,0.89,-1,-1,-1
645,3,612.00,234.00,195.00,104.00,0.84,-1,-1,-1
646,1,399.00,232.00,331.00,158.00,0.89,-1,-1,-1
646,3,612.00,234.00,195.00,104.00,0.84,-1,-1,-1
647,1,399.00,232.00,331.00,158.00,0.89,-1,-1,-1
647,3,612.00,234.00,195.00,104.00,0.84,-1,-1,-1
648,1,399.00,232.00,331.00,158.00,0.89,-1,-1,-1
648,3,612.00,234.00,195.00,104.00,0.84,-1,-1,-1
649,1,399.00,232.00,331.00,158.00,0.89,-1,-1,-1
649,3,612.00,234.00,195.00,104.00,0.84,-1,-1,-1
650,1,399.00,232.00,331.00,158.00,0.89,-1,-1,-1
650,3,612.00,234.00,195.00,104.00,0.84,-1,-1,-1
651,1,399.00,231.00,331.00,159.00,0.89,-1,-1,-1
651,3,612.00,234.00,195.00,104.00,0.84,-1,-1,-1
652,1,399.00,231.00,331.00,159.00,0.90,-1,-1,-1
652,3,612.00,234.00,195.00,104.00,0.84,-1,-1,-1
653,1,399.00,232.00,331.00,158.00,0.89,-1,-1,-1
653,3,612.00,234.00,195.00,104.00,0.84,-1,-1,-1
654,1,399.00,232.00,331.00,158.00,0.89,-1,-1,-1
654,3,612.00,234.00,195.00,104.00,0.85,-1,-1,-1
655,1,399.00,232.00,330.00,158.00,0.89,-1,-1,-1
655,3,612.00,234.00,195.00,104.00,0.84,-1,-1,-1
656,1,399.00,232.00,330.00,158.00,0.89,-1,-1,-1
656,3,612.00,234.00,195.00,104.00,0.84,-1,-1,-1
657,1,399.00,232.00,331.00,158.00,0.89,-1,-1,-1
657,3,612.00,234.00,195.00,104.00,0.84,-1,-1,-1
658,1,399.00,232.00,331.00,158.00,0.89,-1,-1,-1
658,3,612.00,234.00,195.00,104.00,0.84,-1,-1,-1
659,1,399.00,232.00,331.00,158.00,0.88,-1,-1,-1
659,3,612.00,234.00,195.00,104.00,0.84,-1,-1,-1
660,1,399.00,232.00,331.00,158.00,0.88,-1,-1,-1
660,3,612.00,234.00,195.00,104.00,0.84,-1,-1,-1
661,1,399.00,232.00,331.00,158.00,0.89,-1,-1,-1
661,3,612.00,234.00,195.00,104.00,0.84,-1,-1,-1
662,1,399.00,232.00,331.00,158.00,0.90,-1,-1,-1
662,3,612.00,234.00,195.00,103.00,0.85,-1,-1,-1
663,1,399.00,232.00,331.00,158.00,0.89,-1,-1,-1
663,3,613.00,234.00,194.00,103.00,0.85,-1,-1,-1
664,1,399.00,233.00,330.00,157.00,0.89,-1,-1,-1
664,3,613.00,234.00,194.00,103.00,0.85,-1,-1,-1
665,1,399.00,232.00,330.00,158.00,0.89,-1,-1,-1
665,3,613.00,234.00,194.00,103.00,0.86,-1,-1,-1
666,1,399.00,232.00,331.00,158.00,0.89,-1,-1,-1
666,3,613.00,234.00,194.00,103.00,0.86,-1,-1,-1
667,1,399.00,232.00,331.00,158.00,0.89,-1,-1,-1
667,3,613.00,234.00,194.00,103.00,0.85,-1,-1,-1
668,1,399.00,233.00,330.00,157.00,0.89,-1,-1,-1
668,3,613.00,234.00,194.00,103.00,0.86,-1,-1,-1
669,1,399.00,233.00,330.00,157.00,0.89,-1,-1,-1
669,3,613.00,234.00,194.00,103.00,0.85,-1,-1,-1
670,1,399.00,233.00,330.00,157.00,0.89,-1,-1,-1
670,3,613.00,234.00,194.00,103.00,0.85,-1,-1,-1
671,1,399.00,233.00,330.00,157.00,0.89,-1,-1,-1
671,3,613.00,234.00,194.00,103.00,0.85,-1,-1,-1
672,1,399.00,233.00,330.00,157.00,0.89,-1,-1,-1
672,3,613.00,234.00,194.00,103.00,0.85,-1,-1,-1
673,1,399.00,233.00,330.00,157.00,0.89,-1,-1,-1
673,3,613.00,234.00,194.00,103.00,0.85,-1,-1,-1
674,1,399.00,233.00,330.00,157.00,0.88,-1,-1,-1
674,3,613.00,234.00,194.00,103.00,0.85,-1,-1,-1
675,1,399.00,233.00,330.00,157.00,0.88,-1,-1,-1
675,3,613.00,234.00,194.00,103.00,0.85,-1,-1,-1
676,1,399.00,233.00,330.00,157.00,0.89,-1,-1,-1
676,3,613.00,234.00,194.00,103.00,0.85,-1,-1,-1
677,1,399.00,233.00,330.00,157.00,0.88,-1,-1,-1
677,3,613.00,234.00,194.00,103.00,0.85,-1,-1,-1
678,1,399.00,233.00,330.00,157.00,0.89,-1,-1,-1
678,3,613.00,234.00,194.00,103.00,0.85,-1,-1,-1
679,1,399.00,233.00,330.00,157.00,0.89,-1,-1,-1
679,3,613.00,234.00,194.00,103.00,0.85,-1,-1,-1
680,1,399.00,233.00,331.00,157.00,0.89,-1,-1,-1
680,3,613.00,234.00,194.00,103.00,0.85,-1,-1,-1
681,1,399.00,233.00,331.00,157.00,0.89,-1,-1,-1
681,3,613.00,234.00,194.00,103.00,0.85,-1,-1,-1
682,1,399.00,233.00,331.00,157.00,0.89,-1,-1,-1
682,3,613.00,234.00,194.00,103.00,0.85,-1,-1,-1
683,1,399.00,233.00,331.00,157.00,0.89,-1,-1,-1
683,3,613.00,234.00,194.00,103.00,0.85,-1,-1,-1
684,1,399.00,233.00,331.00,157.00,0.89,-1,-1,-1
684,3,613.00,234.00,194.00,103.00,0.85,-1,-1,-1
685,1,399.00,233.00,331.00,157.00,0.89,-1,-1,-1
685,3,613.00,234.00,194.00,103.00,0.85,-1,-1,-1
686,1,399.00,233.00,331.00,157.00,0.89,-1,-1,-1
686,3,613.00,234.00,194.00,103.00,0.85,-1,-1,-1
687,1,399.00,233.00,331.00,157.00,0.90,-1,-1,-1
687,3,613.00,234.00,194.00,103.00,0.85,-1,-1,-1
688,1,398.00,233.00,332.00,157.00,0.90,-1,-1,-1
688,3,613.00,234.00,194.00,103.00,0.85,-1,-1,-1
689,1,398.00,233.00,332.00,157.00,0.89,-1,-1,-1
689,3,613.00,234.00,194.00,103.00,0.85,-1,-1,-1
