2,1,762.00,321.00,449.00,395.00,0.90,-1,-1,-1
2,2,245.00,140.00,327.00,158.00,0.90,-1,-1,-1
2,6,370.00,149.00,548.00,342.00,0.63,-1,-1,-1
3,1,762.00,321.00,449.00,395.00,0.90,-1,-1,-1
3,2,245.00,140.00,327.00,158.00,0.90,-1,-1,-1
3,6,370.00,149.00,549.00,342.00,0.60,-1,-1,-1
4,1,762.00,321.00,449.00,395.00,0.90,-1,-1,-1
4,2,245.00,140.00,327.00,158.00,0.90,-1,-1,-1
4,6,369.00,148.00,551.00,343.00,0.63,-1,-1,-1
5,1,762.00,321.00,449.00,395.00,0.90,-1,-1,-1
5,2,245.00,140.00,327.00,158.00,0.90,-1,-1,-1
5,6,369.00,148.00,550.00,343.00,0.62,-1,-1,-1
6,1,762.00,321.00,449.00,395.00,0.90,-1,-1,-1
6,2,245.00,140.00,327.00,158.00,0.90,-1,-1,-1
6,6,369.00,148.00,550.00,343.00,0.60,-1,-1,-1
7,1,763.00,321.00,448.00,395.00,0.90,-1,-1,-1
7,2,245.00,140.00,328.00,159.00,0.90,-1,-1,-1
7,6,370.00,149.00,548.00,342.00,0.64,-1,-1,-1
8,1,763.00,321.00,448.00,395.00,0.90,-1,-1,-1
8,2,246.00,140.00,327.00,158.00,0.90,-1,-1,-1
8,6,370.00,150.00,548.00,341.00,0.67,-1,-1,-1
9,1,763.00,321.00,449.00,395.00,0.90,-1,-1,-1
9,2,246.00,140.00,327.00,158.00,0.90,-1,-1,-1
9,6,370.00,150.00,548.00,341.00,0.66,-1,-1,-1
10,1,763.00,321.00,449.00,395.00,0.90,-1,-1,-1
10,2,245.00,140.00,328.00,158.00,0.90,-1,-1,-1
10,6,370.00,150.00,548.00,341.00,0.65,-1,-1,-1
11,1,762.00,321.00,449.00,395.00,0.90,-1,-1,-1
11,2,246.00,140.00,327.00,158.00,0.90,-1,-1,-1
11,6,370.00,150.00,548.00,341.00,0.65,-1,-1,-1
12,1,762.00,321.00,450.00,395.00,0.90,-1,-1,-1
12,2,246.00,140.00,327.00,158.00,0.90,-1,-1,-1
12,6,370.00,150.00,548.00,341.00,0.64,-1,-1,-1
13,1,762.00,321.00,450.00,395.00,0.90,-1,-1,-1
13,2,246.00,140.00,327.00,158.00,0.90,-1,-1,-1
13,6,370.00,150.00,548.00,341.00,0.64,-1,-1,-1
14,1,762.00,321.00,450.00,395.00,0.91,-1,-1,-1
14,2,246.00,140.00,327.00,158.00,0.90,-1,-1,-1
14,6,370.00,149.00,548.00,342.00,0.64,-1,-1,-1
15,1,762.00,321.00,450.00,395.00,0.91,-1,-1,-1
15,2,246.00,140.00,327.00,158.00,0.90,-1,-1,-1
15,6,370.00,149.00,548.00,342.00,0.64,-1,-1,-1
16,1,762.00,321.00,450.00,395.00,0.91,-1,-1,-1
16,2,246.00,140.00,326.00,158.00,0.90,-1,-1,-1
16,6,370.00,149.00,549.00,342.00,0.66,-1,-1,-1
17,1,762.00,321.00,450.00,395.00,0.91,-1,-1,-1
17,2,246.00,140.00,326.00,158.00,0.90,-1,-1,-1
17,6,370.00,149.00,549.00,342.00,0.66,-1,-1,-1
18,1,762.00,321.00,450.00,395.00,0.91,-1,-1,-1
18,2,245.00,140.00,327.00,158.00,0.90,-1,-1,-1
18,6,369.00,149.00,550.00,342.00,0.67,-1,-1,-1
19,1,762.00,321.00,450.00,395.00,0.91,-1,-1,-1
19,2,245.00,140.00,327.00,158.00,0.90,-1,-1,-1
19,6,369.00,148.00,550.00,343.00,0.67,-1,-1,-1
20,1,762.00,321.00,450.00,395.00,0.90,-1,-1,-1
20,2,245.00,140.00,328.00,159.00,0.90,-1,-1,-1
20,6,370.00,149.00,549.00,342.00,0.66,-1,-1,-1
21,1,762.00,321.00,450.00,395.00,0.90,-1,-1,-1
21,2,244.00,140.00,329.00,159.00,0.90,-1,-1,-1
21,6,369.00,149.00,550.00,342.00,0.67,-1,-1,-1
22,1,762.00,321.00,450.00,395.00,0.91,-1,-1,-1
22,2,245.00,140.00,328.00,159.00,0.90,-1,-1,-1
22,6,370.00,149.00,548.00,342.00,0.69,-1,-1,-1
23,1,762.00,321.00,450.00,395.00,0.91,-1,-1,-1
23,2,245.00,140.00,328.00,159.00,0.90,-1,-1,-1
23,6,370.00,150.00,548.00,341.00,0.70,-1,-1,-1
24,1,762.00,321.00,450.00,395.00,0.91,-1,-1,-1
24,2,245.00,140.00,328.00,159.00,0.90,-1,-1,-1
24,6,370.00,150.00,548.00,341.00,0.72,-1,-1,-1
25,1,762.00,321.00,450.00,395.00,0.91,-1,-1,-1
25,2,245.00,140.00,328.00,159.00,0.90,-1,-1,-1
25,6,369.00,149.00,550.00,342.00,0.73,-1,-1,-1
26,1,762.00,321.00,450.00,395.00,0.91,-1,-1,-1
26,2,245.00,140.00,328.00,159.00,0.90,-1,-1,-1
26,6,369.00,148.00,550.00,344.00,0.73,-1,-1,-1
27,1,762.00,321.00,450.00,395.00,0.91,-1,-1,-1
27,2,245.00,140.00,328.00,159.00,0.90,-1,-1,-1
27,6,368.00,147.00,552.00,345.00,0.72,-1,-1,-1
28,1,762.00,321.00,450.00,395.00,0.91,-1,-1,-1
28,2,245.00,140.00,327.00,158.00,0.90,-1,-1,-1
28,6,369.00,147.00,551.00,345.00,0.72,-1,-1,-1
29,1,762.00,321.00,450.00,395.00,0.91,-1,-1,-1
29,2,246.00,140.00,326.00,158.00,0.90,-1,-1,-1
29,6,368.00,147.00,552.00,345.00,0.72,-1,-1,-1
30,1,762.00,321.00,450.00,395.00,0.91,-1,-1,-1
30,2,246.00,140.00,326.00,158.00,0.90,-1,-1,-1
30,6,369.00,147.00,551.00,345.00,0.72,-1,-1,-1
31,1,762.00,321.00,450.00,395.00,0.91,-1,-1,-1
31,2,246.00,140.00,326.00,158.00,0.90,-1,-1,-1
31,6,369.00,148.00,550.00,344.00,0.72,-1,-1,-1
32,1,763.00,321.00,449.00,395.00,0.92,-1,-1,-1
32,2,245.00,140.00,328.00,159.00,0.90,-1,-1,-1
32,6,370.00,150.00,547.00,341.00,0.49,-1,-1,-1
33,1,763.00,321.00,450.00,395.00,0.92,-1,-1,-1
33,2,245.00,140.00,328.00,159.00,0.90,-1,-1,-1
33,6,371.00,151.00,545.00,340.00,0.50,-1,-1,-1
33,21,370.00,150.00,549.00,341.00,0.45,-1,-1,-1
34,1,763.00,321.00,450.00,395.00,0.92,-1,-1,-1
34,2,245.00,140.00,328.00,159.00,0.90,-1,-1,-1
34,6,371.00,151.00,545.00,340.00,0.50,-1,-1,-1
34,21,369.00,150.00,550.00,341.00,0.46,-1,-1,-1
35,1,763.00,321.00,450.00,395.00,0.92,-1,-1,-1
35,2,245.00,140.00,328.00,159.00,0.90,-1,-1,-1
35,6,371.00,151.00,546.00,340.00,0.49,-1,-1,-1
35,21,369.00,150.00,550.00,341.00,0.47,-1,-1,-1
36,1,763.00,321.00,450.00,395.00,0.92,-1,-1,-1
36,2,245.00,140.00,328.00,159.00,0.90,-1,-1,-1
36,6,370.00,151.00,547.00,340.00,0.50,-1,-1,-1
36,21,369.00,150.00,551.00,341.00,0.47,-1,-1,-1
37,1,763.00,321.00,450.00,395.00,0.92,-1,-1,-1
37,2,244.00,140.00,329.00,159.00,0.90,-1,-1,-1
37,6,370.00,151.00,547.00,340.00,0.51,-1,-1,-1
37,21,369.00,150.00,551.00,341.00,0.47,-1,-1,-1
38,1,763.00,321.00,450.00,395.00,0.92,-1,-1,-1
38,2,244.00,140.00,329.00,159.00,0.90,-1,-1,-1
38,6,370.00,151.00,547.00,340.00,0.51,-1,-1,-1
38,21,369.00,150.00,551.00,341.00,0.46,-1,-1,-1
39,1,763.00,321.00,450.00,395.00,0.92,-1,-1,-1
39,2,244.00,140.00,329.00,159.00,0.90,-1,-1,-1
39,6,370.00,151.00,547.00,340.00,0.51,-1,-1,-1
39,21,369.00,150.00,550.00,341.00,0.46,-1,-1,-1
40,1,763.00,321.00,450.00,395.00,0.92,-1,-1,-1
40,2,244.00,140.00,329.00,159.00,0.90,-1,-1,-1
40,6,370.00,151.00,547.00,340.00,0.51,-1,-1,-1
40,21,370.00,150.00,549.00,341.00,0.47,-1,-1,-1
41,1,763.00,321.00,450.00,395.00,0.92,-1,-1,-1
41,2,245.00,140.00,328.00,159.00,0.90,-1,-1,-1
41,6,370.00,151.00,548.00,340.00,0.51,-1,-1,-1
41,21,370.00,150.00,549.00,341.00,0.48,-1,-1,-1
42,1,763.00,321.00,450.00,395.00,0.92,-1,-1,-1
42,2,245.00,140.00,328.00,159.00,0.90,-1,-1,-1
42,6,370.00,151.00,548.00,340.00,0.51,-1,-1,-1
42,21,370.00,150.00,549.00,341.00,0.47,-1,-1,-1
43,1,763.00,321.00,450.00,395.00,0.92,-1,-1,-1
43,2,245.00,140.00,328.00,159.00,0.90,-1,-1,-1
43,6,370.00,151.00,548.00,340.00,0.52,-1,-1,-1
43,21,370.00,150.00,549.00,341.00,0.46,-1,-1,-1
44,1,763.00,321.00,450.00,395.00,0.91,-1,-1,-1
44,2,245.00,140.00,328.00,159.00,0.90,-1,-1,-1
44,6,370.00,151.00,548.00,340.00,0.50,-1,-1,-1
44,21,369.00,150.00,550.00,341.00,0.48,-1,-1,-1
45,1,763.00,321.00,450.00,395.00,0.91,-1,-1,-1
45,2,245.00,140.00,327.00,159.00,0.90,-1,-1,-1
45,6,370.00,151.00,548.00,340.00,0.50,-1,-1,-1
45,21,369.00,150.00,550.00,341.00,0.47,-1,-1,-1
46,1,763.00,321.00,450.00,395.00,0.91,-1,-1,-1
46,2,245.00,140.00,326.00,158.00,0.90,-1,-1,-1
46,6,370.00,151.00,548.00,340.00,0.52,-1,-1,-1
46,21,370.00,150.00,549.00,341.00,0.45,-1,-1,-1
47,1,763.00,321.00,450.00,395.00,0.91,-1,-1,-1
47,2,244.00,140.00,328.00,159.00,0.90,-1,-1,-1
47,6,370.00,151.00,548.00,340.00,0.48,-1,-1,-1
47,21,370.00,150.00,549.00,341.00,0.48,-1,-1,-1
48,1,763.00,321.00,450.00,395.00,0.91,-1,-1,-1
48,2,244.00,140.00,327.00,159.00,0.90,-1,-1,-1
48,6,370.00,151.00,548.00,340.00,0.52,-1,-1,-1
48,21,370.00,150.00,549.00,341.00,0.45,-1,-1,-1
49,1,763.00,321.00,450.00,395.00,0.91,-1,-1,-1
49,2,243.00,140.00,328.00,159.00,0.89,-1,-1,-1
49,6,370.00,151.00,548.00,340.00,0.51,-1,-1,-1
49,21,370.00,150.00,549.00,341.00,0.45,-1,-1,-1
50,1,763.00,321.00,450.00,395.00,0.91,-1,-1,-1
50,2,244.00,140.00,328.00,159.00,0.89,-1,-1,-1
50,6,370.00,151.00,548.00,340.00,0.48,-1,-1,-1
50,21,370.00,150.00,549.00,341.00,0.48,-1,-1,-1
51,1,763.00,321.00,450.00,395.00,0.91,-1,-1,-1
51,2,244.00,140.00,328.00,159.00,0.89,-1,-1,-1
51,6,370.00,151.00,548.00,340.00,0.45,-1,-1,-1
51,21,370.00,151.00,549.00,340.00,0.51,-1,-1,-1
52,1,763.00,321.00,450.00,395.00,0.91,-1,-1,-1
52,2,246.00,140.00,326.00,158.00,0.89,-1,-1,-1
52,6,370.00,151.00,548.00,340.00,0.48,-1,-1,-1
52,21,370.00,151.00,549.00,340.00,0.48,-1,-1,-1
53,1,763.00,321.00,450.00,395.00,0.91,-1,-1,-1
53,2,246.00,140.00,325.00,157.00,0.89,-1,-1,-1
53,6,370.00,151.00,548.00,340.00,0.48,-1,-1,-1
53,21,370.00,151.00,549.00,340.00,0.47,-1,-1,-1
54,1,763.00,321.00,450.00,395.00,0.91,-1,-1,-1
54,2,245.00,141.00,325.00,157.00,0.89,-1,-1,-1
54,6,370.00,151.00,548.00,340.00,0.46,-1,-1,-1
54,21,370.00,151.00,549.00,340.00,0.49,-1,-1,-1
55,1,763.00,321.00,450.00,395.00,0.91,-1,-1,-1
55,2,243.00,140.00,327.00,158.00,0.89,-1,-1,-1
55,6,370.00,151.00,548.00,340.00,0.46,-1,-1,-1
55,21,370.00,151.00,549.00,340.00,0.50,-1,-1,-1
56,1,763.00,321.00,450.00,395.00,0.91,-1,-1,-1
56,2,243.00,140.00,328.00,158.00,0.89,-1,-1,-1
56,6,370.00,151.00,548.00,340.00,0.48,-1,-1,-1
56,21,370.00,151.00,549.00,340.00,0.48,-1,-1,-1
57,1,763.00,321.00,450.00,395.00,0.91,-1,-1,-1
57,2,244.00,140.00,328.00,158.00,0.89,-1,-1,-1
57,6,370.00,151.00,548.00,340.00,0.46,-1,-1,-1
57,21,370.00,151.00,549.00,340.00,0.50,-1,-1,-1
58,1,763.00,321.00,450.00,395.00,0.91,-1,-1,-1
58,2,244.00,140.00,328.00,158.00,0.89,-1,-1,-1
58,6,370.00,151.00,548.00,340.00,0.42,-1,-1,-1
58,21,370.00,151.00,549.00,340.00,0.55,-1,-1,-1
59,1,763.00,321.00,450.00,395.00,0.91,-1,-1,-1
59,2,245.00,140.00,328.00,159.00,0.89,-1,-1,-1
59,6,370.00,151.00,548.00,340.00,0.43,-1,-1,-1
59,21,370.00,151.00,549.00,340.00,0.53,-1,-1,-1
60,1,763.00,321.00,450.00,395.00,0.91,-1,-1,-1
60,2,245.00,140.00,328.00,159.00,0.89,-1,-1,-1
60,6,370.00,151.00,548.00,340.00,0.42,-1,-1,-1
60,21,370.00,151.00,549.00,340.00,0.54,-1,-1,-1
61,1,763.00,321.00,450.00,395.00,0.91,-1,-1,-1
61,2,245.00,140.00,328.00,159.00,0.89,-1,-1,-1
61,6,370.00,151.00,548.00,340.00,0.43,-1,-1,-1
61,21,370.00,151.00,549.00,340.00,0.52,-1,-1,-1
62,1,762.00,321.00,451.00,395.00,0.90,-1,-1,-1
62,2,245.00,140.00,327.00,158.00,0.89,-1,-1,-1
62,6,370.00,151.00,548.00,340.00,0.65,-1,-1,-1
63,1,762.00,321.00,451.00,395.00,0.91,-1,-1,-1
63,2,246.00,141.00,325.00,157.00,0.89,-1,-1,-1
63,6,370.00,151.00,548.00,340.00,0.63,-1,-1,-1
64,1,762.00,321.00,451.00,395.00,0.91,-1,-1,-1
64,2,246.00,141.00,325.00,156.00,0.89,-1,-1,-1
64,6,370.00,151.00,548.00,340.00,0.64,-1,-1,-1
65,1,762.00,321.00,451.00,395.00,0.90,-1,-1,-1
65,2,246.00,141.00,325.00,156.00,0.89,-1,-1,-1
65,6,370.00,151.00,548.00,340.00,0.65,-1,-1,-1
66,1,762.00,321.00,451.00,395.00,0.91,-1,-1,-1
66,2,246.00,140.00,325.00,157.00,0.89,-1,-1,-1
66,6,370.00,151.00,548.00,340.00,0.65,-1,-1,-1
67,1,762.00,321.00,451.00,395.00,0.91,-1,-1,-1
67,2,245.00,140.00,326.00,158.00,0.89,-1,-1,-1
67,6,370.00,151.00,548.00,340.00,0.65,-1,-1,-1
68,1,762.00,321.00,451.00,395.00,0.90,-1,-1,-1
68,2,244.00,140.00,328.00,158.00,0.90,-1,-1,-1
68,6,370.00,151.00,548.00,340.00,0.67,-1,-1,-1
69,1,762.00,321.00,451.00,395.00,0.90,-1,-1,-1
69,2,244.00,140.00,328.00,158.00,0.90,-1,-1,-1
69,6,370.00,151.00,548.00,340.00,0.66,-1,-1,-1
70,1,762.00,321.00,451.00,395.00,0.90,-1,-1,-1
70,2,244.00,140.00,328.00,159.00,0.90,-1,-1,-1
70,6,370.00,151.00,548.00,340.00,0.64,-1,-1,-1
71,1,762.00,321.00,451.00,395.00,0.90,-1,-1,-1
71,2,243.00,140.00,329.00,159.00,0.90,-1,-1,-1
71,6,370.00,151.00,548.00,340.00,0.67,-1,-1,-1
72,1,762.00,321.00,451.00,395.00,0.90,-1,-1,-1
72,2,243.00,140.00,329.00,159.00,0.90,-1,-1,-1
72,6,369.00,151.00,549.00,340.00,0.66,-1,-1,-1
73,1,762.00,321.00,451.00,395.00,0.90,-1,-1,-1
73,2,243.00,140.00,329.00,159.00,0.90,-1,-1,-1
73,6,369.00,151.00,549.00,340.00,0.65,-1,-1,-1
74,1,762.00,321.00,451.00,395.00,0.91,-1,-1,-1
74,2,242.00,140.00,330.00,159.00,0.90,-1,-1,-1
74,6,369.00,151.00,549.00,340.00,0.65,-1,-1,-1
75,1,762.00,321.00,451.00,395.00,0.91,-1,-1,-1
75,2,243.00,140.00,329.00,159.00,0.90,-1,-1,-1
75,6,369.00,151.00,549.00,340.00,0.66,-1,-1,-1
76,1,762.00,321.00,451.00,395.00,0.91,-1,-1,-1
76,2,243.00,140.00,329.00,159.00,0.90,-1,-1,-1
76,6,369.00,151.00,549.00,340.00,0.68,-1,-1,-1
77,1,762.00,321.00,451.00,395.00,0.91,-1,-1,-1
77,2,244.00,140.00,328.00,159.00,0.90,-1,-1,-1
77,6,369.00,151.00,549.00,340.00,0.68,-1,-1,-1
78,1,762.00,321.00,451.00,395.00,0.91,-1,-1,-1
78,2,244.00,140.00,328.00,159.00,0.90,-1,-1,-1
78,6,369.00,151.00,549.00,340.00,0.68,-1,-1,-1
79,1,762.00,321.00,450.00,395.00,0.91,-1,-1,-1
79,2,244.00,140.00,328.00,159.00,0.90,-1,-1,-1
79,6,369.00,151.00,549.00,340.00,0.66,-1,-1,-1
80,1,762.00,321.00,450.00,395.00,0.91,-1,-1,-1
80,2,245.00,140.00,327.00,159.00,0.90,-1,-1,-1
80,6,369.00,151.00,549.00,340.00,0.65,-1,-1,-1
81,1,762.00,321.00,450.00,395.00,0.91,-1,-1,-1
81,2,245.00,140.00,327.00,159.00,0.90,-1,-1,-1
81,6,369.00,151.00,549.00,340.00,0.66,-1,-1,-1
82,1,762.00,321.00,451.00,395.00,0.91,-1,-1,-1
82,2,245.00,140.00,327.00,159.00,0.90,-1,-1,-1
82,6,369.00,151.00,549.00,340.00,0.66,-1,-1,-1
83,1,762.00,321.00,451.00,395.00,0.91,-1,-1,-1
83,2,245.00,140.00,327.00,159.00,0.90,-1,-1,-1
83,6,369.00,151.00,549.00,340.00,0.66,-1,-1,-1
84,1,762.00,321.00,451.00,395.00,0.91,-1,-1,-1
84,2,245.00,140.00,327.00,159.00,0.90,-1,-1,-1
84,6,369.00,151.00,549.00,340.00,0.65,-1,-1,-1
85,1,762.00,321.00,451.00,395.00,0.91,-1,-1,-1
85,2,245.00,140.00,327.00,159.00,0.90,-1,-1,-1
85,6,369.00,151.00,549.00,340.00,0.66,-1,-1,-1
86,1,762.00,321.00,451.00,395.00,0.91,-1,-1,-1
86,2,245.00,140.00,327.00,159.00,0.90,-1,-1,-1
86,6,369.00,151.00,549.00,340.00,0.68,-1,-1,-1
87,1,762.00,321.00,451.00,395.00,0.91,-1,-1,-1
87,2,245.00,140.00,327.00,159.00,0.90,-1,-1,-1
87,6,369.00,151.00,549.00,340.00,0.69,-1,-1,-1
88,1,762.00,321.00,451.00,395.00,0.91,-1,-1,-1
88,2,246.00,141.00,325.00,157.00,0.90,-1,-1,-1
88,6,369.00,151.00,549.00,340.00,0.70,-1,-1,-1
89,1,762.00,321.00,451.00,395.00,0.91,-1,-1,-1
89,2,246.00,141.00,325.00,157.00,0.90,-1,-1,-1
89,6,369.00,151.00,549.00,340.00,0.67,-1,-1,-1
90,1,762.00,321.00,450.00,395.00,0.91,-1,-1,-1
90,2,245.00,140.00,327.00,158.00,0.90,-1,-1,-1
90,6,369.00,151.00,549.00,340.00,0.66,-1,-1,-1
91,1,762.00,321.00,450.00,395.00,0.91,-1,-1,-1
91,2,245.00,140.00,327.00,159.00,0.90,-1,-1,-1
91,6,369.00,151.00,549.00,340.00,0.65,-1,-1,-1
92,1,762.00,321.00,451.00,395.00,0.92,-1,-1,-1
92,2,244.00,140.00,329.00,159.00,0.90,-1,-1,-1
92,6,370.00,151.00,549.00,340.00,0.62,-1,-1,-1
93,1,762.00,321.00,451.00,395.00,0.92,-1,-1,-1
93,2,244.00,140.00,329.00,159.00,0.90,-1,-1,-1
93,6,370.00,151.00,549.00,340.00,0.61,-1,-1,-1
94,1,762.00,321.00,451.00,395.00,0.92,-1,-1,-1
94,2,244.00,140.00,329.00,159.00,0.90,-1,-1,-1
94,6,370.00,151.00,549.00,340.00,0.62,-1,-1,-1
95,1,762.00,321.00,451.00,395.00,0.92,-1,-1,-1
95,2,244.00,140.00,329.00,159.00,0.90,-1,-1,-1
95,6,370.00,151.00,549.00,340.00,0.60,-1,-1,-1
96,1,762.00,321.00,451.00,395.00,0.92,-1,-1,-1
96,2,244.00,140.00,328.00,159.00,0.90,-1,-1,-1
96,6,370.00,151.00,549.00,340.00,0.60,-1,-1,-1
97,1,762.00,321.00,451.00,395.00,0.92,-1,-1,-1
97,2,244.00,140.00,328.00,159.00,0.90,-1,-1,-1
97,6,370.00,151.00,549.00,340.00,0.56,-1,-1,-1
98,1,762.00,321.00,451.00,395.00,0.92,-1,-1,-1
98,2,244.00,140.00,328.00,159.00,0.90,-1,-1,-1
98,6,370.00,151.00,549.00,340.00,0.56,-1,-1,-1
99,1,762.00,321.00,451.00,395.00,0.92,-1,-1,-1
99,2,244.00,139.00,328.00,160.00,0.90,-1,-1,-1
99,6,370.00,151.00,549.00,340.00,0.57,-1,-1,-1
100,1,762.00,321.00,451.00,395.00,0.92,-1,-1,-1
100,2,245.00,139.00,327.00,160.00,0.90,-1,-1,-1
100,6,370.00,151.00,549.00,340.00,0.56,-1,-1,-1
101,1,762.00,321.00,451.00,395.00,0.92,-1,-1,-1
101,2,245.00,139.00,327.00,160.00,0.90,-1,-1,-1
101,6,370.00,151.00,549.00,340.00,0.56,-1,-1,-1
102,1,762.00,321.00,451.00,395.00,0.92,-1,-1,-1
102,2,245.00,139.00,327.00,160.00,0.90,-1,-1,-1
102,6,370.00,151.00,549.00,340.00,0.56,-1,-1,-1
103,1,762.00,321.00,451.00,395.00,0.92,-1,-1,-1
103,2,245.00,139.00,327.00,160.00,0.90,-1,-1,-1
103,6,370.00,151.00,549.00,340.00,0.55,-1,-1,-1
104,1,762.00,321.00,451.00,395.00,0.92,-1,-1,-1
104,2,245.00,139.00,327.00,159.00,0.90,-1,-1,-1
104,6,370.00,151.00,549.00,340.00,0.51,-1,-1,-1
105,1,762.00,321.00,451.00,395.00,0.92,-1,-1,-1
105,2,245.00,139.00,327.00,159.00,0.90,-1,-1,-1
105,6,370.00,151.00,549.00,340.00,0.50,-1,-1,-1
105,120,369.00,151.00,550.00,340.00,0.45,-1,-1,-1
106,1,762.00,321.00,451.00,395.00,0.92,-1,-1,-1
106,2,245.00,139.00,327.00,160.00,0.90,-1,-1,-1
106,6,370.00,151.00,549.00,340.00,0.53,-1,-1,-1
106,120,369.00,151.00,549.00,340.00,0.42,-1,-1,-1
107,1,762.00,321.00,451.00,395.00,0.91,-1,-1,-1
107,2,245.00,139.00,327.00,160.00,0.90,-1,-1,-1
107,6,370.00,151.00,549.00,340.00,0.49,-1,-1,-1
107,120,369.00,151.00,549.00,340.00,0.47,-1,-1,-1
108,1,762.00,321.00,451.00,395.00,0.92,-1,-1,-1
108,2,245.00,139.00,327.00,160.00,0.90,-1,-1,-1
108,6,370.00,151.00,549.00,340.00,0.50,-1,-1,-1
108,120,369.00,151.00,549.00,340.00,0.46,-1,-1,-1
109,1,762.00,321.00,451.00,395.00,0.91,-1,-1,-1
109,2,245.00,139.00,326.00,159.00,0.90,-1,-1,-1
109,6,370.00,151.00,549.00,340.00,0.50,-1,-1,-1
109,120,369.00,151.00,549.00,340.00,0.46,-1,-1,-1
110,1,762.00,321.00,451.00,395.00,0.91,-1,-1,-1
110,2,245.00,139.00,326.00,159.00,0.90,-1,-1,-1
110,6,370.00,151.00,549.00,340.00,0.52,-1,-1,-1
110,120,369.00,151.00,549.00,340.00,0.44,-1,-1,-1
111,1,762.00,321.00,451.00,395.00,0.91,-1,-1,-1
111,2,245.00,139.00,326.00,159.00,0.90,-1,-1,-1
111,6,370.00,151.00,549.00,340.00,0.52,-1,-1,-1
111,120,369.00,151.00,549.00,340.00,0.43,-1,-1,-1
112,1,762.00,321.00,451.00,395.00,0.91,-1,-1,-1
112,2,245.00,139.00,326.00,159.00,0.90,-1,-1,-1
112,6,370.00,151.00,549.00,340.00,0.54,-1,-1,-1
113,1,762.00,321.00,451.00,395.00,0.91,-1,-1,-1
113,2,245.00,139.00,326.00,159.00,0.90,-1,-1,-1
113,6,370.00,151.00,549.00,340.00,0.54,-1,-1,-1
114,1,762.00,321.00,451.00,395.00,0.91,-1,-1,-1
114,2,245.00,139.00,326.00,159.00,0.90,-1,-1,-1
114,6,370.00,151.00,549.00,340.00,0.54,-1,-1,-1
115,1,762.00,321.00,451.00,395.00,0.91,-1,-1,-1
115,2,245.00,140.00,326.00,158.00,0.89,-1,-1,-1
115,6,370.00,151.00,549.00,340.00,0.53,-1,-1,-1
116,1,762.00,321.00,451.00,395.00,0.91,-1,-1,-1
116,2,245.00,139.00,326.00,159.00,0.89,-1,-1,-1
116,6,370.00,151.00,549.00,340.00,0.54,-1,-1,-1
116,139,369.00,151.00,549.00,340.00,0.41,-1,-1,-1
117,1,762.00,321.00,451.00,395.00,0.91,-1,-1,-1
117,2,245.00,139.00,326.00,159.00,0.89,-1,-1,-1
117,6,370.00,151.00,549.00,340.00,0.55,-1,-1,-1
118,1,762.00,321.00,451.00,395.00,0.91,-1,-1,-1
118,2,245.00,139.00,326.00,159.00,0.89,-1,-1,-1
118,6,370.00,151.00,549.00,340.00,0.56,-1,-1,-1
119,1,762.00,321.00,451.00,395.00,0.91,-1,-1,-1
119,2,245.00,139.00,326.00,159.00,0.89,-1,-1,-1
119,6,370.00,151.00,549.00,340.00,0.55,-1,-1,-1
120,1,762.00,321.00,451.00,395.00,0.91,-1,-1,-1
120,2,246.00,139.00,325.00,159.00,0.89,-1,-1,-1
120,6,370.00,151.00,549.00,340.00,0.55,-1,-1,-1
121,1,762.00,321.00,451.00,395.00,0.91,-1,-1,-1
121,2,246.00,139.00,325.00,159.00,0.89,-1,-1,-1
121,6,370.00,151.00,549.00,340.00,0.52,-1,-1,-1
122,1,762.00,320.00,450.00,396.00,0.92,-1,-1,-1
122,2,246.00,140.00,325.00,158.00,0.90,-1,-1,-1
122,6,369.00,151.00,550.00,340.00,0.51,-1,-1,-1
123,1,762.00,320.00,450.00,396.00,0.92,-1,-1,-1
123,2,246.00,140.00,325.00,158.00,0.90,-1,-1,-1
123,6,369.00,151.00,549.00,340.00,0.48,-1,-1,-1
124,1,762.00,320.00,450.00,396.00,0.92,-1,-1,-1
124,2,246.00,140.00,325.00,158.00,0.90,-1,-1,-1
124,6,369.00,151.00,549.00,340.00,0.48,-1,-1,-1
125,1,762.00,320.00,450.00,396.00,0.92,-1,-1,-1
125,2,246.00,140.00,325.00,158.00,0.90,-1,-1,-1
125,6,369.00,151.00,549.00,340.00,0.48,-1,-1,-1
126,1,762.00,320.00,450.00,396.00,0.92,-1,-1,-1
126,2,246.00,140.00,325.00,158.00,0.90,-1,-1,-1
126,6,369.00,151.00,549.00,340.00,0.49,-1,-1,-1
127,1,762.00,320.00,450.00,396.00,0.92,-1,-1,-1
127,2,246.00,140.00,326.00,159.00,0.90,-1,-1,-1
127,6,369.00,151.00,549.00,340.00,0.48,-1,-1,-1
128,1,762.00,320.00,450.00,396.00,0.92,-1,-1,-1
128,2,246.00,140.00,326.00,159.00,0.90,-1,-1,-1
128,6,369.00,151.00,549.00,340.00,0.45,-1,-1,-1
129,1,762.00,320.00,450.00,396.00,0.92,-1,-1,-1
129,2,246.00,140.00,326.00,159.00,0.90,-1,-1,-1
129,6,369.00,151.00,550.00,340.00,0.47,-1,-1,-1
129,157,369.00,151.00,550.00,340.00,0.43,-1,-1,-1
130,1,762.00,320.00,450.00,396.00,0.92,-1,-1,-1
130,2,246.00,140.00,326.00,159.00,0.90,-1,-1,-1
130,6,369.00,151.00,550.00,340.00,0.44,-1,-1,-1
130,157,369.00,151.00,550.00,340.00,0.46,-1,-1,-1
131,1,762.00,320.00,450.00,396.00,0.92,-1,-1,-1
131,2,246.00,140.00,326.00,159.00,0.90,-1,-1,-1
132,1,762.00,320.00,450.00,396.00,0.92,-1,-1,-1
132,2,246.00,140.00,326.00,159.00,0.90,-1,-1,-1
132,6,369.00,151.00,550.00,340.00,0.49,-1,-1,-1
133,1,762.00,320.00,450.00,396.00,0.92,-1,-1,-1
133,2,246.00,140.00,326.00,159.00,0.90,-1,-1,-1
133,6,369.00,151.00,550.00,340.00,0.49,-1,-1,-1
134,1,762.00,320.00,450.00,396.00,0.92,-1,-1,-1
134,2,246.00,140.00,326.00,159.00,0.90,-1,-1,-1
134,6,369.00,151.00,550.00,340.00,0.50,-1,-1,-1
135,1,762.00,320.00,450.00,396.00,0.92,-1,-1,-1
135,2,246.00,140.00,326.00,159.00,0.90,-1,-1,-1
135,6,369.00,151.00,550.00,340.00,0.51,-1,-1,-1
136,1,762.00,320.00,450.00,396.00,0.92,-1,-1,-1
136,2,245.00,140.00,327.00,159.00,0.90,-1,-1,-1
136,6,369.00,151.00,550.00,340.00,0.51,-1,-1,-1
137,1,762.00,320.00,450.00,396.00,0.92,-1,-1,-1
137,2,245.00,140.00,327.00,159.00,0.90,-1,-1,-1
137,6,369.00,151.00,550.00,340.00,0.48,-1,-1,-1
138,1,762.00,320.00,450.00,396.00,0.92,-1,-1,-1
138,2,246.00,140.00,325.00,159.00,0.90,-1,-1,-1
138,6,369.00,151.00,549.00,340.00,0.47,-1,-1,-1
139,1,762.00,320.00,450.00,396.00,0.92,-1,-1,-1
139,2,246.00,140.00,325.00,159.00,0.90,-1,-1,-1
139,6,369.00,151.00,549.00,340.00,0.47,-1,-1,-1
139,163,369.00,152.00,550.00,339.00,0.43,-1,-1,-1
140,1,762.00,320.00,450.00,396.00,0.92,-1,-1,-1
140,2,245.00,140.00,327.00,159.00,0.90,-1,-1,-1
140,6,369.00,151.00,549.00,340.00,0.47,-1,-1,-1
140,163,369.00,152.00,550.00,339.00,0.43,-1,-1,-1
141,1,762.00,320.00,450.00,396.00,0.92,-1,-1,-1
141,2,245.00,140.00,327.00,159.00,0.90,-1,-1,-1
141,6,369.00,151.00,549.00,340.00,0.49,-1,-1,-1
142,1,762.00,320.00,450.00,396.00,0.92,-1,-1,-1
142,2,246.00,140.00,325.00,159.00,0.90,-1,-1,-1
142,6,369.00,151.00,549.00,340.00,0.46,-1,-1,-1
143,1,762.00,320.00,450.00,396.00,0.92,-1,-1,-1
143,2,246.00,140.00,325.00,159.00,0.90,-1,-1,-1
143,6,369.00,151.00,549.00,340.00,0.48,-1,-1,-1
144,1,762.00,320.00,450.00,396.00,0.93,-1,-1,-1
144,2,246.00,140.00,326.00,159.00,0.90,-1,-1,-1
144,6,369.00,151.00,549.00,340.00,0.47,-1,-1,-1
145,1,762.00,320.00,450.00,396.00,0.93,-1,-1,-1
145,2,246.00,140.00,326.00,159.00,0.90,-1,-1,-1
145,6,369.00,151.00,550.00,340.00,0.46,-1,-1,-1
145,166,369.00,151.00,550.00,340.00,0.44,-1,-1,-1
146,1,762.00,320.00,450.00,396.00,0.93,-1,-1,-1
146,2,246.00,140.00,326.00,159.00,0.90,-1,-1,-1
146,6,369.00,152.00,550.00,339.00,0.45,-1,-1,-1
146,166,369.00,151.00,550.00,340.00,0.45,-1,-1,-1
147,1,762.00,320.00,450.00,396.00,0.93,-1,-1,-1
147,2,246.00,140.00,326.00,159.00,0.90,-1,-1,-1
147,6,369.00,152.00,550.00,339.00,0.44,-1,-1,-1
147,166,369.00,151.00,550.00,340.00,0.46,-1,-1,-1
148,1,762.00,320.00,450.00,396.00,0.93,-1,-1,-1
148,2,246.00,140.00,326.00,159.00,0.90,-1,-1,-1
148,6,370.00,152.00,549.00,339.00,0.44,-1,-1,-1
148,166,369.00,151.00,550.00,340.00,0.45,-1,-1,-1
149,1,762.00,320.00,450.00,396.00,0.92,-1,-1,-1
149,2,246.00,140.00,326.00,159.00,0.90,-1,-1,-1
150,1,762.00,320.00,450.00,396.00,0.93,-1,-1,-1
150,2,246.00,141.00,326.00,158.00,0.90,-1,-1,-1
150,6,369.00,151.00,549.00,340.00,0.46,-1,-1,-1
151,1,762.00,320.00,450.00,396.00,0.93,-1,-1,-1
151,2,246.00,141.00,326.00,158.00,0.90,-1,-1,-1
151,167,369.00,152.00,550.00,339.00,0.44,-1,-1,-1
151,6,369.00,151.00,549.00,340.00,0.45,-1,-1,-1
152,1,762.00,321.00,450.00,395.00,0.92,-1,-1,-1
152,2,246.00,141.00,326.00,158.00,0.90,-1,-1,-1
152,167,369.00,151.00,550.00,340.00,0.50,-1,-1,-1
152,6,369.00,151.00,550.00,340.00,0.43,-1,-1,-1
153,1,762.00,321.00,450.00,395.00,0.92,-1,-1,-1
153,2,246.00,141.00,326.00,158.00,0.90,-1,-1,-1
153,167,369.00,151.00,550.00,340.00,0.42,-1,-1,-1
153,6,369.00,151.00,550.00,340.00,0.49,-1,-1,-1
154,1,762.00,321.00,450.00,395.00,0.92,-1,-1,-1
154,2,246.00,141.00,326.00,158.00,0.90,-1,-1,-1
154,6,369.00,151.00,550.00,340.00,0.51,-1,-1,-1
155,1,762.00,321.00,450.00,395.00,0.92,-1,-1,-1
155,2,247.00,141.00,325.00,158.00,0.90,-1,-1,-1
155,6,370.00,151.00,549.00,340.00,0.49,-1,-1,-1
156,1,762.00,321.00,450.00,395.00,0.92,-1,-1,-1
156,2,247.00,141.00,325.00,158.00,0.90,-1,-1,-1
156,6,370.00,151.00,549.00,340.00,0.49,-1,-1,-1
156,168,369.00,151.00,550.00,340.00,0.43,-1,-1,-1
157,1,762.00,321.00,450.00,395.00,0.92,-1,-1,-1
157,2,246.00,141.00,326.00,158.00,0.90,-1,-1,-1
157,6,370.00,151.00,549.00,340.00,0.50,-1,-1,-1
157,168,369.00,151.00,550.00,340.00,0.42,-1,-1,-1
158,1,762.00,321.00,450.00,395.00,0.92,-1,-1,-1
158,2,246.00,141.00,326.00,157.00,0.90,-1,-1,-1
158,6,370.00,151.00,549.00,340.00,0.53,-1,-1,-1
159,1,762.00,321.00,450.00,395.00,0.92,-1,-1,-1
159,2,246.00,141.00,327.00,157.00,0.90,-1,-1,-1
159,6,370.00,151.00,549.00,340.00,0.56,-1,-1,-1
160,1,762.00,321.00,450.00,395.00,0.92,-1,-1,-1
160,2,246.00,141.00,327.00,157.00,0.90,-1,-1,-1
160,6,370.00,151.00,549.00,340.00,0.52,-1,-1,-1
161,1,762.00,321.00,450.00,395.00,0.91,-1,-1,-1
161,2,246.00,141.00,327.00,157.00,0.89,-1,-1,-1
161,6,370.00,151.00,549.00,340.00,0.48,-1,-1,-1
162,1,762.00,321.00,450.00,395.00,0.92,-1,-1,-1
162,2,246.00,141.00,326.00,157.00,0.89,-1,-1,-1
162,6,369.00,151.00,550.00,340.00,0.50,-1,-1,-1
162,172,370.00,151.00,549.00,340.00,0.41,-1,-1,-1
163,1,762.00,321.00,450.00,395.00,0.91,-1,-1,-1
163,2,246.00,141.00,327.00,157.00,0.90,-1,-1,-1
163,6,369.00,151.00,550.00,340.00,0.51,-1,-1,-1
163,172,370.00,151.00,549.00,340.00,0.41,-1,-1,-1
164,1,762.00,321.00,450.00,395.00,0.92,-1,-1,-1
164,2,246.00,141.00,327.00,157.00,0.89,-1,-1,-1
164,6,369.00,151.00,550.00,340.00,0.46,-1,-1,-1
164,172,369.00,151.00,550.00,340.00,0.46,-1,-1,-1
165,1,762.00,321.00,450.00,395.00,0.91,-1,-1,-1
165,2,246.00,141.00,327.00,157.00,0.89,-1,-1,-1
165,6,369.00,151.00,550.00,340.00,0.47,-1,-1,-1
165,172,369.00,151.00,550.00,340.00,0.46,-1,-1,-1
166,1,762.00,321.00,450.00,395.00,0.92,-1,-1,-1
166,2,246.00,141.00,327.00,157.00,0.89,-1,-1,-1
166,6,369.00,151.00,549.00,340.00,0.50,-1,-1,-1
166,172,369.00,151.00,550.00,340.00,0.43,-1,-1,-1
167,1,762.00,321.00,450.00,396.00,0.92,-1,-1,-1
167,2,246.00,140.00,327.00,158.00,0.90,-1,-1,-1
167,6,369.00,151.00,549.00,340.00,0.57,-1,-1,-1
168,1,762.00,321.00,450.00,395.00,0.92,-1,-1,-1
168,2,246.00,140.00,327.00,158.00,0.90,-1,-1,-1
168,6,369.00,151.00,549.00,340.00,0.55,-1,-1,-1
169,1,762.00,321.00,450.00,395.00,0.93,-1,-1,-1
169,2,246.00,140.00,327.00,158.00,0.90,-1,-1,-1
169,6,369.00,151.00,549.00,340.00,0.53,-1,-1,-1
170,1,763.00,320.00,449.00,395.00,0.93,-1,-1,-1
170,2,246.00,140.00,326.00,157.00,0.90,-1,-1,-1
170,6,369.00,151.00,549.00,340.00,0.54,-1,-1,-1
170,173,370.00,151.00,548.00,340.00,0.41,-1,-1,-1
171,1,763.00,321.00,449.00,394.00,0.92,-1,-1,-1
171,2,246.00,141.00,326.00,157.00,0.90,-1,-1,-1
171,6,369.00,151.00,549.00,340.00,0.55,-1,-1,-1
172,1,763.00,321.00,449.00,394.00,0.92,-1,-1,-1
172,2,246.00,141.00,326.00,157.00,0.90,-1,-1,-1
172,6,369.00,151.00,549.00,340.00,0.48,-1,-1,-1
173,1,763.00,321.00,449.00,394.00,0.92,-1,-1,-1
173,2,246.00,141.00,326.00,158.00,0.90,-1,-1,-1
173,6,369.00,151.00,549.00,340.00,0.48,-1,-1,-1
173,176,370.00,151.00,549.00,340.00,0.44,-1,-1,-1
174,1,763.00,321.00,450.00,394.00,0.91,-1,-1,-1
174,2,245.00,141.00,327.00,158.00,0.90,-1,-1,-1
174,6,369.00,151.00,549.00,340.00,0.45,-1,-1,-1
174,176,370.00,151.00,549.00,340.00,0.48,-1,-1,-1
175,1,774.00,321.00,447.00,395.00,0.90,-1,-1,-1
175,2,246.00,141.00,326.00,157.00,0.90,-1,-1,-1
175,6,369.00,151.00,549.00,340.00,0.46,-1,-1,-1
175,176,370.00,151.00,549.00,340.00,0.47,-1,-1,-1
176,1,779.00,321.00,444.00,394.00,0.88,-1,-1,-1
176,2,246.00,141.00,326.00,157.00,0.90,-1,-1,-1
176,6,369.00,151.00,549.00,340.00,0.44,-1,-1,-1
176,176,370.00,151.00,549.00,340.00,0.50,-1,-1,-1
177,1,781.00,321.00,442.00,394.00,0.90,-1,-1,-1
177,2,246.00,141.00,326.00,157.00,0.90,-1,-1,-1
177,6,369.00,151.00,549.00,340.00,0.42,-1,-1,-1
177,176,369.00,150.00,550.00,341.00,0.50,-1,-1,-1
178,1,782.00,321.00,440.00,394.00,0.89,-1,-1,-1
178,2,246.00,141.00,327.00,157.00,0.89,-1,-1,-1
178,6,369.00,151.00,549.00,340.00,0.51,-1,-1,-1
178,176,369.00,151.00,550.00,340.00,0.41,-1,-1,-1
179,1,780.00,321.00,438.00,394.00,0.89,-1,-1,-1
179,2,245.00,141.00,328.00,157.00,0.90,-1,-1,-1
180,1,773.00,321.00,441.00,395.00,0.90,-1,-1,-1
180,2,246.00,141.00,327.00,157.00,0.89,-1,-1,-1
180,6,370.00,151.00,548.00,339.00,0.50,-1,-1,-1
181,1,768.00,321.00,442.00,395.00,0.92,-1,-1,-1
181,2,246.00,141.00,327.00,158.00,0.90,-1,-1,-1
181,6,369.00,151.00,549.00,340.00,0.48,-1,-1,-1
182,1,766.00,321.00,443.00,396.00,0.91,-1,-1,-1
182,2,246.00,142.00,328.00,157.00,0.89,-1,-1,-1
182,6,369.00,151.00,550.00,341.00,0.79,-1,-1,-1
183,1,765.00,320.00,444.00,397.00,0.92,-1,-1,-1
183,2,246.00,142.00,328.00,157.00,0.89,-1,-1,-1
183,6,370.00,152.00,549.00,340.00,0.76,-1,-1,-1
184,1,765.00,320.00,444.00,396.00,0.90,-1,-1,-1
184,2,246.00,142.00,328.00,157.00,0.89,-1,-1,-1
184,6,369.00,152.00,550.00,341.00,0.81,-1,-1,-1
185,1,764.00,320.00,445.00,396.00,0.91,-1,-1,-1
185,2,246.00,142.00,329.00,157.00,0.90,-1,-1,-1
185,6,370.00,152.00,549.00,341.00,0.84,-1,-1,-1
186,1,764.00,320.00,445.00,396.00,0.90,-1,-1,-1
186,2,246.00,141.00,329.00,158.00,0.89,-1,-1,-1
186,6,370.00,152.00,549.00,341.00,0.82,-1,-1,-1
187,1,764.00,320.00,446.00,396.00,0.91,-1,-1,-1
187,2,246.00,142.00,329.00,157.00,0.89,-1,-1,-1
187,6,371.00,152.00,548.00,340.00,0.76,-1,-1,-1
188,1,764.00,320.00,446.00,396.00,0.90,-1,-1,-1
188,2,245.00,141.00,330.00,158.00,0.89,-1,-1,-1
188,6,371.00,152.00,548.00,340.00,0.77,-1,-1,-1
189,1,764.00,320.00,446.00,396.00,0.90,-1,-1,-1
189,2,245.00,141.00,330.00,158.00,0.89,-1,-1,-1
189,6,371.00,152.00,548.00,340.00,0.73,-1,-1,-1
190,1,763.00,320.00,447.00,396.00,0.92,-1,-1,-1
190,2,245.00,142.00,330.00,157.00,0.89,-1,-1,-1
190,6,371.00,152.00,547.00,340.00,0.61,-1,-1,-1
191,1,763.00,320.00,447.00,396.00,0.92,-1,-1,-1
191,2,246.00,142.00,329.00,157.00,0.90,-1,-1,-1
191,6,371.00,152.00,547.00,339.00,0.55,-1,-1,-1
192,1,763.00,320.00,448.00,396.00,0.92,-1,-1,-1
192,2,246.00,142.00,329.00,157.00,0.90,-1,-1,-1
192,6,371.00,152.00,548.00,339.00,0.60,-1,-1,-1
193,1,763.00,320.00,448.00,396.00,0.92,-1,-1,-1
193,2,246.00,142.00,328.00,157.00,0.90,-1,-1,-1
193,6,372.00,152.00,547.00,339.00,0.56,-1,-1,-1
194,1,763.00,320.00,448.00,396.00,0.92,-1,-1,-1
194,2,246.00,142.00,328.00,157.00,0.90,-1,-1,-1
194,6,371.00,151.00,548.00,340.00,0.73,-1,-1,-1
195,1,763.00,320.00,448.00,396.00,0.92,-1,-1,-1
195,2,246.00,142.00,329.00,157.00,0.90,-1,-1,-1
195,6,371.00,151.00,548.00,340.00,0.74,-1,-1,-1
196,1,763.00,320.00,448.00,396.00,0.91,-1,-1,-1
196,2,246.00,142.00,328.00,157.00,0.89,-1,-1,-1
196,6,371.00,151.00,548.00,340.00,0.66,-1,-1,-1
197,1,763.00,320.00,448.00,396.00,0.91,-1,-1,-1
197,2,246.00,142.00,328.00,157.00,0.89,-1,-1,-1
197,6,371.00,151.00,547.00,340.00,0.65,-1,-1,-1
198,1,763.00,320.00,448.00,396.00,0.91,-1,-1,-1
198,2,246.00,142.00,328.00,157.00,0.89,-1,-1,-1
198,6,371.00,151.00,548.00,340.00,0.57,-1,-1,-1
199,1,762.00,320.00,449.00,396.00,0.91,-1,-1,-1
199,2,246.00,142.00,328.00,156.00,0.89,-1,-1,-1
199,6,371.00,151.00,548.00,340.00,0.62,-1,-1,-1
200,1,762.00,320.00,449.00,396.00,0.91,-1,-1,-1
200,2,246.00,142.00,328.00,156.00,0.89,-1,-1,-1
200,6,371.00,151.00,548.00,340.00,0.60,-1,-1,-1
201,1,762.00,320.00,450.00,396.00,0.91,-1,-1,-1
201,2,247.00,142.00,327.00,155.00,0.89,-1,-1,-1
201,6,370.00,151.00,549.00,340.00,0.67,-1,-1,-1
202,1,762.00,320.00,450.00,396.00,0.91,-1,-1,-1
202,2,246.00,142.00,329.00,157.00,0.89,-1,-1,-1
202,6,370.00,151.00,549.00,340.00,0.67,-1,-1,-1
203,1,762.00,320.00,450.00,396.00,0.91,-1,-1,-1
203,2,245.00,142.00,331.00,157.00,0.89,-1,-1,-1
203,6,370.00,151.00,548.00,340.00,0.66,-1,-1,-1
204,1,762.00,320.00,450.00,396.00,0.91,-1,-1,-1
204,2,245.00,142.00,331.00,157.00,0.89,-1,-1,-1
204,6,370.00,151.00,548.00,340.00,0.62,-1,-1,-1
205,1,762.00,320.00,450.00,396.00,0.91,-1,-1,-1
205,2,246.00,142.00,329.00,157.00,0.89,-1,-1,-1
205,6,370.00,151.00,548.00,340.00,0.68,-1,-1,-1
206,1,762.00,320.00,450.00,396.00,0.91,-1,-1,-1
206,2,246.00,142.00,329.00,156.00,0.89,-1,-1,-1
206,6,371.00,151.00,547.00,340.00,0.74,-1,-1,-1
207,1,762.00,320.00,450.00,396.00,0.91,-1,-1,-1
207,2,246.00,142.00,329.00,156.00,0.89,-1,-1,-1
207,6,371.00,151.00,547.00,340.00,0.75,-1,-1,-1
208,1,762.00,320.00,450.00,396.00,0.91,-1,-1,-1
208,2,246.00,141.00,329.00,157.00,0.89,-1,-1,-1
208,6,370.00,151.00,548.00,340.00,0.78,-1,-1,-1
209,1,762.00,320.00,450.00,396.00,0.91,-1,-1,-1
209,2,246.00,141.00,329.00,156.00,0.89,-1,-1,-1
209,6,370.00,150.00,549.00,341.00,0.76,-1,-1,-1
210,1,762.00,320.00,450.00,396.00,0.91,-1,-1,-1
210,2,246.00,141.00,329.00,156.00,0.89,-1,-1,-1
210,6,370.00,149.00,549.00,342.00,0.77,-1,-1,-1
211,1,762.00,320.00,450.00,396.00,0.91,-1,-1,-1
211,2,246.00,141.00,329.00,156.00,0.89,-1,-1,-1
211,6,369.00,148.00,551.00,343.00,0.80,-1,-1,-1
212,1,762.00,321.00,450.00,395.00,0.92,-1,-1,-1
212,2,244.00,141.00,331.00,157.00,0.90,-1,-1,-1
212,6,367.00,146.00,554.00,345.00,0.67,-1,-1,-1
213,1,762.00,321.00,450.00,395.00,0.91,-1,-1,-1
213,2,243.00,141.00,331.00,157.00,0.90,-1,-1,-1
213,6,367.00,147.00,554.00,345.00,0.66,-1,-1,-1
214,1,762.00,321.00,450.00,395.00,0.92,-1,-1,-1
214,2,244.00,142.00,330.00,157.00,0.90,-1,-1,-1
214,6,368.00,148.00,552.00,344.00,0.63,-1,-1,-1
215,1,762.00,321.00,450.00,395.00,0.91,-1,-1,-1
215,2,244.00,141.00,330.00,158.00,0.90,-1,-1,-1
215,6,369.00,149.00,549.00,343.00,0.64,-1,-1,-1
216,1,762.00,321.00,450.00,395.00,0.92,-1,-1,-1
216,2,244.00,141.00,330.00,158.00,0.90,-1,-1,-1
216,6,369.00,150.00,549.00,342.00,0.68,-1,-1,-1
217,1,762.00,321.00,450.00,395.00,0.92,-1,-1,-1
217,2,244.00,141.00,330.00,158.00,0.90,-1,-1,-1
217,6,370.00,151.00,548.00,341.00,0.71,-1,-1,-1
218,1,762.00,321.00,450.00,395.00,0.92,-1,-1,-1
218,2,244.00,141.00,330.00,157.00,0.90,-1,-1,-1
218,6,370.00,151.00,547.00,341.00,0.69,-1,-1,-1
219,1,762.00,321.00,450.00,395.00,0.92,-1,-1,-1
219,2,244.00,141.00,330.00,157.00,0.90,-1,-1,-1
219,6,370.00,151.00,547.00,341.00,0.65,-1,-1,-1
220,1,762.00,321.00,450.00,395.00,0.92,-1,-1,-1
220,2,244.00,141.00,330.00,157.00,0.90,-1,-1,-1
220,6,370.00,151.00,547.00,341.00,0.65,-1,-1,-1
221,1,762.00,321.00,450.00,395.00,0.92,-1,-1,-1
221,2,244.00,141.00,329.00,157.00,0.90,-1,-1,-1
221,6,370.00,151.00,547.00,341.00,0.61,-1,-1,-1
222,1,762.00,321.00,450.00,395.00,0.92,-1,-1,-1
222,2,244.00,141.00,329.00,157.00,0.90,-1,-1,-1
222,6,370.00,151.00,547.00,341.00,0.61,-1,-1,-1
223,1,762.00,321.00,450.00,395.00,0.92,-1,-1,-1
223,2,244.00,141.00,329.00,157.00,0.90,-1,-1,-1
223,6,370.00,151.00,548.00,341.00,0.55,-1,-1,-1
224,1,762.00,321.00,450.00,395.00,0.92,-1,-1,-1
224,2,244.00,140.00,330.00,158.00,0.90,-1,-1,-1
224,6,370.00,151.00,548.00,341.00,0.57,-1,-1,-1
225,1,762.00,321.00,450.00,395.00,0.92,-1,-1,-1
225,2,244.00,140.00,329.00,158.00,0.90,-1,-1,-1
225,6,370.00,151.00,548.00,341.00,0.59,-1,-1,-1
226,1,762.00,321.00,450.00,395.00,0.92,-1,-1,-1
226,2,244.00,140.00,329.00,158.00,0.90,-1,-1,-1
226,6,370.00,151.00,547.00,341.00,0.63,-1,-1,-1
227,1,762.00,321.00,450.00,395.00,0.92,-1,-1,-1
227,2,244.00,141.00,329.00,157.00,0.90,-1,-1,-1
227,6,370.00,151.00,548.00,341.00,0.59,-1,-1,-1
228,1,762.00,321.00,450.00,395.00,0.92,-1,-1,-1
228,2,245.00,141.00,328.00,157.00,0.90,-1,-1,-1
228,6,370.00,151.00,548.00,341.00,0.56,-1,-1,-1
229,1,762.00,321.00,450.00,395.00,0.92,-1,-1,-1
229,2,244.00,141.00,329.00,157.00,0.90,-1,-1,-1
229,6,370.00,151.00,548.00,341.00,0.55,-1,-1,-1
230,1,762.00,321.00,450.00,395.00,0.92,-1,-1,-1
230,2,245.00,141.00,329.00,157.00,0.90,-1,-1,-1
230,6,370.00,151.00,548.00,341.00,0.57,-1,-1,-1
231,1,762.00,321.00,450.00,395.00,0.92,-1,-1,-1
231,2,245.00,141.00,329.00,157.00,0.90,-1,-1,-1
231,6,370.00,151.00,548.00,341.00,0.55,-1,-1,-1
232,1,762.00,321.00,450.00,395.00,0.92,-1,-1,-1
232,2,245.00,141.00,329.00,158.00,0.90,-1,-1,-1
232,6,370.00,151.00,548.00,341.00,0.57,-1,-1,-1
233,1,762.00,321.00,451.00,395.00,0.92,-1,-1,-1
233,2,245.00,141.00,330.00,158.00,0.90,-1,-1,-1
233,6,370.00,151.00,548.00,341.00,0.56,-1,-1,-1
234,1,762.00,321.00,451.00,395.00,0.92,-1,-1,-1
234,2,245.00,141.00,330.00,158.00,0.90,-1,-1,-1
234,6,370.00,151.00,548.00,341.00,0.55,-1,-1,-1
235,1,762.00,321.00,451.00,395.00,0.92,-1,-1,-1
235,2,245.00,140.00,330.00,159.00,0.90,-1,-1,-1
235,6,370.00,151.00,548.00,341.00,0.61,-1,-1,-1
236,1,762.00,321.00,451.00,395.00,0.92,-1,-1,-1
236,2,244.00,140.00,331.00,159.00,0.90,-1,-1,-1
236,6,370.00,151.00,548.00,341.00,0.54,-1,-1,-1
237,1,762.00,321.00,450.00,395.00,0.92,-1,-1,-1
237,2,244.00,140.00,330.00,159.00,0.90,-1,-1,-1
237,6,370.00,151.00,548.00,341.00,0.52,-1,-1,-1
238,1,762.00,321.00,450.00,395.00,0.92,-1,-1,-1
238,2,244.00,140.00,330.00,159.00,0.90,-1,-1,-1
238,6,370.00,151.00,548.00,341.00,0.52,-1,-1,-1
238,185,370.00,151.00,549.00,341.00,0.45,-1,-1,-1
239,1,762.00,321.00,450.00,395.00,0.92,-1,-1,-1
239,2,244.00,141.00,330.00,158.00,0.90,-1,-1,-1
239,6,370.00,151.00,548.00,341.00,0.55,-1,-1,-1
239,185,370.00,151.00,549.00,341.00,0.42,-1,-1,-1
240,1,762.00,321.00,450.00,395.00,0.92,-1,-1,-1
240,2,244.00,141.00,330.00,158.00,0.90,-1,-1,-1
240,6,370.00,151.00,548.00,341.00,0.55,-1,-1,-1
240,185,370.00,151.00,549.00,341.00,0.42,-1,-1,-1
241,1,762.00,321.00,450.00,395.00,0.92,-1,-1,-1
241,2,244.00,141.00,330.00,158.00,0.90,-1,-1,-1
241,6,370.00,151.00,548.00,341.00,0.56,-1,-1,-1
241,185,370.00,151.00,549.00,341.00,0.41,-1,-1,-1
242,1,762.00,321.00,451.00,395.00,0.92,-1,-1,-1
242,2,245.00,141.00,328.00,158.00,0.90,-1,-1,-1
242,6,370.00,151.00,548.00,341.00,0.68,-1,-1,-1
243,1,762.00,320.00,451.00,396.00,0.92,-1,-1,-1
243,2,245.00,141.00,328.00,158.00,0.90,-1,-1,-1
243,6,370.00,151.00,548.00,341.00,0.72,-1,-1,-1
244,1,762.00,320.00,451.00,396.00,0.92,-1,-1,-1
244,2,245.00,141.00,329.00,158.00,0.90,-1,-1,-1
244,6,369.00,151.00,549.00,341.00,0.70,-1,-1,-1
245,1,762.00,320.00,451.00,396.00,0.93,-1,-1,-1
245,2,245.00,140.00,329.00,159.00,0.90,-1,-1,-1
245,6,369.00,151.00,549.00,341.00,0.65,-1,-1,-1
246,1,762.00,320.00,451.00,396.00,0.93,-1,-1,-1
246,2,245.00,140.00,329.00,158.00,0.90,-1,-1,-1
246,6,369.00,151.00,549.00,341.00,0.66,-1,-1,-1
247,1,762.00,320.00,451.00,396.00,0.92,-1,-1,-1
247,2,245.00,140.00,329.00,158.00,0.90,-1,-1,-1
247,6,369.00,151.00,549.00,341.00,0.66,-1,-1,-1
248,1,762.00,320.00,451.00,396.00,0.93,-1,-1,-1
248,2,245.00,140.00,329.00,158.00,0.90,-1,-1,-1
248,6,369.00,151.00,549.00,341.00,0.68,-1,-1,-1
249,1,762.00,320.00,451.00,396.00,0.93,-1,-1,-1
249,2,245.00,140.00,329.00,158.00,0.91,-1,-1,-1
249,6,369.00,151.00,549.00,341.00,0.69,-1,-1,-1
250,1,762.00,320.00,451.00,396.00,0.93,-1,-1,-1
250,2,245.00,140.00,329.00,158.00,0.90,-1,-1,-1
250,6,369.00,151.00,549.00,341.00,0.65,-1,-1,-1
251,1,762.00,320.00,451.00,396.00,0.93,-1,-1,-1
251,2,245.00,140.00,329.00,158.00,0.90,-1,-1,-1
251,6,369.00,151.00,549.00,342.00,0.59,-1,-1,-1
252,1,762.00,320.00,451.00,396.00,0.93,-1,-1,-1
252,2,245.00,141.00,328.00,157.00,0.90,-1,-1,-1
252,6,369.00,151.00,549.00,342.00,0.56,-1,-1,-1
253,1,762.00,320.00,451.00,396.00,0.93,-1,-1,-1
253,2,246.00,141.00,328.00,157.00,0.90,-1,-1,-1
253,6,369.00,151.00,549.00,342.00,0.54,-1,-1,-1
254,1,762.00,320.00,451.00,396.00,0.93,-1,-1,-1
254,2,246.00,141.00,328.00,157.00,0.90,-1,-1,-1
254,6,369.00,151.00,549.00,342.00,0.52,-1,-1,-1
255,1,762.00,320.00,451.00,396.00,0.93,-1,-1,-1
255,2,246.00,141.00,328.00,157.00,0.90,-1,-1,-1
255,6,369.00,151.00,549.00,342.00,0.52,-1,-1,-1
256,1,762.00,320.00,451.00,396.00,0.92,-1,-1,-1
256,2,246.00,141.00,328.00,157.00,0.90,-1,-1,-1
256,6,369.00,151.00,549.00,342.00,0.55,-1,-1,-1
257,1,762.00,320.00,451.00,396.00,0.92,-1,-1,-1
257,2,246.00,141.00,328.00,157.00,0.90,-1,-1,-1
257,6,369.00,151.00,549.00,342.00,0.53,-1,-1,-1
258,1,762.00,320.00,451.00,396.00,0.92,-1,-1,-1
258,2,246.00,141.00,328.00,157.00,0.90,-1,-1,-1
258,6,369.00,151.00,549.00,342.00,0.52,-1,-1,-1
259,1,762.00,320.00,450.00,396.00,0.93,-1,-1,-1
259,2,246.00,142.00,328.00,156.00,0.90,-1,-1,-1
259,6,369.00,151.00,549.00,342.00,0.51,-1,-1,-1
260,1,762.00,320.00,450.00,396.00,0.93,-1,-1,-1
260,2,247.00,142.00,327.00,156.00,0.89,-1,-1,-1
260,6,369.00,151.00,549.00,342.00,0.49,-1,-1,-1
261,1,762.00,320.00,450.00,396.00,0.93,-1,-1,-1
261,2,247.00,142.00,326.00,156.00,0.89,-1,-1,-1
261,6,369.00,151.00,549.00,342.00,0.54,-1,-1,-1
262,1,762.00,320.00,450.00,396.00,0.93,-1,-1,-1
262,2,247.00,143.00,326.00,155.00,0.89,-1,-1,-1
262,6,369.00,151.00,549.00,342.00,0.55,-1,-1,-1
263,1,762.00,320.00,450.00,396.00,0.93,-1,-1,-1
263,2,246.00,142.00,328.00,156.00,0.89,-1,-1,-1
263,6,369.00,151.00,549.00,342.00,0.55,-1,-1,-1
264,1,762.00,320.00,450.00,396.00,0.93,-1,-1,-1
264,2,246.00,142.00,327.00,156.00,0.89,-1,-1,-1
264,6,369.00,151.00,549.00,341.00,0.56,-1,-1,-1
265,1,762.00,320.00,450.00,396.00,0.92,-1,-1,-1
265,2,246.00,142.00,327.00,156.00,0.89,-1,-1,-1
265,6,369.00,151.00,549.00,342.00,0.58,-1,-1,-1
266,1,762.00,320.00,450.00,396.00,0.93,-1,-1,-1
266,2,246.00,142.00,327.00,156.00,0.89,-1,-1,-1
266,6,369.00,151.00,549.00,341.00,0.56,-1,-1,-1
267,1,762.00,320.00,450.00,396.00,0.92,-1,-1,-1
267,2,246.00,142.00,327.00,156.00,0.90,-1,-1,-1
267,6,369.00,151.00,549.00,342.00,0.56,-1,-1,-1
268,1,762.00,320.00,450.00,396.00,0.92,-1,-1,-1
268,2,246.00,142.00,328.00,156.00,0.90,-1,-1,-1
268,6,369.00,151.00,549.00,342.00,0.57,-1,-1,-1
269,1,762.00,320.00,450.00,396.00,0.92,-1,-1,-1
269,2,246.00,142.00,328.00,156.00,0.89,-1,-1,-1
269,6,369.00,151.00,550.00,342.00,0.62,-1,-1,-1
270,1,762.00,320.00,450.00,396.00,0.92,-1,-1,-1
270,2,246.00,142.00,328.00,156.00,0.89,-1,-1,-1
270,6,369.00,151.00,550.00,342.00,0.58,-1,-1,-1
271,1,762.00,320.00,450.00,396.00,0.92,-1,-1,-1
271,2,246.00,142.00,328.00,156.00,0.90,-1,-1,-1
271,6,369.00,151.00,550.00,342.00,0.55,-1,-1,-1
272,1,762.00,320.00,450.00,396.00,0.91,-1,-1,-1
272,2,245.00,142.00,329.00,157.00,0.89,-1,-1,-1
272,6,369.00,151.00,550.00,342.00,0.81,-1,-1,-1
273,1,762.00,320.00,450.00,396.00,0.91,-1,-1,-1
273,2,245.00,142.00,329.00,157.00,0.89,-1,-1,-1
273,6,369.00,151.00,549.00,342.00,0.80,-1,-1,-1
274,1,762.00,320.00,450.00,396.00,0.91,-1,-1,-1
274,2,245.00,142.00,329.00,157.00,0.89,-1,-1,-1
274,6,369.00,151.00,550.00,342.00,0.76,-1,-1,-1
275,1,762.00,320.00,450.00,396.00,0.90,-1,-1,-1
275,2,245.00,142.00,329.00,157.00,0.89,-1,-1,-1
275,6,369.00,151.00,549.00,342.00,0.78,-1,-1,-1
276,1,762.00,320.00,450.00,396.00,0.90,-1,-1,-1
276,2,245.00,142.00,329.00,157.00,0.89,-1,-1,-1
276,6,369.00,151.00,549.00,342.00,0.77,-1,-1,-1
277,1,761.00,320.00,451.00,396.00,0.90,-1,-1,-1
277,2,245.00,142.00,328.00,157.00,0.89,-1,-1,-1
277,6,369.00,151.00,549.00,342.00,0.77,-1,-1,-1
278,1,761.00,320.00,451.00,397.00,0.90,-1,-1,-1
278,2,245.00,142.00,328.00,157.00,0.89,-1,-1,-1
278,6,369.00,151.00,549.00,342.00,0.77,-1,-1,-1
279,1,761.00,320.00,452.00,397.00,0.91,-1,-1,-1
279,2,245.00,142.00,328.00,157.00,0.89,-1,-1,-1
279,6,369.00,151.00,549.00,342.00,0.76,-1,-1,-1
280,1,762.00,320.00,451.00,396.00,0.91,-1,-1,-1
280,2,245.00,142.00,328.00,157.00,0.89,-1,-1,-1
280,6,369.00,151.00,549.00,342.00,0.76,-1,-1,-1
281,1,762.00,320.00,451.00,396.00,0.94,-1,-1,-1
281,2,245.00,142.00,328.00,157.00,0.89,-1,-1,-1
281,6,369.00,151.00,549.00,342.00,0.78,-1,-1,-1
282,1,761.00,320.00,450.00,396.00,0.94,-1,-1,-1
282,2,245.00,143.00,328.00,156.00,0.89,-1,-1,-1
282,6,369.00,151.00,549.00,342.00,0.79,-1,-1,-1
283,1,761.00,321.00,451.00,396.00,0.94,-1,-1,-1
283,2,245.00,143.00,328.00,156.00,0.89,-1,-1,-1
283,6,369.00,150.00,550.00,343.00,0.79,-1,-1,-1
284,1,761.00,321.00,452.00,397.00,0.94,-1,-1,-1
284,2,245.00,143.00,328.00,156.00,0.89,-1,-1,-1
284,6,368.00,150.00,551.00,343.00,0.79,-1,-1,-1
285,1,761.00,321.00,452.00,398.00,0.93,-1,-1,-1
285,2,245.00,142.00,328.00,157.00,0.89,-1,-1,-1
285,6,368.00,149.00,551.00,344.00,0.81,-1,-1,-1
286,1,761.00,321.00,452.00,398.00,0.93,-1,-1,-1
286,2,245.00,142.00,328.00,157.00,0.89,-1,-1,-1
286,6,368.00,150.00,551.00,343.00,0.85,-1,-1,-1
287,1,761.00,322.00,452.00,397.00,0.92,-1,-1,-1
287,2,245.00,142.00,328.00,157.00,0.89,-1,-1,-1
287,6,369.00,150.00,550.00,343.00,0.84,-1,-1,-1
288,1,762.00,322.00,450.00,395.00,0.93,-1,-1,-1
288,2,245.00,142.00,328.00,157.00,0.89,-1,-1,-1
288,6,369.00,150.00,550.00,343.00,0.84,-1,-1,-1
289,1,763.00,321.00,449.00,395.00,0.91,-1,-1,-1
289,2,245.00,142.00,328.00,157.00,0.90,-1,-1,-1
289,6,369.00,150.00,550.00,343.00,0.81,-1,-1,-1
290,1,771.00,321.00,447.00,394.00,0.87,-1,-1,-1
290,2,245.00,142.00,328.00,157.00,0.90,-1,-1,-1
290,6,369.00,151.00,550.00,342.00,0.83,-1,-1,-1
291,1,787.00,320.00,442.00,395.00,0.82,-1,-1,-1
291,2,245.00,142.00,328.00,157.00,0.89,-1,-1,-1
291,6,368.00,150.00,551.00,343.00,0.82,-1,-1,-1
292,1,803.00,320.00,436.00,395.00,0.86,-1,-1,-1
292,2,245.00,142.00,327.00,156.00,0.90,-1,-1,-1
292,6,369.00,150.00,550.00,343.00,0.80,-1,-1,-1
293,1,806.00,320.00,431.00,395.00,0.78,-1,-1,-1
293,2,245.00,143.00,327.00,155.00,0.90,-1,-1,-1
293,6,369.00,150.00,549.00,342.00,0.79,-1,-1,-1
294,1,804.00,320.00,428.00,396.00,0.81,-1,-1,-1
294,2,245.00,143.00,327.00,155.00,0.90,-1,-1,-1
294,6,369.00,150.00,549.00,342.00,0.80,-1,-1,-1
295,1,794.00,320.00,427.00,395.00,0.88,-1,-1,-1
295,2,245.00,142.00,327.00,156.00,0.90,-1,-1,-1
295,6,371.00,150.00,546.00,340.00,0.78,-1,-1,-1
296,1,790.00,321.00,426.00,394.00,0.89,-1,-1,-1
296,2,245.00,142.00,328.00,156.00,0.90,-1,-1,-1
296,6,384.00,150.00,520.00,321.00,0.78,-1,-1,-1
297,1,782.00,321.00,428.00,394.00,0.90,-1,-1,-1
297,2,245.00,142.00,328.00,156.00,0.90,-1,-1,-1
297,6,389.00,150.00,510.00,312.00,0.81,-1,-1,-1
298,1,775.00,320.00,431.00,396.00,0.92,-1,-1,-1
298,2,245.00,142.00,328.00,156.00,0.90,-1,-1,-1
298,6,379.00,150.00,530.00,324.00,0.86,-1,-1,-1
299,1,772.00,320.00,433.00,397.00,0.93,-1,-1,-1
299,2,244.00,142.00,329.00,156.00,0.90,-1,-1,-1
299,6,369.00,150.00,549.00,335.00,0.86,-1,-1,-1
300,1,770.00,320.00,435.00,397.00,0.93,-1,-1,-1
300,2,244.00,142.00,329.00,156.00,0.90,-1,-1,-1
300,6,367.00,150.00,554.00,339.00,0.88,-1,-1,-1
301,1,769.00,320.00,436.00,397.00,0.93,-1,-1,-1
301,2,245.00,142.00,328.00,156.00,0.90,-1,-1,-1
301,6,364.00,151.00,560.00,343.00,0.89,-1,-1,-1
302,1,768.00,320.00,438.00,397.00,0.92,-1,-1,-1
302,2,245.00,141.00,329.00,157.00,0.89,-1,-1,-1
302,6,364.00,150.00,562.00,346.00,0.84,-1,-1,-1
303,1,767.00,320.00,439.00,397.00,0.92,-1,-1,-1
303,2,245.00,141.00,330.00,158.00,0.89,-1,-1,-1
303,6,364.00,149.00,562.00,347.00,0.84,-1,-1,-1
304,1,766.00,320.00,441.00,397.00,0.92,-1,-1,-1
304,2,245.00,141.00,330.00,158.00,0.89,-1,-1,-1
304,6,365.00,150.00,560.00,345.00,0.81,-1,-1,-1
305,1,766.00,320.00,441.00,397.00,0.92,-1,-1,-1
305,2,245.00,141.00,330.00,158.00,0.90,-1,-1,-1
305,6,367.00,150.00,557.00,345.00,0.63,-1,-1,-1
306,1,766.00,320.00,441.00,397.00,0.92,-1,-1,-1
306,2,245.00,142.00,330.00,157.00,0.90,-1,-1,-1
306,6,368.00,150.00,555.00,344.00,0.63,-1,-1,-1
307,1,765.00,320.00,443.00,397.00,0.92,-1,-1,-1
307,2,245.00,142.00,330.00,157.00,0.89,-1,-1,-1
307,6,369.00,149.00,553.00,344.00,0.65,-1,-1,-1
308,1,765.00,320.00,443.00,397.00,0.92,-1,-1,-1
308,2,246.00,142.00,328.00,156.00,0.90,-1,-1,-1
308,6,369.00,149.00,553.00,344.00,0.49,-1,-1,-1
309,1,765.00,320.00,444.00,397.00,0.92,-1,-1,-1
309,2,246.00,142.00,328.00,156.00,0.90,-1,-1,-1
309,6,369.00,149.00,553.00,344.00,0.58,-1,-1,-1
310,1,764.00,320.00,445.00,397.00,0.92,-1,-1,-1
310,2,246.00,142.00,328.00,156.00,0.90,-1,-1,-1
310,6,370.00,150.00,551.00,342.00,0.76,-1,-1,-1
311,1,764.00,320.00,445.00,397.00,0.92,-1,-1,-1
311,2,246.00,142.00,328.00,156.00,0.90,-1,-1,-1
311,6,371.00,150.00,550.00,342.00,0.75,-1,-1,-1
312,1,764.00,320.00,446.00,397.00,0.92,-1,-1,-1
312,2,246.00,142.00,328.00,156.00,0.90,-1,-1,-1
312,6,371.00,150.00,550.00,342.00,0.77,-1,-1,-1
313,1,764.00,320.00,446.00,397.00,0.92,-1,-1,-1
313,2,246.00,142.00,328.00,156.00,0.90,-1,-1,-1
313,6,372.00,150.00,549.00,342.00,0.70,-1,-1,-1
314,1,764.00,320.00,446.00,397.00,0.92,-1,-1,-1
314,2,246.00,142.00,328.00,156.00,0.89,-1,-1,-1
314,6,372.00,150.00,549.00,342.00,0.55,-1,-1,-1
315,1,763.00,320.00,447.00,397.00,0.92,-1,-1,-1
315,2,246.00,142.00,328.00,156.00,0.90,-1,-1,-1
315,6,372.00,150.00,549.00,342.00,0.54,-1,-1,-1
316,1,763.00,320.00,447.00,397.00,0.92,-1,-1,-1
316,2,249.00,142.00,322.00,152.00,0.90,-1,-1,-1
316,6,372.00,150.00,548.00,342.00,0.58,-1,-1,-1
317,1,763.00,320.00,448.00,397.00,0.92,-1,-1,-1
317,2,255.00,142.00,309.00,145.00,0.90,-1,-1,-1
317,6,371.00,149.00,549.00,343.00,0.51,-1,-1,-1
318,1,763.00,320.00,448.00,397.00,0.93,-1,-1,-1
318,2,257.00,142.00,305.00,143.00,0.90,-1,-1,-1
318,6,372.00,149.00,548.00,343.00,0.47,-1,-1,-1
319,1,763.00,320.00,448.00,397.00,0.92,-1,-1,-1
319,2,256.00,142.00,307.00,142.00,0.90,-1,-1,-1
319,6,372.00,150.00,548.00,342.00,0.53,-1,-1,-1
319,229,372.00,149.00,548.00,343.00,0.39,-1,-1,-1
320,1,763.00,320.00,448.00,397.00,0.92,-1,-1,-1
320,2,256.00,142.00,307.00,141.00,0.91,-1,-1,-1
320,6,373.00,150.00,546.00,341.00,0.43,-1,-1,-1
320,229,372.00,149.00,548.00,343.00,0.49,-1,-1,-1
321,1,763.00,320.00,448.00,397.00,0.92,-1,-1,-1
321,2,255.00,142.00,308.00,141.00,0.91,-1,-1,-1
321,6,373.00,149.00,547.00,342.00,0.44,-1,-1,-1
321,229,371.00,148.00,549.00,344.00,0.46,-1,-1,-1
322,1,763.00,320.00,448.00,397.00,0.92,-1,-1,-1
322,2,255.00,142.00,310.00,141.00,0.90,-1,-1,-1
322,6,372.00,149.00,547.00,342.00,0.55,-1,-1,-1
323,1,763.00,320.00,448.00,397.00,0.92,-1,-1,-1
323,2,254.00,142.00,311.00,141.00,0.91,-1,-1,-1
323,6,372.00,149.00,547.00,342.00,0.53,-1,-1,-1
324,1,763.00,320.00,448.00,397.00,0.92,-1,-1,-1
324,2,254.00,142.00,312.00,141.00,0.90,-1,-1,-1
324,6,372.00,150.00,547.00,342.00,0.53,-1,-1,-1
325,1,763.00,320.00,448.00,397.00,0.92,-1,-1,-1
325,2,246.00,142.00,328.00,149.00,0.89,-1,-1,-1
325,6,372.00,149.00,547.00,343.00,0.53,-1,-1,-1
326,1,762.00,320.00,449.00,397.00,0.92,-1,-1,-1
326,2,240.00,142.00,339.00,154.00,0.89,-1,-1,-1
326,6,371.00,150.00,547.00,342.00,0.63,-1,-1,-1
327,1,762.00,320.00,449.00,397.00,0.92,-1,-1,-1
327,2,239.00,142.00,341.00,156.00,0.89,-1,-1,-1
327,6,371.00,150.00,547.00,341.00,0.64,-1,-1,-1
328,1,762.00,320.00,449.00,397.00,0.92,-1,-1,-1
328,2,240.00,142.00,340.00,156.00,0.89,-1,-1,-1
328,6,371.00,150.00,547.00,341.00,0.62,-1,-1,-1
329,1,762.00,320.00,449.00,397.00,0.92,-1,-1,-1
329,2,240.00,142.00,340.00,157.00,0.89,-1,-1,-1
329,6,371.00,150.00,547.00,341.00,0.70,-1,-1,-1
330,1,762.00,320.00,450.00,397.00,0.92,-1,-1,-1
330,2,240.00,142.00,339.00,157.00,0.89,-1,-1,-1
330,6,371.00,150.00,547.00,341.00,0.74,-1,-1,-1
331,1,762.00,320.00,450.00,397.00,0.92,-1,-1,-1
331,2,241.00,142.00,338.00,157.00,0.89,-1,-1,-1
331,6,371.00,151.00,546.00,340.00,0.74,-1,-1,-1
332,1,762.00,320.00,450.00,397.00,0.92,-1,-1,-1
332,2,243.00,142.00,335.00,156.00,0.89,-1,-1,-1
332,6,371.00,151.00,546.00,340.00,0.73,-1,-1,-1
333,1,763.00,320.00,449.00,397.00,0.92,-1,-1,-1
333,2,243.00,142.00,334.00,156.00,0.89,-1,-1,-1
333,6,371.00,151.00,546.00,341.00,0.72,-1,-1,-1
334,1,763.00,320.00,449.00,397.00,0.93,-1,-1,-1
334,2,243.00,142.00,334.00,156.00,0.89,-1,-1,-1
334,6,370.00,151.00,547.00,341.00,0.66,-1,-1,-1
335,1,762.00,320.00,450.00,397.00,0.92,-1,-1,-1
335,2,244.00,142.00,333.00,156.00,0.89,-1,-1,-1
335,6,370.00,150.00,548.00,342.00,0.60,-1,-1,-1
336,1,762.00,320.00,450.00,397.00,0.92,-1,-1,-1
336,2,244.00,142.00,332.00,156.00,0.89,-1,-1,-1
336,6,370.00,150.00,548.00,342.00,0.67,-1,-1,-1
337,1,762.00,320.00,450.00,397.00,0.92,-1,-1,-1
337,2,245.00,143.00,330.00,154.00,0.89,-1,-1,-1
337,6,370.00,150.00,548.00,342.00,0.69,-1,-1,-1
338,1,762.00,320.00,450.00,397.00,0.92,-1,-1,-1
338,2,246.00,143.00,329.00,154.00,0.89,-1,-1,-1
338,6,370.00,151.00,548.00,341.00,0.71,-1,-1,-1
339,1,762.00,320.00,450.00,397.00,0.92,-1,-1,-1
339,2,246.00,142.00,329.00,155.00,0.89,-1,-1,-1
339,6,369.00,151.00,549.00,341.00,0.72,-1,-1,-1
340,1,762.00,320.00,450.00,397.00,0.92,-1,-1,-1
340,2,245.00,143.00,330.00,154.00,0.90,-1,-1,-1
340,6,370.00,151.00,547.00,341.00,0.70,-1,-1,-1
341,1,762.00,320.00,450.00,397.00,0.93,-1,-1,-1
341,2,245.00,143.00,330.00,154.00,0.89,-1,-1,-1
341,6,370.00,151.00,547.00,341.00,0.61,-1,-1,-1
342,1,762.00,320.00,450.00,397.00,0.93,-1,-1,-1
342,2,245.00,142.00,330.00,155.00,0.89,-1,-1,-1
342,6,370.00,151.00,547.00,341.00,0.66,-1,-1,-1
343,1,762.00,320.00,450.00,397.00,0.93,-1,-1,-1
343,2,245.00,142.00,330.00,155.00,0.90,-1,-1,-1
343,6,369.00,151.00,548.00,341.00,0.69,-1,-1,-1
344,1,762.00,321.00,450.00,396.00,0.92,-1,-1,-1
344,2,245.00,142.00,330.00,155.00,0.90,-1,-1,-1
344,6,369.00,151.00,549.00,341.00,0.65,-1,-1,-1
345,1,762.00,321.00,450.00,396.00,0.92,-1,-1,-1
345,2,245.00,142.00,331.00,156.00,0.90,-1,-1,-1
345,6,369.00,151.00,549.00,341.00,0.63,-1,-1,-1
346,1,762.00,320.00,450.00,397.00,0.92,-1,-1,-1
346,2,245.00,142.00,331.00,156.00,0.90,-1,-1,-1
346,6,369.00,151.00,549.00,341.00,0.58,-1,-1,-1
347,1,762.00,320.00,450.00,397.00,0.91,-1,-1,-1
347,2,245.00,142.00,331.00,156.00,0.90,-1,-1,-1
347,6,369.00,151.00,549.00,341.00,0.62,-1,-1,-1
348,1,762.00,320.00,450.00,397.00,0.92,-1,-1,-1
348,2,245.00,142.00,331.00,156.00,0.90,-1,-1,-1
348,6,369.00,151.00,549.00,341.00,0.65,-1,-1,-1
349,1,762.00,320.00,450.00,397.00,0.91,-1,-1,-1
349,2,245.00,142.00,331.00,156.00,0.90,-1,-1,-1
349,6,369.00,151.00,549.00,341.00,0.68,-1,-1,-1
350,1,762.00,320.00,450.00,397.00,0.91,-1,-1,-1
350,2,244.00,142.00,332.00,156.00,0.90,-1,-1,-1
350,6,370.00,151.00,548.00,341.00,0.68,-1,-1,-1
351,1,762.00,320.00,450.00,397.00,0.92,-1,-1,-1
351,2,245.00,142.00,331.00,156.00,0.90,-1,-1,-1
351,6,369.00,151.00,549.00,341.00,0.71,-1,-1,-1
352,1,762.00,320.00,450.00,397.00,0.92,-1,-1,-1
352,2,245.00,142.00,331.00,156.00,0.90,-1,-1,-1
352,6,370.00,151.00,548.00,341.00,0.69,-1,-1,-1
353,1,762.00,320.00,450.00,397.00,0.93,-1,-1,-1
353,2,245.00,142.00,330.00,156.00,0.90,-1,-1,-1
353,6,370.00,151.00,548.00,341.00,0.67,-1,-1,-1
354,1,762.00,320.00,450.00,397.00,0.92,-1,-1,-1
354,2,246.00,142.00,329.00,155.00,0.90,-1,-1,-1
354,6,370.00,151.00,548.00,341.00,0.69,-1,-1,-1
355,1,762.00,320.00,451.00,397.00,0.93,-1,-1,-1
355,2,245.00,142.00,330.00,155.00,0.90,-1,-1,-1
355,6,370.00,151.00,548.00,341.00,0.69,-1,-1,-1
356,1,763.00,320.00,450.00,397.00,0.92,-1,-1,-1
356,2,246.00,142.00,329.00,155.00,0.90,-1,-1,-1
356,6,370.00,151.00,547.00,341.00,0.75,-1,-1,-1
357,1,763.00,320.00,450.00,397.00,0.92,-1,-1,-1
357,2,246.00,142.00,329.00,155.00,0.90,-1,-1,-1
357,6,370.00,152.00,547.00,340.00,0.71,-1,-1,-1
358,1,763.00,320.00,450.00,397.00,0.92,-1,-1,-1
358,2,246.00,142.00,329.00,156.00,0.90,-1,-1,-1
358,6,370.00,152.00,547.00,340.00,0.74,-1,-1,-1
359,1,763.00,320.00,450.00,397.00,0.92,-1,-1,-1
359,2,245.00,142.00,330.00,156.00,0.90,-1,-1,-1
359,6,370.00,152.00,547.00,340.00,0.76,-1,-1,-1
360,1,762.00,320.00,451.00,397.00,0.92,-1,-1,-1
360,2,245.00,142.00,330.00,156.00,0.90,-1,-1,-1
360,6,370.00,152.00,547.00,340.00,0.77,-1,-1,-1
361,1,762.00,320.00,450.00,397.00,0.92,-1,-1,-1
361,2,245.00,142.00,330.00,156.00,0.90,-1,-1,-1
361,6,370.00,152.00,547.00,340.00,0.72,-1,-1,-1
362,1,760.00,320.00,450.00,397.00,0.92,-1,-1,-1
362,2,244.00,142.00,332.00,157.00,0.90,-1,-1,-1
362,6,370.00,151.00,548.00,341.00,0.82,-1,-1,-1
363,1,761.00,320.00,450.00,397.00,0.91,-1,-1,-1
363,2,243.00,141.00,333.00,158.00,0.90,-1,-1,-1
363,6,370.00,150.00,548.00,342.00,0.80,-1,-1,-1
364,1,758.00,320.00,448.00,397.00,0.91,-1,-1,-1
364,2,243.00,142.00,333.00,158.00,0.90,-1,-1,-1
364,6,370.00,151.00,548.00,341.00,0.75,-1,-1,-1
365,1,754.00,320.00,447.00,397.00,0.91,-1,-1,-1
365,2,243.00,142.00,333.00,158.00,0.90,-1,-1,-1
365,6,370.00,151.00,548.00,341.00,0.77,-1,-1,-1
366,1,753.00,320.00,445.00,397.00,0.92,-1,-1,-1
366,2,244.00,142.00,332.00,158.00,0.90,-1,-1,-1
366,6,370.00,151.00,548.00,341.00,0.76,-1,-1,-1
367,1,753.00,320.00,443.00,397.00,0.92,-1,-1,-1
367,2,244.00,142.00,331.00,158.00,0.90,-1,-1,-1
367,6,370.00,151.00,548.00,341.00,0.80,-1,-1,-1
368,1,753.00,320.00,441.00,397.00,0.92,-1,-1,-1
368,2,245.00,142.00,330.00,157.00,0.90,-1,-1,-1
368,6,370.00,151.00,548.00,341.00,0.79,-1,-1,-1
369,1,754.00,320.00,439.00,397.00,0.92,-1,-1,-1
369,2,245.00,142.00,329.00,157.00,0.89,-1,-1,-1
369,6,370.00,151.00,548.00,341.00,0.78,-1,-1,-1
370,1,754.00,320.00,438.00,397.00,0.92,-1,-1,-1
370,2,245.00,142.00,328.00,157.00,0.90,-1,-1,-1
370,6,370.00,151.00,548.00,341.00,0.81,-1,-1,-1
371,1,755.00,320.00,437.00,397.00,0.92,-1,-1,-1
371,2,246.00,142.00,329.00,157.00,0.89,-1,-1,-1
371,6,370.00,151.00,548.00,341.00,0.81,-1,-1,-1
372,1,756.00,320.00,435.00,397.00,0.92,-1,-1,-1
372,2,248.00,142.00,327.00,157.00,0.89,-1,-1,-1
372,6,370.00,151.00,548.00,341.00,0.78,-1,-1,-1
373,1,757.00,320.00,434.00,397.00,0.92,-1,-1,-1
373,2,251.00,143.00,325.00,155.00,0.88,-1,-1,-1
373,6,370.00,151.00,548.00,341.00,0.77,-1,-1,-1
374,1,759.00,320.00,433.00,397.00,0.92,-1,-1,-1
374,2,255.00,143.00,321.00,153.00,0.86,-1,-1,-1
374,6,370.00,151.00,549.00,341.00,0.78,-1,-1,-1
375,1,759.00,320.00,433.00,397.00,0.92,-1,-1,-1
375,2,260.00,143.00,312.00,149.00,0.86,-1,-1,-1
375,6,370.00,151.00,548.00,341.00,0.76,-1,-1,-1
376,1,758.00,320.00,433.00,397.00,0.92,-1,-1,-1
376,2,268.00,143.00,302.00,143.00,0.90,-1,-1,-1
376,6,370.00,151.00,548.00,341.00,0.71,-1,-1,-1
377,1,758.00,320.00,432.00,397.00,0.92,-1,-1,-1
377,2,273.00,143.00,297.00,141.00,0.89,-1,-1,-1
377,6,370.00,151.00,548.00,341.00,0.63,-1,-1,-1
378,1,758.00,320.00,431.00,397.00,0.92,-1,-1,-1
378,2,274.00,143.00,297.00,140.00,0.88,-1,-1,-1
378,6,370.00,151.00,548.00,341.00,0.66,-1,-1,-1
379,1,759.00,320.00,431.00,397.00,0.92,-1,-1,-1
379,2,270.00,143.00,298.00,140.00,0.86,-1,-1,-1
379,6,370.00,151.00,549.00,341.00,0.71,-1,-1,-1
380,1,761.00,320.00,430.00,396.00,0.92,-1,-1,-1
380,2,274.00,142.00,298.00,141.00,0.87,-1,-1,-1
380,6,370.00,151.00,549.00,341.00,0.78,-1,-1,-1
381,1,763.00,320.00,431.00,397.00,0.92,-1,-1,-1
381,2,274.00,142.00,299.00,141.00,0.86,-1,-1,-1
381,6,370.00,151.00,549.00,341.00,0.76,-1,-1,-1
382,1,765.00,320.00,432.00,397.00,0.92,-1,-1,-1
382,2,279.00,143.00,297.00,141.00,0.83,-1,-1,-1
382,6,370.00,151.00,549.00,341.00,0.71,-1,-1,-1
383,1,764.00,321.00,432.00,395.00,0.92,-1,-1,-1
383,2,279.00,143.00,297.00,141.00,0.78,-1,-1,-1
383,6,370.00,151.00,549.00,341.00,0.68,-1,-1,-1
384,1,767.00,321.00,433.00,395.00,0.92,-1,-1,-1
384,2,279.00,143.00,297.00,141.00,0.77,-1,-1,-1
384,6,370.00,151.00,549.00,341.00,0.71,-1,-1,-1
385,1,768.00,321.00,435.00,395.00,0.93,-1,-1,-1
385,2,266.00,143.00,300.00,141.00,0.66,-1,-1,-1
385,6,370.00,151.00,549.00,341.00,0.75,-1,-1,-1
386,1,768.00,321.00,436.00,395.00,0.93,-1,-1,-1
386,2,258.00,142.00,305.00,143.00,0.86,-1,-1,-1
386,6,371.00,151.00,547.00,341.00,0.73,-1,-1,-1
387,1,768.00,321.00,437.00,395.00,0.92,-1,-1,-1
387,2,256.00,142.00,308.00,143.00,0.85,-1,-1,-1
387,6,371.00,151.00,547.00,341.00,0.74,-1,-1,-1
388,1,767.00,321.00,439.00,396.00,0.92,-1,-1,-1
388,2,256.00,142.00,309.00,142.00,0.81,-1,-1,-1
388,6,371.00,151.00,547.00,341.00,0.73,-1,-1,-1
389,1,767.00,321.00,440.00,396.00,0.92,-1,-1,-1
389,2,256.00,142.00,310.00,142.00,0.82,-1,-1,-1
389,6,371.00,151.00,547.00,341.00,0.77,-1,-1,-1
390,1,766.00,321.00,441.00,396.00,0.92,-1,-1,-1
390,2,254.00,142.00,312.00,143.00,0.85,-1,-1,-1
390,6,371.00,151.00,548.00,341.00,0.77,-1,-1,-1
391,1,766.00,321.00,442.00,396.00,0.92,-1,-1,-1
391,2,252.00,141.00,315.00,144.00,0.87,-1,-1,-1
391,6,371.00,151.00,548.00,341.00,0.73,-1,-1,-1
392,1,766.00,321.00,442.00,396.00,0.93,-1,-1,-1
392,2,251.00,141.00,316.00,144.00,0.88,-1,-1,-1
392,6,371.00,151.00,547.00,340.00,0.62,-1,-1,-1
393,1,765.00,320.00,443.00,397.00,0.93,-1,-1,-1
393,2,254.00,141.00,314.00,143.00,0.75,-1,-1,-1
393,6,371.00,151.00,547.00,340.00,0.64,-1,-1,-1
394,1,765.00,320.00,444.00,397.00,0.93,-1,-1,-1
394,2,267.00,142.00,310.00,142.00,0.83,-1,-1,-1
394,6,371.00,151.00,547.00,340.00,0.66,-1,-1,-1
395,1,765.00,321.00,444.00,396.00,0.93,-1,-1,-1
395,2,272.00,142.00,307.00,141.00,0.75,-1,-1,-1
395,6,371.00,151.00,547.00,340.00,0.67,-1,-1,-1
396,1,765.00,321.00,444.00,395.00,0.93,-1,-1,-1
396,2,274.00,142.00,305.00,141.00,0.78,-1,-1,-1
396,6,371.00,151.00,547.00,340.00,0.72,-1,-1,-1
397,1,764.00,321.00,445.00,396.00,0.93,-1,-1,-1
397,2,273.00,142.00,304.00,141.00,0.68,-1,-1,-1
397,6,371.00,151.00,547.00,340.00,0.66,-1,-1,-1
398,1,764.00,321.00,446.00,395.00,0.93,-1,-1,-1
398,2,272.00,142.00,303.00,141.00,0.73,-1,-1,-1
398,6,371.00,151.00,547.00,340.00,0.67,-1,-1,-1
399,1,764.00,321.00,446.00,395.00,0.93,-1,-1,-1
399,2,270.00,142.00,304.00,141.00,0.72,-1,-1,-1
399,6,371.00,151.00,547.00,340.00,0.68,-1,-1,-1
400,1,764.00,321.00,446.00,395.00,0.93,-1,-1,-1
400,2,271.00,142.00,303.00,141.00,0.75,-1,-1,-1
400,6,371.00,151.00,547.00,340.00,0.66,-1,-1,-1
401,1,764.00,321.00,446.00,395.00,0.93,-1,-1,-1
401,2,271.00,142.00,303.00,141.00,0.73,-1,-1,-1
401,6,371.00,151.00,547.00,340.00,0.70,-1,-1,-1
402,1,764.00,321.00,446.00,395.00,0.93,-1,-1,-1
402,2,273.00,142.00,302.00,141.00,0.75,-1,-1,-1
402,6,371.00,151.00,547.00,340.00,0.67,-1,-1,-1
403,1,763.00,321.00,448.00,395.00,0.93,-1,-1,-1
403,2,276.00,142.00,301.00,141.00,0.81,-1,-1,-1
403,6,371.00,151.00,547.00,340.00,0.71,-1,-1,-1
404,1,763.00,320.00,448.00,396.00,0.93,-1,-1,-1
404,2,277.00,142.00,300.00,141.00,0.86,-1,-1,-1
404,6,370.00,151.00,549.00,340.00,0.72,-1,-1,-1
405,1,763.00,320.00,448.00,396.00,0.93,-1,-1,-1
405,2,277.00,142.00,300.00,141.00,0.86,-1,-1,-1
405,6,370.00,151.00,549.00,340.00,0.69,-1,-1,-1
406,1,762.00,320.00,449.00,396.00,0.92,-1,-1,-1
406,2,278.00,142.00,299.00,141.00,0.87,-1,-1,-1
406,6,370.00,151.00,549.00,340.00,0.72,-1,-1,-1
407,1,762.00,320.00,449.00,396.00,0.92,-1,-1,-1
407,2,277.00,142.00,298.00,141.00,0.86,-1,-1,-1
407,6,370.00,151.00,549.00,340.00,0.65,-1,-1,-1
408,1,762.00,320.00,450.00,396.00,0.92,-1,-1,-1
408,2,275.00,142.00,299.00,141.00,0.83,-1,-1,-1
408,6,370.00,151.00,549.00,340.00,0.65,-1,-1,-1
409,1,762.00,320.00,450.00,396.00,0.92,-1,-1,-1
409,2,273.00,141.00,300.00,142.00,0.86,-1,-1,-1
409,6,370.00,151.00,548.00,340.00,0.70,-1,-1,-1
410,1,762.00,320.00,450.00,396.00,0.92,-1,-1,-1
410,2,269.00,141.00,301.00,142.00,0.87,-1,-1,-1
410,6,371.00,152.00,547.00,339.00,0.69,-1,-1,-1
411,1,762.00,320.00,450.00,396.00,0.92,-1,-1,-1
411,2,268.00,141.00,302.00,142.00,0.88,-1,-1,-1
411,6,371.00,152.00,547.00,339.00,0.72,-1,-1,-1
412,1,762.00,319.00,450.00,397.00,0.92,-1,-1,-1
412,2,268.00,141.00,302.00,142.00,0.88,-1,-1,-1
412,6,370.00,152.00,548.00,339.00,0.72,-1,-1,-1
413,1,762.00,320.00,450.00,396.00,0.92,-1,-1,-1
413,2,265.00,141.00,306.00,144.00,0.88,-1,-1,-1
413,6,370.00,152.00,548.00,339.00,0.63,-1,-1,-1
414,1,762.00,320.00,450.00,396.00,0.92,-1,-1,-1
414,2,261.00,141.00,313.00,147.00,0.88,-1,-1,-1
414,6,370.00,151.00,548.00,340.00,0.62,-1,-1,-1
415,1,762.00,321.00,450.00,395.00,0.93,-1,-1,-1
415,2,260.00,141.00,313.00,147.00,0.87,-1,-1,-1
415,6,370.00,151.00,549.00,340.00,0.72,-1,-1,-1
416,1,762.00,321.00,450.00,395.00,0.93,-1,-1,-1
416,2,255.00,141.00,317.00,149.00,0.77,-1,-1,-1
416,6,370.00,152.00,548.00,339.00,0.77,-1,-1,-1
417,1,762.00,321.00,450.00,395.00,0.93,-1,-1,-1
417,2,252.00,141.00,320.00,151.00,0.79,-1,-1,-1
417,6,370.00,152.00,548.00,340.00,0.79,-1,-1,-1
418,1,762.00,321.00,450.00,395.00,0.93,-1,-1,-1
418,2,250.00,141.00,322.00,152.00,0.82,-1,-1,-1
418,6,370.00,152.00,548.00,339.00,0.79,-1,-1,-1
419,1,762.00,320.00,450.00,396.00,0.93,-1,-1,-1
419,2,251.00,141.00,322.00,151.00,0.82,-1,-1,-1
419,6,370.00,152.00,548.00,339.00,0.78,-1,-1,-1
420,1,761.00,320.00,451.00,396.00,0.93,-1,-1,-1
420,2,252.00,141.00,321.00,151.00,0.82,-1,-1,-1
420,6,370.00,152.00,548.00,339.00,0.74,-1,-1,-1
421,1,761.00,320.00,451.00,397.00,0.93,-1,-1,-1
421,2,252.00,141.00,321.00,151.00,0.83,-1,-1,-1
421,6,370.00,152.00,548.00,339.00,0.78,-1,-1,-1
422,1,762.00,320.00,450.00,397.00,0.92,-1,-1,-1
422,2,251.00,141.00,322.00,152.00,0.81,-1,-1,-1
422,6,370.00,153.00,548.00,338.00,0.87,-1,-1,-1
423,1,762.00,320.00,450.00,397.00,0.92,-1,-1,-1
423,2,250.00,141.00,324.00,153.00,0.77,-1,-1,-1
423,6,370.00,153.00,548.00,339.00,0.87,-1,-1,-1
424,1,762.00,320.00,450.00,397.00,0.92,-1,-1,-1
424,2,250.00,141.00,324.00,153.00,0.78,-1,-1,-1
424,6,370.00,153.00,548.00,339.00,0.86,-1,-1,-1
425,1,762.00,320.00,450.00,397.00,0.91,-1,-1,-1
425,2,249.00,141.00,326.00,154.00,0.85,-1,-1,-1
425,6,370.00,153.00,548.00,339.00,0.84,-1,-1,-1
426,1,762.00,320.00,450.00,397.00,0.92,-1,-1,-1
426,2,249.00,141.00,326.00,155.00,0.85,-1,-1,-1
426,6,370.00,153.00,548.00,339.00,0.85,-1,-1,-1
427,1,762.00,320.00,450.00,397.00,0.91,-1,-1,-1
427,2,249.00,141.00,326.00,155.00,0.86,-1,-1,-1
427,6,369.00,152.00,549.00,340.00,0.81,-1,-1,-1
428,1,762.00,320.00,450.00,397.00,0.91,-1,-1,-1
428,2,249.00,141.00,325.00,154.00,0.85,-1,-1,-1
428,6,369.00,152.00,549.00,340.00,0.77,-1,-1,-1
429,1,762.00,320.00,450.00,396.00,0.91,-1,-1,-1
429,2,249.00,141.00,325.00,155.00,0.86,-1,-1,-1
429,6,369.00,152.00,550.00,341.00,0.74,-1,-1,-1
430,1,762.00,320.00,450.00,396.00,0.90,-1,-1,-1
430,2,248.00,141.00,328.00,156.00,0.88,-1,-1,-1
430,6,371.00,152.00,551.00,340.00,0.63,-1,-1,-1
431,1,762.00,320.00,450.00,396.00,0.91,-1,-1,-1
431,2,249.00,141.00,327.00,156.00,0.88,-1,-1,-1
431,6,371.00,152.00,550.00,340.00,0.58,-1,-1,-1
432,1,762.00,320.00,450.00,396.00,0.91,-1,-1,-1
432,2,249.00,141.00,328.00,156.00,0.88,-1,-1,-1
432,6,369.00,152.00,551.00,340.00,0.60,-1,-1,-1
433,1,762.00,320.00,450.00,396.00,0.92,-1,-1,-1
433,2,249.00,141.00,327.00,156.00,0.88,-1,-1,-1
433,6,369.00,152.00,551.00,340.00,0.58,-1,-1,-1
434,1,762.00,320.00,450.00,396.00,0.92,-1,-1,-1
434,2,248.00,141.00,327.00,156.00,0.88,-1,-1,-1
434,6,369.00,151.00,551.00,341.00,0.51,-1,-1,-1
435,1,762.00,320.00,450.00,396.00,0.92,-1,-1,-1
435,2,248.00,141.00,326.00,156.00,0.88,-1,-1,-1
435,6,369.00,151.00,551.00,341.00,0.54,-1,-1,-1
435,309,370.00,152.00,548.00,340.00,0.42,-1,-1,-1
436,1,763.00,320.00,450.00,396.00,0.92,-1,-1,-1
436,2,247.00,141.00,326.00,156.00,0.88,-1,-1,-1
436,6,369.00,151.00,551.00,341.00,0.58,-1,-1,-1
437,1,762.00,320.00,451.00,396.00,0.92,-1,-1,-1
437,2,246.00,141.00,327.00,156.00,0.89,-1,-1,-1
437,6,369.00,151.00,551.00,341.00,0.58,-1,-1,-1
438,1,762.00,320.00,451.00,396.00,0.93,-1,-1,-1
438,2,246.00,141.00,327.00,156.00,0.89,-1,-1,-1
438,6,369.00,151.00,551.00,341.00,0.58,-1,-1,-1
439,1,762.00,320.00,451.00,396.00,0.92,-1,-1,-1
439,2,247.00,141.00,326.00,156.00,0.88,-1,-1,-1
439,6,369.00,151.00,551.00,341.00,0.54,-1,-1,-1
440,1,762.00,320.00,451.00,396.00,0.93,-1,-1,-1
440,2,248.00,141.00,325.00,155.00,0.88,-1,-1,-1
440,6,370.00,151.00,550.00,341.00,0.52,-1,-1,-1
440,312,370.00,151.00,548.00,341.00,0.46,-1,-1,-1
441,1,762.00,320.00,451.00,396.00,0.93,-1,-1,-1
441,2,251.00,141.00,321.00,154.00,0.88,-1,-1,-1
441,6,370.00,151.00,550.00,341.00,0.55,-1,-1,-1
441,312,370.00,151.00,548.00,341.00,0.42,-1,-1,-1
442,1,762.00,320.00,450.00,396.00,0.94,-1,-1,-1
442,2,253.00,141.00,319.00,153.00,0.88,-1,-1,-1
442,6,370.00,151.00,550.00,341.00,0.55,-1,-1,-1
442,312,370.00,152.00,548.00,340.00,0.42,-1,-1,-1
443,1,762.00,321.00,451.00,396.00,0.93,-1,-1,-1
443,2,255.00,141.00,317.00,152.00,0.88,-1,-1,-1
443,6,370.00,151.00,550.00,341.00,0.55,-1,-1,-1
443,312,370.00,152.00,548.00,340.00,0.40,-1,-1,-1
444,1,762.00,321.00,451.00,397.00,0.93,-1,-1,-1
444,2,258.00,141.00,313.00,150.00,0.88,-1,-1,-1
444,6,370.00,152.00,549.00,340.00,0.55,-1,-1,-1
445,1,761.00,321.00,452.00,397.00,0.93,-1,-1,-1
445,2,260.00,141.00,311.00,149.00,0.88,-1,-1,-1
445,6,370.00,151.00,550.00,341.00,0.54,-1,-1,-1
446,1,761.00,321.00,452.00,398.00,0.94,-1,-1,-1
446,2,264.00,141.00,307.00,146.00,0.89,-1,-1,-1
446,6,370.00,151.00,550.00,341.00,0.56,-1,-1,-1
447,1,761.00,321.00,452.00,398.00,0.94,-1,-1,-1
447,2,268.00,141.00,303.00,145.00,0.89,-1,-1,-1
447,6,370.00,151.00,550.00,341.00,0.57,-1,-1,-1
448,1,761.00,321.00,451.00,397.00,0.94,-1,-1,-1
448,2,272.00,141.00,299.00,143.00,0.89,-1,-1,-1
448,6,370.00,151.00,550.00,341.00,0.55,-1,-1,-1
449,1,763.00,321.00,450.00,396.00,0.94,-1,-1,-1
449,2,276.00,141.00,298.00,142.00,0.88,-1,-1,-1
449,6,370.00,151.00,550.00,341.00,0.57,-1,-1,-1
450,1,764.00,321.00,449.00,395.00,0.94,-1,-1,-1
450,2,278.00,141.00,297.00,142.00,0.87,-1,-1,-1
450,6,370.00,151.00,550.00,341.00,0.54,-1,-1,-1
451,1,766.00,321.00,448.00,395.00,0.93,-1,-1,-1
451,2,281.00,141.00,295.00,142.00,0.86,-1,-1,-1
451,6,370.00,151.00,550.00,341.00,0.59,-1,-1,-1
452,1,765.00,321.00,447.00,394.00,0.93,-1,-1,-1
452,2,282.00,141.00,294.00,142.00,0.81,-1,-1,-1
452,6,370.00,151.00,550.00,342.00,0.52,-1,-1,-1
453,1,766.00,321.00,447.00,394.00,0.93,-1,-1,-1
453,2,283.00,141.00,294.00,142.00,0.75,-1,-1,-1
453,6,370.00,150.00,551.00,343.00,0.52,-1,-1,-1
454,1,777.00,321.00,443.00,393.00,0.89,-1,-1,-1
454,2,275.00,141.00,295.00,142.00,0.72,-1,-1,-1
454,6,369.00,150.00,552.00,343.00,0.54,-1,-1,-1
455,1,783.00,320.00,442.00,396.00,0.90,-1,-1,-1
455,2,270.00,141.00,298.00,142.00,0.82,-1,-1,-1
455,6,369.00,150.00,552.00,343.00,0.59,-1,-1,-1
456,1,785.00,320.00,441.00,396.00,0.89,-1,-1,-1
456,2,266.00,141.00,300.00,142.00,0.79,-1,-1,-1
456,6,369.00,148.00,553.00,345.00,0.49,-1,-1,-1
457,1,783.00,321.00,438.00,395.00,0.90,-1,-1,-1
457,2,260.00,141.00,308.00,146.00,0.83,-1,-1,-1
457,6,370.00,150.00,550.00,343.00,0.51,-1,-1,-1
458,1,770.00,320.00,441.00,396.00,0.90,-1,-1,-1
458,2,251.00,141.00,326.00,155.00,0.84,-1,-1,-1
458,6,370.00,150.00,550.00,343.00,0.53,-1,-1,-1
459,1,767.00,320.00,441.00,396.00,0.91,-1,-1,-1
459,2,247.00,141.00,332.00,159.00,0.84,-1,-1,-1
459,6,369.00,151.00,552.00,345.00,0.53,-1,-1,-1
460,1,766.00,320.00,443.00,397.00,0.93,-1,-1,-1
460,2,246.00,141.00,333.00,159.00,0.84,-1,-1,-1
460,6,373.00,151.00,546.00,341.00,0.59,-1,-1,-1
461,1,765.00,320.00,444.00,397.00,0.93,-1,-1,-1
461,2,249.00,141.00,328.00,157.00,0.80,-1,-1,-1
461,6,371.00,151.00,549.00,343.00,0.71,-1,-1,-1
462,1,765.00,320.00,443.00,397.00,0.92,-1,-1,-1
462,2,250.00,141.00,327.00,157.00,0.84,-1,-1,-1
462,6,371.00,151.00,548.00,342.00,0.70,-1,-1,-1
463,1,764.00,320.00,445.00,397.00,0.92,-1,-1,-1
463,2,250.00,141.00,327.00,158.00,0.69,-1,-1,-1
463,6,371.00,150.00,549.00,343.00,0.62,-1,-1,-1
464,1,764.00,320.00,445.00,397.00,0.92,-1,-1,-1
464,2,249.00,140.00,328.00,160.00,0.82,-1,-1,-1
464,6,369.00,149.00,553.00,346.00,0.68,-1,-1,-1
465,1,764.00,320.00,445.00,397.00,0.92,-1,-1,-1
465,2,248.00,140.00,329.00,160.00,0.83,-1,-1,-1
465,6,369.00,149.00,553.00,347.00,0.74,-1,-1,-1
466,1,764.00,320.00,445.00,397.00,0.92,-1,-1,-1
466,2,248.00,141.00,328.00,159.00,0.84,-1,-1,-1
466,6,370.00,149.00,552.00,347.00,0.79,-1,-1,-1
467,1,764.00,320.00,445.00,397.00,0.93,-1,-1,-1
467,2,249.00,141.00,328.00,160.00,0.82,-1,-1,-1
467,6,371.00,150.00,548.00,344.00,0.84,-1,-1,-1
468,1,764.00,321.00,445.00,395.00,0.92,-1,-1,-1
468,2,249.00,141.00,328.00,160.00,0.83,-1,-1,-1
468,6,371.00,150.00,547.00,344.00,0.83,-1,-1,-1
469,1,763.00,321.00,446.00,396.00,0.93,-1,-1,-1
469,2,251.00,142.00,323.00,157.00,0.84,-1,-1,-1
469,6,372.00,150.00,547.00,343.00,0.81,-1,-1,-1
470,1,763.00,321.00,446.00,396.00,0.92,-1,-1,-1
470,2,251.00,142.00,322.00,156.00,0.85,-1,-1,-1
470,6,372.00,151.00,546.00,343.00,0.68,-1,-1,-1
471,1,763.00,321.00,446.00,395.00,0.92,-1,-1,-1
471,2,252.00,142.00,320.00,156.00,0.86,-1,-1,-1
471,6,373.00,151.00,545.00,342.00,0.65,-1,-1,-1
472,1,763.00,321.00,446.00,395.00,0.92,-1,-1,-1
472,2,252.00,143.00,319.00,155.00,0.86,-1,-1,-1
472,6,372.00,151.00,546.00,343.00,0.54,-1,-1,-1
473,1,763.00,321.00,446.00,396.00,0.92,-1,-1,-1
473,2,251.00,143.00,320.00,156.00,0.88,-1,-1,-1
473,6,371.00,151.00,548.00,344.00,0.52,-1,-1,-1
473,324,371.00,151.00,549.00,343.00,0.50,-1,-1,-1
474,1,763.00,321.00,446.00,396.00,0.93,-1,-1,-1
474,2,250.00,142.00,322.00,156.00,0.88,-1,-1,-1
474,6,371.00,151.00,548.00,344.00,0.40,-1,-1,-1
474,324,371.00,152.00,548.00,342.00,0.59,-1,-1,-1
475,1,762.00,321.00,447.00,396.00,0.92,-1,-1,-1
475,2,251.00,142.00,321.00,155.00,0.88,-1,-1,-1
475,6,372.00,151.00,547.00,343.00,0.44,-1,-1,-1
475,324,372.00,152.00,546.00,342.00,0.55,-1,-1,-1
476,1,762.00,321.00,447.00,395.00,0.92,-1,-1,-1
476,2,251.00,142.00,320.00,155.00,0.87,-1,-1,-1
476,6,372.00,151.00,547.00,343.00,0.48,-1,-1,-1
476,324,372.00,152.00,546.00,342.00,0.56,-1,-1,-1
477,1,763.00,321.00,446.00,395.00,0.92,-1,-1,-1
477,2,251.00,142.00,321.00,155.00,0.88,-1,-1,-1
477,6,373.00,151.00,546.00,343.00,0.40,-1,-1,-1
477,324,373.00,152.00,545.00,341.00,0.62,-1,-1,-1
478,1,763.00,321.00,447.00,395.00,0.93,-1,-1,-1
478,2,251.00,142.00,321.00,155.00,0.87,-1,-1,-1
478,6,373.00,153.00,545.00,341.00,0.63,-1,-1,-1
479,1,763.00,321.00,447.00,395.00,0.93,-1,-1,-1
479,2,251.00,142.00,321.00,155.00,0.87,-1,-1,-1
479,6,373.00,153.00,544.00,341.00,0.55,-1,-1,-1
480,1,763.00,321.00,447.00,395.00,0.93,-1,-1,-1
480,2,251.00,142.00,320.00,154.00,0.87,-1,-1,-1
480,6,373.00,153.00,544.00,341.00,0.52,-1,-1,-1
480,325,371.00,151.00,548.00,344.00,0.40,-1,-1,-1
481,1,763.00,321.00,447.00,395.00,0.93,-1,-1,-1
481,2,253.00,142.00,316.00,151.00,0.87,-1,-1,-1
482,1,763.00,320.00,448.00,396.00,0.93,-1,-1,-1
482,2,256.00,141.00,309.00,147.00,0.87,-1,-1,-1
482,6,373.00,151.00,544.00,341.00,0.74,-1,-1,-1
483,1,763.00,320.00,448.00,396.00,0.93,-1,-1,-1
483,2,259.00,141.00,304.00,144.00,0.88,-1,-1,-1
483,6,373.00,150.00,545.00,341.00,0.76,-1,-1,-1
484,1,763.00,320.00,448.00,396.00,0.93,-1,-1,-1
484,2,259.00,141.00,304.00,143.00,0.85,-1,-1,-1
484,6,373.00,149.00,546.00,342.00,0.73,-1,-1,-1
485,1,763.00,320.00,448.00,396.00,0.93,-1,-1,-1
485,2,258.00,141.00,305.00,142.00,0.82,-1,-1,-1
485,6,373.00,151.00,545.00,341.00,0.79,-1,-1,-1
486,1,763.00,320.00,448.00,396.00,0.93,-1,-1,-1
486,2,257.00,141.00,307.00,142.00,0.82,-1,-1,-1
486,6,373.00,151.00,545.00,341.00,0.80,-1,-1,-1
487,1,763.00,320.00,448.00,396.00,0.92,-1,-1,-1
487,2,256.00,141.00,309.00,142.00,0.85,-1,-1,-1
487,6,372.00,151.00,546.00,341.00,0.77,-1,-1,-1
488,1,763.00,320.00,448.00,396.00,0.92,-1,-1,-1
488,2,256.00,141.00,309.00,142.00,0.84,-1,-1,-1
488,6,372.00,151.00,545.00,341.00,0.82,-1,-1,-1
489,1,763.00,320.00,448.00,396.00,0.92,-1,-1,-1
489,2,255.00,142.00,311.00,141.00,0.83,-1,-1,-1
489,6,372.00,152.00,545.00,340.00,0.77,-1,-1,-1
490,1,763.00,320.00,448.00,396.00,0.93,-1,-1,-1
490,2,250.00,142.00,320.00,145.00,0.83,-1,-1,-1
490,6,372.00,151.00,546.00,341.00,0.72,-1,-1,-1
491,1,763.00,320.00,448.00,396.00,0.93,-1,-1,-1
491,2,244.00,142.00,331.00,151.00,0.84,-1,-1,-1
491,6,371.00,151.00,546.00,341.00,0.71,-1,-1,-1
492,1,763.00,320.00,448.00,396.00,0.93,-1,-1,-1
492,2,242.00,141.00,334.00,153.00,0.86,-1,-1,-1
492,6,370.00,151.00,548.00,341.00,0.68,-1,-1,-1
493,1,763.00,320.00,448.00,396.00,0.93,-1,-1,-1
493,2,241.00,142.00,335.00,154.00,0.85,-1,-1,-1
493,6,370.00,151.00,548.00,341.00,0.60,-1,-1,-1
494,1,763.00,320.00,448.00,396.00,0.93,-1,-1,-1
494,2,242.00,142.00,333.00,154.00,0.84,-1,-1,-1
494,6,369.00,150.00,549.00,342.00,0.59,-1,-1,-1
495,1,763.00,320.00,448.00,396.00,0.93,-1,-1,-1
495,2,242.00,142.00,333.00,154.00,0.83,-1,-1,-1
495,6,369.00,149.00,549.00,342.00,0.56,-1,-1,-1
496,1,763.00,320.00,448.00,396.00,0.93,-1,-1,-1
496,2,244.00,142.00,329.00,152.00,0.80,-1,-1,-1
496,6,368.00,149.00,551.00,343.00,0.49,-1,-1,-1
497,1,763.00,320.00,448.00,396.00,0.93,-1,-1,-1
497,2,228.00,142.00,325.00,153.00,0.71,-1,-1,-1
497,6,369.00,148.00,550.00,343.00,0.46,-1,-1,-1
497,337,369.00,148.00,550.00,344.00,0.42,-1,-1,-1
498,1,763.00,320.00,448.00,396.00,0.93,-1,-1,-1
498,2,222.00,141.00,323.00,155.00,0.72,-1,-1,-1
499,1,763.00,320.00,448.00,396.00,0.93,-1,-1,-1
499,2,223.00,141.00,321.00,156.00,0.85,-1,-1,-1
499,6,368.00,147.00,552.00,344.00,0.54,-1,-1,-1
500,1,763.00,320.00,448.00,396.00,0.93,-1,-1,-1
500,2,226.00,141.00,317.00,157.00,0.85,-1,-1,-1
500,6,366.00,145.00,555.00,346.00,0.62,-1,-1,-1
501,1,763.00,320.00,448.00,396.00,0.93,-1,-1,-1
501,2,228.00,141.00,315.00,158.00,0.85,-1,-1,-1
501,6,365.00,143.00,556.00,348.00,0.61,-1,-1,-1
502,1,763.00,320.00,449.00,396.00,0.93,-1,-1,-1
502,2,235.00,141.00,310.00,156.00,0.84,-1,-1,-1
502,6,366.00,144.00,554.00,347.00,0.56,-1,-1,-1
503,1,763.00,321.00,449.00,395.00,0.93,-1,-1,-1
503,2,239.00,141.00,308.00,156.00,0.86,-1,-1,-1
503,6,367.00,145.00,554.00,346.00,0.53,-1,-1,-1
504,1,763.00,321.00,449.00,395.00,0.93,-1,-1,-1
504,2,243.00,141.00,306.00,156.00,0.85,-1,-1,-1
504,6,367.00,145.00,553.00,346.00,0.53,-1,-1,-1
505,1,763.00,320.00,449.00,396.00,0.93,-1,-1,-1
505,2,244.00,141.00,307.00,156.00,0.88,-1,-1,-1
505,6,369.00,147.00,550.00,344.00,0.60,-1,-1,-1
506,1,763.00,320.00,449.00,396.00,0.92,-1,-1,-1
506,2,246.00,141.00,308.00,157.00,0.88,-1,-1,-1
506,6,370.00,149.00,547.00,342.00,0.67,-1,-1,-1
507,1,763.00,320.00,449.00,396.00,0.92,-1,-1,-1
507,2,247.00,141.00,309.00,157.00,0.88,-1,-1,-1
507,6,370.00,150.00,547.00,341.00,0.67,-1,-1,-1
508,1,763.00,320.00,449.00,396.00,0.92,-1,-1,-1
508,2,249.00,141.00,308.00,156.00,0.88,-1,-1,-1
508,6,371.00,149.00,547.00,343.00,0.65,-1,-1,-1
509,1,763.00,321.00,449.00,395.00,0.92,-1,-1,-1
509,2,251.00,141.00,309.00,157.00,0.88,-1,-1,-1
509,6,371.00,150.00,547.00,342.00,0.58,-1,-1,-1
510,1,763.00,321.00,449.00,395.00,0.92,-1,-1,-1
510,2,252.00,141.00,310.00,157.00,0.89,-1,-1,-1
510,6,371.00,150.00,547.00,342.00,0.62,-1,-1,-1
511,1,763.00,321.00,449.00,395.00,0.92,-1,-1,-1
511,2,251.00,141.00,312.00,157.00,0.88,-1,-1,-1
511,6,371.00,150.00,547.00,342.00,0.62,-1,-1,-1
512,1,763.00,321.00,449.00,395.00,0.93,-1,-1,-1
512,2,253.00,141.00,307.00,155.00,0.88,-1,-1,-1
512,6,371.00,151.00,546.00,341.00,0.58,-1,-1,-1
513,1,763.00,320.00,449.00,396.00,0.93,-1,-1,-1
513,2,254.00,141.00,306.00,154.00,0.88,-1,-1,-1
513,6,370.00,151.00,547.00,341.00,0.58,-1,-1,-1
514,1,762.00,320.00,450.00,396.00,0.93,-1,-1,-1
514,2,253.00,141.00,306.00,153.00,0.88,-1,-1,-1
514,6,371.00,151.00,547.00,341.00,0.51,-1,-1,-1
515,1,762.00,320.00,450.00,396.00,0.93,-1,-1,-1
515,2,253.00,141.00,306.00,153.00,0.88,-1,-1,-1
515,6,371.00,151.00,547.00,341.00,0.51,-1,-1,-1
515,341,369.00,151.00,549.00,341.00,0.47,-1,-1,-1
516,1,762.00,320.00,450.00,396.00,0.93,-1,-1,-1
516,2,253.00,141.00,307.00,152.00,0.88,-1,-1,-1
516,6,371.00,151.00,547.00,341.00,0.49,-1,-1,-1
516,341,369.00,151.00,550.00,341.00,0.48,-1,-1,-1
517,1,762.00,320.00,450.00,396.00,0.93,-1,-1,-1
517,2,252.00,141.00,309.00,153.00,0.88,-1,-1,-1
517,6,371.00,151.00,548.00,341.00,0.46,-1,-1,-1
517,341,369.00,151.00,550.00,341.00,0.51,-1,-1,-1
518,1,762.00,320.00,450.00,396.00,0.93,-1,-1,-1
518,2,253.00,141.00,310.00,153.00,0.88,-1,-1,-1
518,6,371.00,151.00,548.00,341.00,0.52,-1,-1,-1
518,341,369.00,151.00,550.00,341.00,0.44,-1,-1,-1
519,1,762.00,320.00,450.00,396.00,0.93,-1,-1,-1
519,2,253.00,141.00,312.00,153.00,0.88,-1,-1,-1
519,6,370.00,151.00,549.00,341.00,0.50,-1,-1,-1
519,341,369.00,151.00,550.00,341.00,0.46,-1,-1,-1
520,1,762.00,320.00,450.00,396.00,0.93,-1,-1,-1
520,2,253.00,141.00,315.00,154.00,0.88,-1,-1,-1
520,6,370.00,151.00,549.00,341.00,0.53,-1,-1,-1
520,341,369.00,151.00,550.00,341.00,0.43,-1,-1,-1
521,1,762.00,320.00,450.00,396.00,0.93,-1,-1,-1
521,2,253.00,141.00,318.00,154.00,0.88,-1,-1,-1
521,6,370.00,151.00,549.00,341.00,0.54,-1,-1,-1
521,341,369.00,151.00,550.00,341.00,0.42,-1,-1,-1
522,1,762.00,320.00,450.00,396.00,0.93,-1,-1,-1
522,2,253.00,141.00,319.00,154.00,0.88,-1,-1,-1
522,6,370.00,151.00,549.00,341.00,0.53,-1,-1,-1
522,341,369.00,151.00,550.00,341.00,0.43,-1,-1,-1
523,1,763.00,320.00,449.00,396.00,0.93,-1,-1,-1
523,2,252.00,141.00,318.00,153.00,0.88,-1,-1,-1
523,6,370.00,150.00,549.00,342.00,0.54,-1,-1,-1
523,341,369.00,151.00,550.00,341.00,0.43,-1,-1,-1
524,1,763.00,320.00,449.00,396.00,0.93,-1,-1,-1
524,2,251.00,141.00,319.00,153.00,0.88,-1,-1,-1
524,6,370.00,150.00,549.00,342.00,0.49,-1,-1,-1
524,341,369.00,151.00,550.00,341.00,0.46,-1,-1,-1
525,1,763.00,320.00,449.00,396.00,0.93,-1,-1,-1
525,2,250.00,142.00,319.00,152.00,0.88,-1,-1,-1
525,6,370.00,151.00,549.00,341.00,0.50,-1,-1,-1
525,341,369.00,151.00,550.00,341.00,0.46,-1,-1,-1
526,1,763.00,320.00,449.00,396.00,0.93,-1,-1,-1
526,2,249.00,141.00,320.00,153.00,0.88,-1,-1,-1
526,6,370.00,151.00,549.00,341.00,0.51,-1,-1,-1
526,341,369.00,151.00,550.00,341.00,0.45,-1,-1,-1
527,1,763.00,320.00,449.00,396.00,0.93,-1,-1,-1
527,2,249.00,141.00,320.00,153.00,0.88,-1,-1,-1
527,6,371.00,151.00,548.00,341.00,0.52,-1,-1,-1
527,341,370.00,151.00,549.00,341.00,0.43,-1,-1,-1
528,1,763.00,320.00,449.00,396.00,0.93,-1,-1,-1
528,2,248.00,141.00,320.00,153.00,0.88,-1,-1,-1
528,6,371.00,151.00,548.00,341.00,0.49,-1,-1,-1
528,341,370.00,151.00,549.00,341.00,0.46,-1,-1,-1
529,1,763.00,320.00,449.00,396.00,0.93,-1,-1,-1
529,2,248.00,141.00,320.00,153.00,0.88,-1,-1,-1
529,6,370.00,151.00,549.00,341.00,0.47,-1,-1,-1
529,341,370.00,151.00,549.00,341.00,0.49,-1,-1,-1
530,1,763.00,320.00,449.00,396.00,0.93,-1,-1,-1
530,2,248.00,141.00,320.00,153.00,0.88,-1,-1,-1
530,6,370.00,151.00,549.00,341.00,0.54,-1,-1,-1
530,341,369.00,151.00,550.00,341.00,0.42,-1,-1,-1
531,1,763.00,320.00,449.00,396.00,0.93,-1,-1,-1
531,2,248.00,141.00,320.00,153.00,0.88,-1,-1,-1
531,6,370.00,151.00,549.00,341.00,0.56,-1,-1,-1
532,1,763.00,320.00,449.00,396.00,0.93,-1,-1,-1
532,2,247.00,141.00,320.00,153.00,0.89,-1,-1,-1
532,6,370.00,151.00,549.00,341.00,0.54,-1,-1,-1
533,1,763.00,320.00,449.00,396.00,0.93,-1,-1,-1
533,2,246.00,141.00,319.00,153.00,0.88,-1,-1,-1
533,6,370.00,151.00,549.00,341.00,0.58,-1,-1,-1
534,1,763.00,320.00,449.00,396.00,0.93,-1,-1,-1
534,2,245.00,141.00,318.00,153.00,0.89,-1,-1,-1
534,6,370.00,151.00,549.00,342.00,0.55,-1,-1,-1
535,1,763.00,320.00,449.00,396.00,0.93,-1,-1,-1
535,2,244.00,141.00,317.00,153.00,0.88,-1,-1,-1
535,6,370.00,151.00,549.00,341.00,0.56,-1,-1,-1
536,1,763.00,320.00,449.00,396.00,0.93,-1,-1,-1
536,2,243.00,141.00,316.00,153.00,0.87,-1,-1,-1
536,6,370.00,151.00,549.00,341.00,0.55,-1,-1,-1
537,1,763.00,320.00,449.00,396.00,0.93,-1,-1,-1
537,2,242.00,141.00,316.00,153.00,0.87,-1,-1,-1
537,6,370.00,151.00,549.00,341.00,0.56,-1,-1,-1
538,1,763.00,320.00,449.00,396.00,0.93,-1,-1,-1
538,2,242.00,141.00,316.00,154.00,0.86,-1,-1,-1
538,6,370.00,151.00,549.00,341.00,0.59,-1,-1,-1
539,1,763.00,320.00,449.00,396.00,0.93,-1,-1,-1
539,2,241.00,141.00,315.00,154.00,0.87,-1,-1,-1
539,6,370.00,151.00,549.00,341.00,0.58,-1,-1,-1
540,1,763.00,320.00,449.00,396.00,0.93,-1,-1,-1
540,2,241.00,141.00,314.00,154.00,0.87,-1,-1,-1
540,6,370.00,151.00,549.00,341.00,0.59,-1,-1,-1
541,1,763.00,320.00,449.00,396.00,0.93,-1,-1,-1
541,2,242.00,141.00,312.00,154.00,0.87,-1,-1,-1
541,6,370.00,151.00,549.00,341.00,0.60,-1,-1,-1
542,1,763.00,320.00,448.00,396.00,0.93,-1,-1,-1
542,2,242.00,141.00,313.00,154.00,0.88,-1,-1,-1
542,6,370.00,152.00,548.00,340.00,0.52,-1,-1,-1
543,1,763.00,321.00,448.00,395.00,0.93,-1,-1,-1
543,2,242.00,141.00,313.00,155.00,0.88,-1,-1,-1
543,6,370.00,152.00,548.00,340.00,0.54,-1,-1,-1
543,348,370.00,152.00,549.00,341.00,0.42,-1,-1,-1
544,1,763.00,321.00,448.00,395.00,0.93,-1,-1,-1
544,2,239.00,140.00,313.00,156.00,0.87,-1,-1,-1
544,6,370.00,152.00,548.00,341.00,0.57,-1,-1,-1
545,1,763.00,321.00,448.00,395.00,0.93,-1,-1,-1
545,2,239.00,141.00,310.00,154.00,0.88,-1,-1,-1
545,6,369.00,152.00,549.00,341.00,0.51,-1,-1,-1
546,1,763.00,321.00,449.00,395.00,0.93,-1,-1,-1
546,2,238.00,141.00,308.00,154.00,0.88,-1,-1,-1
546,6,369.00,152.00,549.00,341.00,0.52,-1,-1,-1
546,350,370.00,152.00,549.00,341.00,0.42,-1,-1,-1
547,1,763.00,321.00,449.00,395.00,0.93,-1,-1,-1
547,2,236.00,141.00,306.00,154.00,0.88,-1,-1,-1
547,6,369.00,152.00,549.00,341.00,0.54,-1,-1,-1
547,350,370.00,152.00,549.00,341.00,0.41,-1,-1,-1
548,1,763.00,321.00,449.00,395.00,0.93,-1,-1,-1
548,2,235.00,141.00,304.00,155.00,0.88,-1,-1,-1
548,6,369.00,152.00,549.00,341.00,0.55,-1,-1,-1
549,1,763.00,321.00,449.00,395.00,0.93,-1,-1,-1
549,2,234.00,141.00,302.00,155.00,0.88,-1,-1,-1
549,6,369.00,152.00,549.00,341.00,0.56,-1,-1,-1
550,1,762.00,321.00,450.00,395.00,0.93,-1,-1,-1
550,2,235.00,141.00,300.00,155.00,0.88,-1,-1,-1
550,6,369.00,152.00,549.00,341.00,0.59,-1,-1,-1
551,1,762.00,321.00,450.00,395.00,0.93,-1,-1,-1
551,2,236.00,141.00,298.00,155.00,0.88,-1,-1,-1
551,6,368.00,152.00,550.00,341.00,0.59,-1,-1,-1
552,1,762.00,321.00,450.00,395.00,0.93,-1,-1,-1
552,2,237.00,141.00,296.00,155.00,0.88,-1,-1,-1
552,6,368.00,152.00,550.00,341.00,0.62,-1,-1,-1
553,1,762.00,321.00,450.00,395.00,0.93,-1,-1,-1
553,2,237.00,141.00,295.00,155.00,0.88,-1,-1,-1
553,6,368.00,152.00,550.00,341.00,0.59,-1,-1,-1
554,1,762.00,321.00,450.00,395.00,0.93,-1,-1,-1
554,2,236.00,141.00,293.00,155.00,0.82,-1,-1,-1
554,6,368.00,152.00,550.00,341.00,0.62,-1,-1,-1
555,1,762.00,321.00,450.00,395.00,0.93,-1,-1,-1
555,2,237.00,141.00,291.00,155.00,0.86,-1,-1,-1
555,6,369.00,152.00,549.00,341.00,0.59,-1,-1,-1
556,1,762.00,321.00,450.00,395.00,0.93,-1,-1,-1
556,2,237.00,141.00,289.00,155.00,0.78,-1,-1,-1
556,6,369.00,152.00,549.00,341.00,0.52,-1,-1,-1
557,1,762.00,321.00,450.00,395.00,0.93,-1,-1,-1
557,2,251.00,141.00,295.00,156.00,0.83,-1,-1,-1
557,6,368.00,152.00,550.00,341.00,0.55,-1,-1,-1
558,1,762.00,321.00,450.00,395.00,0.93,-1,-1,-1
558,2,257.00,141.00,297.00,157.00,0.86,-1,-1,-1
558,6,368.00,152.00,550.00,341.00,0.54,-1,-1,-1
559,1,762.00,321.00,450.00,395.00,0.93,-1,-1,-1
559,2,258.00,141.00,300.00,157.00,0.87,-1,-1,-1
559,6,368.00,152.00,551.00,341.00,0.53,-1,-1,-1
560,1,762.00,321.00,450.00,395.00,0.93,-1,-1,-1
560,2,257.00,141.00,303.00,157.00,0.88,-1,-1,-1
560,6,368.00,152.00,551.00,341.00,0.51,-1,-1,-1
560,359,369.00,151.00,550.00,343.00,0.45,-1,-1,-1
561,1,762.00,321.00,450.00,395.00,0.93,-1,-1,-1
561,2,256.00,141.00,306.00,157.00,0.88,-1,-1,-1
561,6,368.00,152.00,550.00,341.00,0.51,-1,-1,-1
561,359,369.00,151.00,550.00,342.00,0.44,-1,-1,-1
562,1,762.00,321.00,450.00,395.00,0.93,-1,-1,-1
562,2,255.00,141.00,308.00,157.00,0.88,-1,-1,-1
562,6,368.00,152.00,550.00,341.00,0.47,-1,-1,-1
562,359,369.00,151.00,551.00,343.00,0.47,-1,-1,-1
563,1,762.00,321.00,450.00,395.00,0.93,-1,-1,-1
563,2,254.00,141.00,309.00,157.00,0.87,-1,-1,-1
563,6,368.00,152.00,550.00,341.00,0.45,-1,-1,-1
563,359,369.00,151.00,551.00,343.00,0.48,-1,-1,-1
564,1,762.00,321.00,450.00,395.00,0.93,-1,-1,-1
564,2,253.00,141.00,311.00,157.00,0.86,-1,-1,-1
564,6,368.00,152.00,550.00,341.00,0.45,-1,-1,-1
564,359,369.00,151.00,551.00,343.00,0.49,-1,-1,-1
