2,1,854.00,338.00,364.00,337.00,0.92,-1,-1,-1
2,2,399.00,251.00,279.00,133.00,0.90,-1,-1,-1
2,3,641.00,307.00,382.00,237.00,0.89,-1,-1,-1
3,1,854.00,338.00,364.00,337.00,0.92,-1,-1,-1
3,2,399.00,251.00,279.00,133.00,0.90,-1,-1,-1
3,3,641.00,307.00,383.00,237.00,0.89,-1,-1,-1
4,1,855.00,338.00,363.00,337.00,0.92,-1,-1,-1
4,2,400.00,251.00,277.00,133.00,0.90,-1,-1,-1
4,3,641.00,306.00,383.00,238.00,0.89,-1,-1,-1
5,1,854.00,338.00,364.00,337.00,0.92,-1,-1,-1
5,2,400.00,252.00,277.00,132.00,0.90,-1,-1,-1
5,3,640.00,306.00,384.00,238.00,0.89,-1,-1,-1
6,1,854.00,338.00,364.00,337.00,0.92,-1,-1,-1
6,2,400.00,252.00,277.00,132.00,0.91,-1,-1,-1
6,3,640.00,306.00,384.00,238.00,0.89,-1,-1,-1
7,1,854.00,338.00,364.00,337.00,0.92,-1,-1,-1
7,2,400.00,252.00,277.00,132.00,0.91,-1,-1,-1
7,3,640.00,306.00,384.00,238.00,0.89,-1,-1,-1
8,1,855.00,338.00,363.00,337.00,0.92,-1,-1,-1
8,2,400.00,252.00,277.00,132.00,0.91,-1,-1,-1
8,3,640.00,306.00,384.00,238.00,0.89,-1,-1,-1
9,1,855.00,338.00,363.00,337.00,0.92,-1,-1,-1
9,2,400.00,252.00,277.00,132.00,0.90,-1,-1,-1
9,3,640.00,306.00,384.00,238.00,0.89,-1,-1,-1
10,1,855.00,338.00,363.00,337.00,0.92,-1,-1,-1
10,2,400.00,252.00,277.00,131.00,0.90,-1,-1,-1
10,3,641.00,307.00,382.00,237.00,0.89,-1,-1,-1
11,1,854.00,338.00,364.00,337.00,0.92,-1,-1,-1
11,2,400.00,252.00,277.00,131.00,0.90,-1,-1,-1
11,3,641.00,307.00,382.00,237.00,0.89,-1,-1,-1
12,1,854.00,338.00,364.00,337.00,0.92,-1,-1,-1
12,2,399.00,251.00,278.00,132.00,0.90,-1,-1,-1
12,3,641.00,307.00,382.00,237.00,0.89,-1,-1,-1
13,1,854.00,338.00,364.00,337.00,0.92,-1,-1,-1
13,2,399.00,251.00,277.00,132.00,0.90,-1,-1,-1
13,3,641.00,307.00,382.00,237.00,0.89,-1,-1,-1
14,1,854.00,338.00,364.00,337.00,0.92,-1,-1,-1
14,2,399.00,251.00,278.00,132.00,0.90,-1,-1,-1
14,3,641.00,307.00,382.00,236.00,0.89,-1,-1,-1
15,1,854.00,338.00,364.00,337.00,0.92,-1,-1,-1
15,2,399.00,251.00,278.00,132.00,0.90,-1,-1,-1
15,3,641.00,307.00,382.00,236.00,0.89,-1,-1,-1
16,1,854.00,338.00,364.00,337.00,0.92,-1,-1,-1
16,2,399.00,251.00,278.00,132.00,0.90,-1,-1,-1
16,3,641.00,307.00,382.00,236.00,0.89,-1,-1,-1
17,1,855.00,338.00,363.00,337.00,0.92,-1,-1,-1
17,2,399.00,251.00,278.00,133.00,0.90,-1,-1,-1
17,3,641.00,307.00,382.00,237.00,0.89,-1,-1,-1
18,1,855.00,338.00,363.00,337.00,0.92,-1,-1,-1
18,2,399.00,251.00,278.00,133.00,0.90,-1,-1,-1
18,3,641.00,307.00,382.00,237.00,0.89,-1,-1,-1
19,1,855.00,338.00,363.00,337.00,0.92,-1,-1,-1
19,2,399.00,251.00,278.00,133.00,0.90,-1,-1,-1
19,3,642.00,307.00,381.00,237.00,0.89,-1,-1,-1
20,1,855.00,338.00,363.00,337.00,0.92,-1,-1,-1
20,2,399.00,251.00,278.00,133.00,0.90,-1,-1,-1
20,3,642.00,307.00,381.00,237.00,0.89,-1,-1,-1
21,1,855.00,338.00,363.00,337.00,0.92,-1,-1,-1
21,2,399.00,251.00,278.00,133.00,0.89,-1,-1,-1
21,3,642.00,307.00,381.00,237.00,0.88,-1,-1,-1
22,1,855.00,338.00,363.00,337.00,0.92,-1,-1,-1
22,2,400.00,251.00,277.00,132.00,0.90,-1,-1,-1
22,3,642.00,307.00,381.00,237.00,0.89,-1,-1,-1
23,1,855.00,338.00,363.00,337.00,0.92,-1,-1,-1
23,2,400.00,251.00,277.00,132.00,0.90,-1,-1,-1
23,3,642.00,307.00,381.00,237.00,0.88,-1,-1,-1
24,1,855.00,338.00,363.00,337.00,0.92,-1,-1,-1
24,2,400.00,251.00,277.00,132.00,0.90,-1,-1,-1
24,3,641.00,307.00,382.00,237.00,0.88,-1,-1,-1
25,1,855.00,338.00,363.00,338.00,0.92,-1,-1,-1
25,2,400.00,251.00,277.00,132.00,0.90,-1,-1,-1
25,3,641.00,306.00,383.00,238.00,0.88,-1,-1,-1
26,1,855.00,338.00,363.00,337.00,0.92,-1,-1,-1
26,2,400.00,252.00,277.00,131.00,0.90,-1,-1,-1
26,3,641.00,306.00,383.00,238.00,0.88,-1,-1,-1
27,1,855.00,338.00,363.00,338.00,0.92,-1,-1,-1
27,2,400.00,252.00,276.00,131.00,0.90,-1,-1,-1
27,3,641.00,306.00,383.00,238.00,0.88,-1,-1,-1
28,1,855.00,338.00,363.00,337.00,0.92,-1,-1,-1
28,2,400.00,252.00,276.00,131.00,0.90,-1,-1,-1
28,3,640.00,306.00,384.00,238.00,0.88,-1,-1,-1
29,1,855.00,338.00,363.00,337.00,0.92,-1,-1,-1
29,2,399.00,252.00,277.00,131.00,0.90,-1,-1,-1
29,3,640.00,305.00,384.00,239.00,0.88,-1,-1,-1
30,1,855.00,338.00,363.00,337.00,0.92,-1,-1,-1
30,2,399.00,252.00,277.00,131.00,0.90,-1,-1,-1
30,3,640.00,305.00,384.00,239.00,0.88,-1,-1,-1
31,1,855.00,338.00,363.00,337.00,0.92,-1,-1,-1
31,2,399.00,252.00,277.00,131.00,0.90,-1,-1,-1
31,3,640.00,305.00,384.00,239.00,0.87,-1,-1,-1
32,1,855.00,338.00,362.00,337.00,0.92,-1,-1,-1
32,2,399.00,252.00,276.00,131.00,0.90,-1,-1,-1
32,3,640.00,304.00,385.00,240.00,0.87,-1,-1,-1
33,1,855.00,339.00,362.00,336.00,0.92,-1,-1,-1
33,2,399.00,252.00,276.00,131.00,0.90,-1,-1,-1
33,3,641.00,305.00,383.00,239.00,0.87,-1,-1,-1
34,1,855.00,339.00,362.00,336.00,0.92,-1,-1,-1
34,2,400.00,252.00,275.00,130.00,0.90,-1,-1,-1
34,3,641.00,305.00,383.00,239.00,0.88,-1,-1,-1
35,1,855.00,339.00,362.00,336.00,0.92,-1,-1,-1
35,2,400.00,251.00,276.00,131.00,0.90,-1,-1,-1
35,3,641.00,305.00,382.00,239.00,0.88,-1,-1,-1
36,1,855.00,339.00,362.00,336.00,0.92,-1,-1,-1
36,2,400.00,251.00,276.00,131.00,0.91,-1,-1,-1
36,3,641.00,304.00,383.00,240.00,0.87,-1,-1,-1
37,1,855.00,339.00,362.00,336.00,0.92,-1,-1,-1
37,2,400.00,251.00,275.00,130.00,0.90,-1,-1,-1
37,3,641.00,305.00,383.00,239.00,0.88,-1,-1,-1
38,1,855.00,340.00,362.00,335.00,0.92,-1,-1,-1
38,2,400.00,251.00,274.00,130.00,0.90,-1,-1,-1
38,3,641.00,306.00,382.00,238.00,0.88,-1,-1,-1
39,1,855.00,339.00,362.00,336.00,0.92,-1,-1,-1
39,2,399.00,251.00,275.00,130.00,0.90,-1,-1,-1
39,3,642.00,306.00,381.00,238.00,0.88,-1,-1,-1
40,1,854.00,339.00,363.00,336.00,0.92,-1,-1,-1
40,2,400.00,251.00,274.00,129.00,0.90,-1,-1,-1
40,3,642.00,306.00,381.00,238.00,0.88,-1,-1,-1
41,1,854.00,339.00,364.00,336.00,0.92,-1,-1,-1
41,2,400.00,251.00,274.00,129.00,0.90,-1,-1,-1
41,3,642.00,306.00,381.00,238.00,0.89,-1,-1,-1
42,1,855.00,340.00,362.00,335.00,0.92,-1,-1,-1
42,2,400.00,252.00,274.00,128.00,0.90,-1,-1,-1
42,3,642.00,307.00,381.00,237.00,0.89,-1,-1,-1
43,1,855.00,339.00,363.00,336.00,0.92,-1,-1,-1
43,2,400.00,252.00,275.00,128.00,0.90,-1,-1,-1
43,3,642.00,307.00,381.00,237.00,0.89,-1,-1,-1
44,1,854.00,339.00,364.00,336.00,0.92,-1,-1,-1
44,2,401.00,252.00,273.00,128.00,0.90,-1,-1,-1
44,3,642.00,307.00,381.00,237.00,0.89,-1,-1,-1
45,1,854.00,339.00,364.00,336.00,0.92,-1,-1,-1
45,2,401.00,252.00,273.00,128.00,0.90,-1,-1,-1
45,3,642.00,307.00,381.00,237.00,0.89,-1,-1,-1
46,1,854.00,339.00,364.00,336.00,0.92,-1,-1,-1
46,2,401.00,252.00,273.00,128.00,0.90,-1,-1,-1
46,3,642.00,307.00,381.00,237.00,0.88,-1,-1,-1
47,1,854.00,339.00,364.00,336.00,0.92,-1,-1,-1
47,2,400.00,252.00,275.00,128.00,0.90,-1,-1,-1
47,3,642.00,306.00,381.00,238.00,0.88,-1,-1,-1
48,1,854.00,339.00,364.00,336.00,0.92,-1,-1,-1
48,2,399.00,252.00,277.00,129.00,0.90,-1,-1,-1
48,3,642.00,306.00,381.00,238.00,0.88,-1,-1,-1
49,1,854.00,339.00,364.00,336.00,0.92,-1,-1,-1
49,2,399.00,252.00,277.00,129.00,0.90,-1,-1,-1
49,3,642.00,306.00,381.00,238.00,0.88,-1,-1,-1
50,1,854.00,339.00,364.00,336.00,0.92,-1,-1,-1
50,2,399.00,252.00,277.00,129.00,0.90,-1,-1,-1
50,3,642.00,306.00,381.00,238.00,0.88,-1,-1,-1
51,1,854.00,338.00,364.00,337.00,0.92,-1,-1,-1
51,2,399.00,252.00,278.00,129.00,0.90,-1,-1,-1
51,3,642.00,306.00,381.00,239.00,0.88,-1,-1,-1
52,1,854.00,338.00,364.00,337.00,0.92,-1,-1,-1
52,2,399.00,252.00,278.00,130.00,0.90,-1,-1,-1
52,3,642.00,306.00,381.00,239.00,0.88,-1,-1,-1
53,1,854.00,338.00,364.00,337.00,0.92,-1,-1,-1
53,2,399.00,252.00,278.00,130.00,0.90,-1,-1,-1
53,3,642.00,306.00,381.00,239.00,0.88,-1,-1,-1
54,1,854.00,338.00,364.00,337.00,0.92,-1,-1,-1
54,2,399.00,252.00,278.00,130.00,0.90,-1,-1,-1
54,3,642.00,307.00,381.00,238.00,0.88,-1,-1,-1
55,1,854.00,338.00,364.00,337.00,0.92,-1,-1,-1
55,2,399.00,252.00,278.00,130.00,0.91,-1,-1,-1
55,3,642.00,307.00,381.00,238.00,0.88,-1,-1,-1
56,1,854.00,338.00,364.00,337.00,0.92,-1,-1,-1
56,2,399.00,253.00,278.00,130.00,0.90,-1,-1,-1
56,3,642.00,307.00,381.00,238.00,0.88,-1,-1,-1
57,1,854.00,338.00,364.00,337.00,0.92,-1,-1,-1
57,2,399.00,253.00,278.00,130.00,0.91,-1,-1,-1
57,3,642.00,307.00,381.00,238.00,0.88,-1,-1,-1
58,1,854.00,338.00,364.00,337.00,0.92,-1,-1,-1
58,2,399.00,253.00,278.00,130.00,0.91,-1,-1,-1
58,3,642.00,307.00,381.00,238.00,0.88,-1,-1,-1
59,1,854.00,338.00,364.00,337.00,0.92,-1,-1,-1
59,2,399.00,253.00,278.00,130.00,0.90,-1,-1,-1
59,3,642.00,307.00,381.00,238.00,0.88,-1,-1,-1
60,1,854.00,338.00,364.00,337.00,0.92,-1,-1,-1
60,2,398.00,253.00,279.00,130.00,0.90,-1,-1,-1
60,3,642.00,307.00,381.00,238.00,0.88,-1,-1,-1
61,1,854.00,338.00,364.00,337.00,0.92,-1,-1,-1
61,2,397.00,251.00,281.00,132.00,0.90,-1,-1,-1
61,3,642.00,307.00,381.00,238.00,0.88,-1,-1,-1
62,1,854.00,338.00,364.00,336.00,0.92,-1,-1,-1
62,2,397.00,250.00,281.00,133.00,0.89,-1,-1,-1
62,3,640.00,305.00,384.00,240.00,0.87,-1,-1,-1
63,1,855.00,338.00,363.00,336.00,0.92,-1,-1,-1
63,2,397.00,250.00,281.00,132.00,0.90,-1,-1,-1
63,3,639.00,304.00,385.00,242.00,0.87,-1,-1,-1
64,1,855.00,338.00,363.00,336.00,0.92,-1,-1,-1
64,2,397.00,249.00,282.00,134.00,0.91,-1,-1,-1
64,3,639.00,304.00,385.00,242.00,0.87,-1,-1,-1
65,1,854.00,338.00,364.00,336.00,0.92,-1,-1,-1
65,2,397.00,250.00,281.00,133.00,0.90,-1,-1,-1
65,3,640.00,305.00,383.00,241.00,0.87,-1,-1,-1
66,1,854.00,338.00,364.00,336.00,0.92,-1,-1,-1
66,2,397.00,250.00,281.00,133.00,0.91,-1,-1,-1
66,3,641.00,306.00,382.00,240.00,0.88,-1,-1,-1
67,1,855.00,339.00,363.00,335.00,0.92,-1,-1,-1
67,2,397.00,250.00,281.00,133.00,0.90,-1,-1,-1
67,3,641.00,306.00,382.00,240.00,0.88,-1,-1,-1
68,1,855.00,339.00,363.00,335.00,0.92,-1,-1,-1
68,2,397.00,250.00,281.00,133.00,0.91,-1,-1,-1
68,3,642.00,306.00,381.00,240.00,0.88,-1,-1,-1
69,1,855.00,339.00,363.00,335.00,0.92,-1,-1,-1
69,2,397.00,250.00,282.00,134.00,0.91,-1,-1,-1
69,3,642.00,306.00,381.00,240.00,0.88,-1,-1,-1
70,1,855.00,339.00,363.00,335.00,0.92,-1,-1,-1
70,2,397.00,250.00,281.00,134.00,0.91,-1,-1,-1
70,3,642.00,306.00,381.00,239.00,0.88,-1,-1,-1
71,1,855.00,339.00,362.00,335.00,0.92,-1,-1,-1
71,2,398.00,251.00,279.00,132.00,0.90,-1,-1,-1
71,3,642.00,306.00,381.00,239.00,0.88,-1,-1,-1
72,1,855.00,339.00,362.00,335.00,0.92,-1,-1,-1
72,2,398.00,251.00,279.00,132.00,0.90,-1,-1,-1
72,3,642.00,306.00,381.00,240.00,0.88,-1,-1,-1
73,1,855.00,339.00,363.00,335.00,0.92,-1,-1,-1
73,2,398.00,251.00,279.00,132.00,0.91,-1,-1,-1
73,3,641.00,306.00,382.00,240.00,0.88,-1,-1,-1
74,1,855.00,339.00,363.00,335.00,0.92,-1,-1,-1
74,2,398.00,251.00,279.00,132.00,0.91,-1,-1,-1
74,3,641.00,306.00,382.00,240.00,0.88,-1,-1,-1
75,1,855.00,339.00,363.00,335.00,0.92,-1,-1,-1
75,2,398.00,251.00,279.00,132.00,0.91,-1,-1,-1
75,3,641.00,306.00,382.00,240.00,0.88,-1,-1,-1
76,1,855.00,339.00,363.00,335.00,0.92,-1,-1,-1
76,2,398.00,251.00,279.00,132.00,0.91,-1,-1,-1
76,3,642.00,306.00,381.00,240.00,0.88,-1,-1,-1
77,1,855.00,339.00,363.00,335.00,0.92,-1,-1,-1
77,2,398.00,251.00,279.00,132.00,0.91,-1,-1,-1
77,3,641.00,306.00,382.00,240.00,0.88,-1,-1,-1
78,1,854.00,338.00,364.00,336.00,0.92,-1,-1,-1
78,2,398.00,251.00,279.00,132.00,0.91,-1,-1,-1
78,3,642.00,306.00,381.00,240.00,0.88,-1,-1,-1
79,1,854.00,338.00,364.00,336.00,0.92,-1,-1,-1
79,2,398.00,251.00,278.00,132.00,0.91,-1,-1,-1
79,3,641.00,306.00,382.00,240.00,0.88,-1,-1,-1
80,1,854.00,338.00,364.00,336.00,0.92,-1,-1,-1
80,2,398.00,251.00,278.00,132.00,0.91,-1,-1,-1
80,3,641.00,306.00,382.00,240.00,0.88,-1,-1,-1
81,1,854.00,338.00,364.00,336.00,0.92,-1,-1,-1
81,2,398.00,251.00,279.00,132.00,0.91,-1,-1,-1
81,3,641.00,306.00,382.00,240.00,0.88,-1,-1,-1
82,1,854.00,338.00,364.00,336.00,0.92,-1,-1,-1
82,2,398.00,251.00,279.00,132.00,0.91,-1,-1,-1
82,3,641.00,306.00,382.00,240.00,0.88,-1,-1,-1
83,1,854.00,338.00,364.00,336.00,0.92,-1,-1,-1
83,2,398.00,251.00,278.00,132.00,0.91,-1,-1,-1
83,3,641.00,306.00,382.00,240.00,0.88,-1,-1,-1
84,1,854.00,338.00,364.00,336.00,0.92,-1,-1,-1
84,2,399.00,251.00,277.00,132.00,0.91,-1,-1,-1
84,3,641.00,306.00,382.00,240.00,0.88,-1,-1,-1
85,1,854.00,338.00,364.00,336.00,0.92,-1,-1,-1
85,2,398.00,251.00,278.00,132.00,0.91,-1,-1,-1
85,3,641.00,306.00,382.00,240.00,0.88,-1,-1,-1
86,1,854.00,338.00,364.00,336.00,0.92,-1,-1,-1
86,2,398.00,251.00,279.00,132.00,0.91,-1,-1,-1
86,3,641.00,306.00,382.00,240.00,0.88,-1,-1,-1
87,1,855.00,339.00,363.00,335.00,0.92,-1,-1,-1
87,2,399.00,251.00,278.00,132.00,0.91,-1,-1,-1
87,3,641.00,306.00,382.00,240.00,0.88,-1,-1,-1
88,1,854.00,338.00,364.00,336.00,0.92,-1,-1,-1
88,2,399.00,251.00,277.00,132.00,0.91,-1,-1,-1
88,3,641.00,306.00,382.00,240.00,0.87,-1,-1,-1
89,1,855.00,339.00,363.00,335.00,0.92,-1,-1,-1
89,2,399.00,251.00,277.00,132.00,0.91,-1,-1,-1
89,3,641.00,306.00,382.00,240.00,0.87,-1,-1,-1
90,1,854.00,338.00,364.00,336.00,0.92,-1,-1,-1
90,2,398.00,251.00,279.00,132.00,0.91,-1,-1,-1
90,3,642.00,306.00,381.00,239.00,0.86,-1,-1,-1
91,1,854.00,338.00,364.00,336.00,0.92,-1,-1,-1
91,2,399.00,251.00,277.00,132.00,0.91,-1,-1,-1
91,3,640.00,304.00,383.00,241.00,0.86,-1,-1,-1
92,1,854.00,338.00,365.00,337.00,0.92,-1,-1,-1
92,2,400.00,252.00,275.00,131.00,0.90,-1,-1,-1
92,3,641.00,306.00,380.00,239.00,0.87,-1,-1,-1
93,1,853.00,337.00,366.00,338.00,0.92,-1,-1,-1
93,2,400.00,252.00,275.00,131.00,0.90,-1,-1,-1
93,3,641.00,306.00,380.00,239.00,0.87,-1,-1,-1
94,1,853.00,337.00,366.00,338.00,0.92,-1,-1,-1
94,2,400.00,252.00,275.00,131.00,0.90,-1,-1,-1
94,3,642.00,307.00,379.00,238.00,0.88,-1,-1,-1
95,1,853.00,337.00,366.00,339.00,0.92,-1,-1,-1
95,2,400.00,252.00,275.00,131.00,0.90,-1,-1,-1
95,3,642.00,307.00,379.00,238.00,0.88,-1,-1,-1
96,1,853.00,337.00,366.00,339.00,0.92,-1,-1,-1
96,2,400.00,253.00,275.00,130.00,0.90,-1,-1,-1
96,3,642.00,308.00,379.00,237.00,0.88,-1,-1,-1
97,1,854.00,338.00,364.00,337.00,0.93,-1,-1,-1
97,2,400.00,253.00,275.00,130.00,0.90,-1,-1,-1
97,3,642.00,308.00,379.00,237.00,0.88,-1,-1,-1
98,1,854.00,338.00,364.00,337.00,0.92,-1,-1,-1
98,2,400.00,253.00,275.00,130.00,0.90,-1,-1,-1
98,3,641.00,307.00,380.00,238.00,0.88,-1,-1,-1
99,1,854.00,338.00,364.00,337.00,0.92,-1,-1,-1
99,2,399.00,252.00,276.00,131.00,0.90,-1,-1,-1
99,3,641.00,307.00,380.00,238.00,0.88,-1,-1,-1
100,1,854.00,337.00,364.00,338.00,0.92,-1,-1,-1
100,2,399.00,252.00,276.00,131.00,0.90,-1,-1,-1
100,3,641.00,307.00,380.00,238.00,0.88,-1,-1,-1
101,1,854.00,338.00,364.00,337.00,0.92,-1,-1,-1
101,2,399.00,252.00,277.00,131.00,0.90,-1,-1,-1
101,3,641.00,307.00,380.00,238.00,0.88,-1,-1,-1
102,1,854.00,338.00,364.00,337.00,0.92,-1,-1,-1
102,2,399.00,252.00,277.00,131.00,0.90,-1,-1,-1
102,3,641.00,307.00,380.00,238.00,0.88,-1,-1,-1
103,1,854.00,338.00,364.00,337.00,0.92,-1,-1,-1
103,2,399.00,252.00,277.00,131.00,0.90,-1,-1,-1
103,3,641.00,307.00,380.00,238.00,0.88,-1,-1,-1
104,1,854.00,337.00,364.00,338.00,0.92,-1,-1,-1
104,2,399.00,252.00,277.00,131.00,0.90,-1,-1,-1
104,3,641.00,307.00,380.00,238.00,0.88,-1,-1,-1
105,1,854.00,337.00,364.00,338.00,0.92,-1,-1,-1
105,2,399.00,252.00,277.00,131.00,0.90,-1,-1,-1
105,3,641.00,307.00,380.00,238.00,0.88,-1,-1,-1
106,1,855.00,339.00,363.00,336.00,0.92,-1,-1,-1
106,2,399.00,252.00,277.00,131.00,0.90,-1,-1,-1
106,3,640.00,307.00,381.00,238.00,0.88,-1,-1,-1
107,1,854.00,338.00,364.00,337.00,0.92,-1,-1,-1
107,2,399.00,252.00,277.00,131.00,0.90,-1,-1,-1
107,3,640.00,307.00,381.00,238.00,0.88,-1,-1,-1
108,1,854.00,338.00,364.00,337.00,0.92,-1,-1,-1
108,2,399.00,252.00,277.00,131.00,0.90,-1,-1,-1
108,3,641.00,307.00,380.00,238.00,0.88,-1,-1,-1
109,1,854.00,337.00,364.00,338.00,0.92,-1,-1,-1
109,2,399.00,252.00,277.00,131.00,0.90,-1,-1,-1
109,3,640.00,307.00,381.00,238.00,0.88,-1,-1,-1
110,1,854.00,339.00,364.00,336.00,0.92,-1,-1,-1
110,2,399.00,252.00,277.00,131.00,0.90,-1,-1,-1
110,3,640.00,307.00,381.00,238.00,0.88,-1,-1,-1
111,1,854.00,338.00,364.00,337.00,0.92,-1,-1,-1
111,2,399.00,252.00,277.00,131.00,0.90,-1,-1,-1
111,3,641.00,307.00,380.00,238.00,0.88,-1,-1,-1
112,1,854.00,338.00,364.00,337.00,0.92,-1,-1,-1
112,2,399.00,252.00,277.00,131.00,0.90,-1,-1,-1
112,3,641.00,307.00,380.00,238.00,0.88,-1,-1,-1
113,1,854.00,338.00,364.00,337.00,0.92,-1,-1,-1
113,2,399.00,252.00,277.00,131.00,0.90,-1,-1,-1
113,3,641.00,307.00,380.00,238.00,0.88,-1,-1,-1
114,1,854.00,337.00,364.00,338.00,0.92,-1,-1,-1
114,2,398.00,252.00,278.00,131.00,0.90,-1,-1,-1
114,3,641.00,307.00,380.00,238.00,0.88,-1,-1,-1
115,1,854.00,337.00,364.00,338.00,0.92,-1,-1,-1
115,2,398.00,252.00,278.00,131.00,0.90,-1,-1,-1
115,3,640.00,307.00,381.00,238.00,0.88,-1,-1,-1
116,1,854.00,337.00,364.00,338.00,0.92,-1,-1,-1
116,2,398.00,252.00,278.00,131.00,0.90,-1,-1,-1
116,3,640.00,307.00,381.00,238.00,0.88,-1,-1,-1
117,1,854.00,338.00,363.00,337.00,0.92,-1,-1,-1
117,2,398.00,252.00,278.00,131.00,0.90,-1,-1,-1
117,3,640.00,307.00,381.00,238.00,0.87,-1,-1,-1
118,1,854.00,338.00,364.00,337.00,0.92,-1,-1,-1
118,2,398.00,252.00,278.00,131.00,0.90,-1,-1,-1
118,3,640.00,306.00,381.00,239.00,0.87,-1,-1,-1
119,1,854.00,338.00,363.00,337.00,0.92,-1,-1,-1
119,2,398.00,252.00,278.00,131.00,0.90,-1,-1,-1
119,3,640.00,306.00,381.00,239.00,0.87,-1,-1,-1
120,1,855.00,339.00,362.00,336.00,0.92,-1,-1,-1
120,2,398.00,252.00,278.00,131.00,0.90,-1,-1,-1
120,3,640.00,306.00,381.00,239.00,0.87,-1,-1,-1
121,1,854.00,338.00,364.00,337.00,0.92,-1,-1,-1
121,2,398.00,252.00,278.00,131.00,0.90,-1,-1,-1
121,3,640.00,307.00,381.00,238.00,0.88,-1,-1,-1
122,1,855.00,338.00,363.00,337.00,0.92,-1,-1,-1
122,2,398.00,252.00,279.00,131.00,0.91,-1,-1,-1
122,3,641.00,307.00,381.00,238.00,0.88,-1,-1,-1
123,1,855.00,338.00,363.00,337.00,0.93,-1,-1,-1
123,2,397.00,252.00,280.00,131.00,0.91,-1,-1,-1
123,3,641.00,307.00,382.00,239.00,0.88,-1,-1,-1
124,1,855.00,338.00,363.00,337.00,0.92,-1,-1,-1
124,2,397.00,251.00,280.00,132.00,0.91,-1,-1,-1
124,3,641.00,307.00,382.00,239.00,0.88,-1,-1,-1
125,1,855.00,338.00,363.00,338.00,0.92,-1,-1,-1
125,2,397.00,251.00,280.00,132.00,0.91,-1,-1,-1
125,3,641.00,307.00,382.00,239.00,0.88,-1,-1,-1
126,1,855.00,338.00,363.00,338.00,0.92,-1,-1,-1
126,2,397.00,251.00,280.00,132.00,0.91,-1,-1,-1
126,3,641.00,307.00,382.00,239.00,0.88,-1,-1,-1
127,1,855.00,338.00,363.00,338.00,0.92,-1,-1,-1
127,2,397.00,251.00,280.00,132.00,0.91,-1,-1,-1
127,3,641.00,307.00,382.00,239.00,0.88,-1,-1,-1
128,1,855.00,338.00,363.00,338.00,0.92,-1,-1,-1
128,2,397.00,251.00,279.00,132.00,0.91,-1,-1,-1
128,3,641.00,307.00,382.00,239.00,0.88,-1,-1,-1
129,1,855.00,338.00,363.00,338.00,0.92,-1,-1,-1
129,2,397.00,251.00,279.00,132.00,0.91,-1,-1,-1
129,3,641.00,307.00,382.00,239.00,0.88,-1,-1,-1
130,1,855.00,339.00,363.00,337.00,0.92,-1,-1,-1
130,2,397.00,251.00,279.00,132.00,0.91,-1,-1,-1
130,3,641.00,307.00,382.00,239.00,0.88,-1,-1,-1
131,1,855.00,338.00,363.00,338.00,0.92,-1,-1,-1
131,2,397.00,251.00,279.00,132.00,0.91,-1,-1,-1
131,3,641.00,307.00,382.00,239.00,0.88,-1,-1,-1
132,1,854.00,338.00,364.00,338.00,0.92,-1,-1,-1
132,2,397.00,251.00,279.00,132.00,0.91,-1,-1,-1
132,3,641.00,307.00,382.00,239.00,0.88,-1,-1,-1
133,1,854.00,338.00,364.00,338.00,0.92,-1,-1,-1
133,2,398.00,252.00,278.00,131.00,0.91,-1,-1,-1
133,3,641.00,307.00,382.00,239.00,0.88,-1,-1,-1
134,1,854.00,338.00,365.00,338.00,0.92,-1,-1,-1
134,2,398.00,251.00,278.00,132.00,0.91,-1,-1,-1
134,3,640.00,306.00,383.00,240.00,0.87,-1,-1,-1
135,1,854.00,338.00,365.00,338.00,0.92,-1,-1,-1
135,2,398.00,251.00,278.00,132.00,0.91,-1,-1,-1
135,3,639.00,305.00,384.00,241.00,0.87,-1,-1,-1
136,1,854.00,338.00,364.00,338.00,0.92,-1,-1,-1
136,2,398.00,251.00,278.00,132.00,0.91,-1,-1,-1
136,3,640.00,306.00,383.00,240.00,0.88,-1,-1,-1
137,1,854.00,338.00,364.00,338.00,0.92,-1,-1,-1
137,2,398.00,251.00,278.00,132.00,0.91,-1,-1,-1
137,3,641.00,307.00,382.00,239.00,0.88,-1,-1,-1
138,1,855.00,338.00,363.00,337.00,0.92,-1,-1,-1
138,2,398.00,251.00,278.00,132.00,0.91,-1,-1,-1
138,3,641.00,307.00,382.00,239.00,0.88,-1,-1,-1
139,1,855.00,338.00,363.00,337.00,0.92,-1,-1,-1
139,2,398.00,252.00,278.00,131.00,0.91,-1,-1,-1
139,3,641.00,307.00,382.00,239.00,0.88,-1,-1,-1
140,1,855.00,338.00,363.00,337.00,0.93,-1,-1,-1
140,2,398.00,252.00,278.00,131.00,0.91,-1,-1,-1
140,3,639.00,305.00,384.00,241.00,0.86,-1,-1,-1
141,1,855.00,338.00,363.00,337.00,0.93,-1,-1,-1
141,2,398.00,252.00,278.00,131.00,0.91,-1,-1,-1
141,3,639.00,305.00,384.00,241.00,0.86,-1,-1,-1
142,1,855.00,338.00,363.00,337.00,0.93,-1,-1,-1
142,2,398.00,252.00,278.00,131.00,0.91,-1,-1,-1
142,3,639.00,305.00,384.00,241.00,0.86,-1,-1,-1
143,1,855.00,338.00,363.00,337.00,0.93,-1,-1,-1
143,2,398.00,252.00,278.00,131.00,0.91,-1,-1,-1
143,3,639.00,305.00,384.00,241.00,0.86,-1,-1,-1
144,1,855.00,338.00,363.00,337.00,0.92,-1,-1,-1
144,2,398.00,251.00,278.00,132.00,0.91,-1,-1,-1
144,3,639.00,305.00,384.00,241.00,0.86,-1,-1,-1
145,1,855.00,338.00,363.00,337.00,0.92,-1,-1,-1
145,2,398.00,251.00,278.00,132.00,0.91,-1,-1,-1
145,3,639.00,305.00,383.00,241.00,0.86,-1,-1,-1
146,1,855.00,338.00,363.00,337.00,0.92,-1,-1,-1
146,2,398.00,251.00,278.00,132.00,0.91,-1,-1,-1
146,3,639.00,305.00,383.00,241.00,0.86,-1,-1,-1
147,1,855.00,338.00,363.00,337.00,0.92,-1,-1,-1
147,2,398.00,251.00,278.00,132.00,0.91,-1,-1,-1
147,3,639.00,305.00,383.00,241.00,0.86,-1,-1,-1
148,1,855.00,338.00,363.00,337.00,0.92,-1,-1,-1
148,2,398.00,251.00,278.00,132.00,0.91,-1,-1,-1
148,3,640.00,305.00,382.00,241.00,0.86,-1,-1,-1
149,1,855.00,338.00,363.00,337.00,0.92,-1,-1,-1
149,2,398.00,251.00,278.00,132.00,0.91,-1,-1,-1
149,3,640.00,305.00,382.00,241.00,0.87,-1,-1,-1
150,1,855.00,338.00,363.00,337.00,0.92,-1,-1,-1
150,2,398.00,252.00,278.00,131.00,0.91,-1,-1,-1
150,3,641.00,306.00,381.00,240.00,0.88,-1,-1,-1
151,1,855.00,338.00,363.00,337.00,0.92,-1,-1,-1
151,2,398.00,252.00,278.00,131.00,0.91,-1,-1,-1
151,3,642.00,307.00,380.00,239.00,0.88,-1,-1,-1
152,1,855.00,338.00,363.00,337.00,0.92,-1,-1,-1
152,2,399.00,252.00,276.00,131.00,0.91,-1,-1,-1
152,3,642.00,307.00,379.00,238.00,0.87,-1,-1,-1
153,1,855.00,338.00,363.00,336.00,0.92,-1,-1,-1
153,2,399.00,252.00,276.00,131.00,0.91,-1,-1,-1
153,3,642.00,307.00,379.00,238.00,0.87,-1,-1,-1
154,1,855.00,338.00,363.00,336.00,0.92,-1,-1,-1
154,2,399.00,252.00,277.00,131.00,0.91,-1,-1,-1
154,3,642.00,307.00,379.00,238.00,0.88,-1,-1,-1
155,1,855.00,338.00,363.00,336.00,0.92,-1,-1,-1
155,2,399.00,252.00,277.00,131.00,0.91,-1,-1,-1
155,3,642.00,308.00,379.00,237.00,0.88,-1,-1,-1
156,1,855.00,338.00,363.00,336.00,0.92,-1,-1,-1
156,2,398.00,252.00,278.00,131.00,0.91,-1,-1,-1
156,3,642.00,308.00,380.00,237.00,0.88,-1,-1,-1
157,1,855.00,339.00,363.00,335.00,0.92,-1,-1,-1
157,2,398.00,252.00,278.00,131.00,0.91,-1,-1,-1
157,3,642.00,308.00,380.00,237.00,0.88,-1,-1,-1
158,1,855.00,339.00,363.00,335.00,0.92,-1,-1,-1
158,2,398.00,252.00,278.00,131.00,0.91,-1,-1,-1
158,3,642.00,308.00,380.00,237.00,0.87,-1,-1,-1
159,1,855.00,339.00,363.00,335.00,0.92,-1,-1,-1
159,2,398.00,252.00,278.00,131.00,0.91,-1,-1,-1
159,3,642.00,308.00,380.00,237.00,0.87,-1,-1,-1
160,1,855.00,338.00,363.00,336.00,0.92,-1,-1,-1
160,2,398.00,252.00,278.00,131.00,0.91,-1,-1,-1
160,3,640.00,306.00,382.00,239.00,0.87,-1,-1,-1
161,1,855.00,338.00,363.00,336.00,0.92,-1,-1,-1
161,2,398.00,252.00,278.00,131.00,0.91,-1,-1,-1
161,3,640.00,306.00,382.00,239.00,0.87,-1,-1,-1
162,1,855.00,338.00,363.00,336.00,0.92,-1,-1,-1
162,2,398.00,252.00,278.00,131.00,0.91,-1,-1,-1
162,3,641.00,307.00,381.00,238.00,0.87,-1,-1,-1
163,1,855.00,338.00,363.00,336.00,0.92,-1,-1,-1
163,2,398.00,252.00,278.00,131.00,0.91,-1,-1,-1
163,3,642.00,307.00,380.00,238.00,0.87,-1,-1,-1
164,1,855.00,338.00,363.00,336.00,0.92,-1,-1,-1
164,2,398.00,252.00,278.00,131.00,0.92,-1,-1,-1
164,3,642.00,307.00,380.00,238.00,0.87,-1,-1,-1
165,1,855.00,338.00,363.00,336.00,0.92,-1,-1,-1
165,2,398.00,252.00,278.00,131.00,0.91,-1,-1,-1
165,3,642.00,307.00,380.00,238.00,0.87,-1,-1,-1
166,1,855.00,338.00,363.00,336.00,0.92,-1,-1,-1
166,2,398.00,252.00,278.00,131.00,0.91,-1,-1,-1
166,3,642.00,308.00,380.00,237.00,0.88,-1,-1,-1
167,1,855.00,340.00,363.00,334.00,0.93,-1,-1,-1
167,2,398.00,252.00,278.00,131.00,0.91,-1,-1,-1
167,3,642.00,308.00,380.00,237.00,0.87,-1,-1,-1
168,1,856.00,340.00,361.00,334.00,0.93,-1,-1,-1
168,2,398.00,252.00,278.00,131.00,0.91,-1,-1,-1
168,3,640.00,306.00,383.00,239.00,0.87,-1,-1,-1
169,1,855.00,339.00,363.00,335.00,0.92,-1,-1,-1
169,2,398.00,252.00,278.00,131.00,0.91,-1,-1,-1
169,3,641.00,307.00,381.00,238.00,0.88,-1,-1,-1
170,1,855.00,339.00,363.00,335.00,0.92,-1,-1,-1
170,2,398.00,252.00,278.00,131.00,0.92,-1,-1,-1
170,3,641.00,307.00,382.00,238.00,0.87,-1,-1,-1
171,1,855.00,338.00,363.00,336.00,0.92,-1,-1,-1
171,2,398.00,252.00,278.00,131.00,0.91,-1,-1,-1
171,3,641.00,307.00,382.00,238.00,0.87,-1,-1,-1
172,1,855.00,338.00,363.00,336.00,0.92,-1,-1,-1
172,2,398.00,252.00,278.00,131.00,0.91,-1,-1,-1
172,3,641.00,307.00,382.00,238.00,0.88,-1,-1,-1
173,1,855.00,338.00,363.00,336.00,0.92,-1,-1,-1
173,2,398.00,252.00,278.00,131.00,0.91,-1,-1,-1
173,3,641.00,307.00,382.00,238.00,0.87,-1,-1,-1
174,1,855.00,338.00,363.00,336.00,0.92,-1,-1,-1
174,2,398.00,252.00,278.00,131.00,0.91,-1,-1,-1
174,3,640.00,306.00,383.00,240.00,0.87,-1,-1,-1
175,1,855.00,338.00,363.00,336.00,0.92,-1,-1,-1
175,2,399.00,252.00,277.00,131.00,0.91,-1,-1,-1
175,3,641.00,307.00,382.00,238.00,0.87,-1,-1,-1
176,1,855.00,338.00,363.00,336.00,0.92,-1,-1,-1
176,2,399.00,252.00,277.00,131.00,0.91,-1,-1,-1
176,3,641.00,307.00,382.00,238.00,0.87,-1,-1,-1
177,1,855.00,338.00,363.00,336.00,0.92,-1,-1,-1
177,2,399.00,252.00,277.00,131.00,0.91,-1,-1,-1
177,3,641.00,307.00,382.00,238.00,0.87,-1,-1,-1
178,1,855.00,338.00,363.00,336.00,0.92,-1,-1,-1
178,2,399.00,252.00,277.00,131.00,0.91,-1,-1,-1
178,3,641.00,307.00,382.00,238.00,0.87,-1,-1,-1
179,1,855.00,338.00,363.00,336.00,0.92,-1,-1,-1
179,2,399.00,252.00,277.00,131.00,0.91,-1,-1,-1
179,3,641.00,306.00,382.00,239.00,0.86,-1,-1,-1
180,1,855.00,338.00,363.00,336.00,0.92,-1,-1,-1
180,2,399.00,252.00,277.00,131.00,0.91,-1,-1,-1
180,3,641.00,306.00,382.00,239.00,0.86,-1,-1,-1
181,1,855.00,338.00,363.00,336.00,0.92,-1,-1,-1
181,2,399.00,252.00,277.00,131.00,0.91,-1,-1,-1
181,3,641.00,307.00,382.00,238.00,0.86,-1,-1,-1
182,1,854.00,338.00,364.00,337.00,0.92,-1,-1,-1
182,2,398.00,252.00,278.00,131.00,0.91,-1,-1,-1
182,3,641.00,306.00,382.00,238.00,0.86,-1,-1,-1
183,1,854.00,338.00,364.00,337.00,0.92,-1,-1,-1
183,2,398.00,252.00,279.00,131.00,0.91,-1,-1,-1
183,3,640.00,305.00,384.00,239.00,0.85,-1,-1,-1
184,1,854.00,338.00,364.00,337.00,0.92,-1,-1,-1
184,2,398.00,252.00,279.00,131.00,0.91,-1,-1,-1
184,3,641.00,305.00,382.00,239.00,0.85,-1,-1,-1
185,1,854.00,338.00,364.00,337.00,0.92,-1,-1,-1
185,2,398.00,252.00,279.00,131.00,0.91,-1,-1,-1
185,3,641.00,305.00,382.00,239.00,0.86,-1,-1,-1
186,1,854.00,338.00,364.00,337.00,0.92,-1,-1,-1
186,2,398.00,252.00,279.00,131.00,0.91,-1,-1,-1
186,3,642.00,306.00,381.00,238.00,0.86,-1,-1,-1
187,1,854.00,338.00,364.00,337.00,0.92,-1,-1,-1
187,2,398.00,252.00,279.00,131.00,0.91,-1,-1,-1
187,3,641.00,305.00,382.00,239.00,0.85,-1,-1,-1
188,1,854.00,338.00,364.00,337.00,0.92,-1,-1,-1
188,2,399.00,252.00,278.00,131.00,0.91,-1,-1,-1
188,3,640.00,304.00,384.00,240.00,0.86,-1,-1,-1
189,1,854.00,338.00,364.00,337.00,0.92,-1,-1,-1
189,2,399.00,252.00,278.00,131.00,0.91,-1,-1,-1
189,3,640.00,304.00,384.00,240.00,0.86,-1,-1,-1
190,1,854.00,338.00,364.00,337.00,0.92,-1,-1,-1
190,2,398.00,252.00,279.00,131.00,0.91,-1,-1,-1
190,3,640.00,304.00,384.00,240.00,0.86,-1,-1,-1
191,1,854.00,338.00,364.00,337.00,0.92,-1,-1,-1
191,2,398.00,252.00,279.00,131.00,0.91,-1,-1,-1
191,3,640.00,304.00,384.00,240.00,0.86,-1,-1,-1
192,1,854.00,338.00,364.00,337.00,0.92,-1,-1,-1
192,2,399.00,252.00,277.00,131.00,0.91,-1,-1,-1
192,3,640.00,304.00,384.00,240.00,0.86,-1,-1,-1
193,1,854.00,338.00,364.00,337.00,0.92,-1,-1,-1
193,2,399.00,252.00,277.00,131.00,0.91,-1,-1,-1
193,3,640.00,304.00,384.00,241.00,0.86,-1,-1,-1
194,1,854.00,338.00,364.00,337.00,0.92,-1,-1,-1
194,2,398.00,251.00,279.00,132.00,0.91,-1,-1,-1
194,3,641.00,305.00,382.00,240.00,0.86,-1,-1,-1
195,1,854.00,338.00,364.00,337.00,0.92,-1,-1,-1
195,2,398.00,251.00,279.00,132.00,0.91,-1,-1,-1
195,3,642.00,305.00,380.00,240.00,0.87,-1,-1,-1
196,1,854.00,338.00,364.00,337.00,0.92,-1,-1,-1
196,2,398.00,251.00,279.00,132.00,0.91,-1,-1,-1
196,3,642.00,305.00,380.00,240.00,0.87,-1,-1,-1
197,1,854.00,338.00,364.00,337.00,0.92,-1,-1,-1
197,2,398.00,251.00,279.00,132.00,0.91,-1,-1,-1
197,3,642.00,306.00,380.00,239.00,0.87,-1,-1,-1
198,1,854.00,338.00,364.00,337.00,0.92,-1,-1,-1
198,2,398.00,251.00,279.00,132.00,0.91,-1,-1,-1
198,3,642.00,306.00,380.00,239.00,0.86,-1,-1,-1
199,1,854.00,338.00,364.00,337.00,0.92,-1,-1,-1
199,2,398.00,251.00,279.00,132.00,0.91,-1,-1,-1
199,3,642.00,306.00,380.00,239.00,0.87,-1,-1,-1
200,1,854.00,338.00,364.00,337.00,0.92,-1,-1,-1
200,2,398.00,251.00,279.00,132.00,0.91,-1,-1,-1
200,3,642.00,306.00,380.00,238.00,0.87,-1,-1,-1
201,1,854.00,338.00,364.00,337.00,0.92,-1,-1,-1
201,2,399.00,251.00,278.00,132.00,0.91,-1,-1,-1
201,3,642.00,306.00,380.00,239.00,0.87,-1,-1,-1
202,1,854.00,338.00,364.00,337.00,0.92,-1,-1,-1
202,2,399.00,251.00,278.00,132.00,0.91,-1,-1,-1
202,3,642.00,306.00,380.00,239.00,0.87,-1,-1,-1
203,1,854.00,338.00,364.00,337.00,0.92,-1,-1,-1
203,2,399.00,251.00,278.00,132.00,0.91,-1,-1,-1
203,3,642.00,306.00,380.00,238.00,0.87,-1,-1,-1
204,1,854.00,338.00,364.00,337.00,0.92,-1,-1,-1
204,2,399.00,251.00,278.00,132.00,0.91,-1,-1,-1
204,3,642.00,306.00,380.00,238.00,0.87,-1,-1,-1
205,1,854.00,338.00,364.00,337.00,0.92,-1,-1,-1
205,2,399.00,251.00,278.00,132.00,0.91,-1,-1,-1
205,3,642.00,306.00,380.00,238.00,0.87,-1,-1,-1
206,1,854.00,338.00,364.00,337.00,0.92,-1,-1,-1
206,2,399.00,251.00,278.00,132.00,0.91,-1,-1,-1
206,3,641.00,306.00,381.00,239.00,0.86,-1,-1,-1
207,1,854.00,338.00,364.00,337.00,0.92,-1,-1,-1
207,2,399.00,251.00,277.00,132.00,0.91,-1,-1,-1
207,3,641.00,306.00,381.00,239.00,0.86,-1,-1,-1
208,1,854.00,338.00,364.00,337.00,0.92,-1,-1,-1
208,2,399.00,251.00,277.00,132.00,0.91,-1,-1,-1
208,3,641.00,306.00,381.00,239.00,0.86,-1,-1,-1
209,1,854.00,338.00,364.00,337.00,0.92,-1,-1,-1
209,2,399.00,251.00,277.00,132.00,0.91,-1,-1,-1
209,3,641.00,306.00,381.00,239.00,0.86,-1,-1,-1
210,1,854.00,338.00,364.00,337.00,0.92,-1,-1,-1
210,2,399.00,252.00,277.00,131.00,0.90,-1,-1,-1
210,3,641.00,307.00,381.00,238.00,0.86,-1,-1,-1
211,1,854.00,338.00,364.00,337.00,0.92,-1,-1,-1
211,2,399.00,252.00,277.00,131.00,0.91,-1,-1,-1
211,3,641.00,307.00,381.00,238.00,0.86,-1,-1,-1
212,1,854.00,338.00,364.00,337.00,0.92,-1,-1,-1
212,2,399.00,252.00,277.00,131.00,0.91,-1,-1,-1
212,3,642.00,307.00,380.00,237.00,0.87,-1,-1,-1
213,1,854.00,338.00,364.00,337.00,0.92,-1,-1,-1
213,2,399.00,251.00,277.00,132.00,0.91,-1,-1,-1
213,3,642.00,307.00,380.00,237.00,0.87,-1,-1,-1
214,1,854.00,338.00,364.00,337.00,0.92,-1,-1,-1
214,2,397.00,250.00,280.00,133.00,0.90,-1,-1,-1
214,3,642.00,307.00,380.00,237.00,0.87,-1,-1,-1
215,1,854.00,338.00,364.00,337.00,0.92,-1,-1,-1
215,2,397.00,250.00,280.00,133.00,0.90,-1,-1,-1
215,3,642.00,307.00,380.00,237.00,0.87,-1,-1,-1
216,1,854.00,338.00,364.00,337.00,0.92,-1,-1,-1
216,2,397.00,250.00,280.00,132.00,0.90,-1,-1,-1
216,3,642.00,307.00,380.00,237.00,0.87,-1,-1,-1
217,1,854.00,338.00,364.00,337.00,0.92,-1,-1,-1
217,2,398.00,251.00,279.00,132.00,0.90,-1,-1,-1
217,3,642.00,307.00,380.00,237.00,0.87,-1,-1,-1
218,1,855.00,339.00,363.00,336.00,0.93,-1,-1,-1
218,2,398.00,251.00,278.00,132.00,0.90,-1,-1,-1
218,3,642.00,307.00,381.00,237.00,0.87,-1,-1,-1
219,1,855.00,338.00,363.00,337.00,0.92,-1,-1,-1
219,2,398.00,250.00,279.00,132.00,0.90,-1,-1,-1
219,3,642.00,307.00,381.00,237.00,0.87,-1,-1,-1
220,1,854.00,338.00,364.00,337.00,0.92,-1,-1,-1
220,2,398.00,250.00,279.00,133.00,0.90,-1,-1,-1
220,3,642.00,307.00,381.00,237.00,0.87,-1,-1,-1
221,1,854.00,338.00,364.00,337.00,0.92,-1,-1,-1
221,2,398.00,250.00,279.00,133.00,0.90,-1,-1,-1
221,3,642.00,307.00,381.00,237.00,0.87,-1,-1,-1
222,1,854.00,338.00,364.00,337.00,0.92,-1,-1,-1
222,2,398.00,251.00,279.00,132.00,0.91,-1,-1,-1
222,3,642.00,307.00,381.00,237.00,0.87,-1,-1,-1
223,1,854.00,338.00,364.00,337.00,0.92,-1,-1,-1
223,2,398.00,251.00,279.00,132.00,0.90,-1,-1,-1
223,3,642.00,307.00,381.00,237.00,0.87,-1,-1,-1
224,1,854.00,338.00,364.00,337.00,0.92,-1,-1,-1
224,2,399.00,251.00,278.00,132.00,0.90,-1,-1,-1
224,3,642.00,307.00,381.00,237.00,0.87,-1,-1,-1
225,1,854.00,337.00,364.00,338.00,0.92,-1,-1,-1
225,2,399.00,251.00,278.00,132.00,0.90,-1,-1,-1
225,3,642.00,307.00,381.00,237.00,0.87,-1,-1,-1
226,1,854.00,337.00,364.00,338.00,0.92,-1,-1,-1
226,2,399.00,251.00,278.00,132.00,0.90,-1,-1,-1
226,3,641.00,307.00,382.00,237.00,0.87,-1,-1,-1
227,1,854.00,337.00,364.00,338.00,0.92,-1,-1,-1
227,2,399.00,251.00,278.00,132.00,0.90,-1,-1,-1
227,3,642.00,307.00,381.00,237.00,0.88,-1,-1,-1
228,1,854.00,337.00,364.00,338.00,0.92,-1,-1,-1
228,2,398.00,251.00,279.00,132.00,0.90,-1,-1,-1
228,3,641.00,307.00,382.00,237.00,0.87,-1,-1,-1
229,1,854.00,337.00,364.00,338.00,0.92,-1,-1,-1
229,2,398.00,251.00,279.00,132.00,0.90,-1,-1,-1
229,3,641.00,307.00,382.00,237.00,0.88,-1,-1,-1
230,1,854.00,337.00,364.00,338.00,0.92,-1,-1,-1
230,2,399.00,251.00,278.00,132.00,0.90,-1,-1,-1
230,3,641.00,307.00,382.00,237.00,0.88,-1,-1,-1
231,1,854.00,337.00,364.00,338.00,0.92,-1,-1,-1
231,2,398.00,251.00,279.00,132.00,0.90,-1,-1,-1
231,3,641.00,306.00,382.00,238.00,0.87,-1,-1,-1
232,1,854.00,337.00,364.00,338.00,0.92,-1,-1,-1
232,2,398.00,251.00,279.00,132.00,0.90,-1,-1,-1
232,3,641.00,307.00,382.00,237.00,0.88,-1,-1,-1
233,1,854.00,337.00,364.00,338.00,0.92,-1,-1,-1
233,2,398.00,251.00,279.00,132.00,0.90,-1,-1,-1
233,3,641.00,307.00,382.00,237.00,0.88,-1,-1,-1
234,1,854.00,337.00,364.00,338.00,0.92,-1,-1,-1
234,2,398.00,251.00,279.00,132.00,0.90,-1,-1,-1
234,3,641.00,307.00,382.00,237.00,0.88,-1,-1,-1
235,1,854.00,337.00,364.00,338.00,0.92,-1,-1,-1
235,2,398.00,251.00,279.00,132.00,0.90,-1,-1,-1
235,3,641.00,307.00,382.00,237.00,0.88,-1,-1,-1
236,1,854.00,337.00,364.00,338.00,0.92,-1,-1,-1
236,2,398.00,251.00,279.00,132.00,0.90,-1,-1,-1
236,3,641.00,307.00,382.00,237.00,0.88,-1,-1,-1
237,1,854.00,337.00,364.00,338.00,0.92,-1,-1,-1
237,2,398.00,251.00,279.00,132.00,0.90,-1,-1,-1
237,3,641.00,307.00,382.00,237.00,0.88,-1,-1,-1
238,1,854.00,337.00,364.00,338.00,0.92,-1,-1,-1
238,2,398.00,251.00,279.00,132.00,0.90,-1,-1,-1
238,3,641.00,307.00,382.00,237.00,0.88,-1,-1,-1
239,1,854.00,337.00,364.00,338.00,0.92,-1,-1,-1
239,2,398.00,251.00,279.00,132.00,0.90,-1,-1,-1
239,3,641.00,307.00,382.00,237.00,0.88,-1,-1,-1
240,1,854.00,337.00,364.00,338.00,0.92,-1,-1,-1
240,2,398.00,251.00,279.00,132.00,0.90,-1,-1,-1
240,3,641.00,307.00,382.00,237.00,0.88,-1,-1,-1
241,1,854.00,337.00,364.00,338.00,0.92,-1,-1,-1
241,2,398.00,251.00,279.00,132.00,0.90,-1,-1,-1
241,3,641.00,307.00,382.00,237.00,0.88,-1,-1,-1
242,1,854.00,338.00,364.00,337.00,0.92,-1,-1,-1
242,2,398.00,251.00,279.00,132.00,0.91,-1,-1,-1
242,3,640.00,306.00,384.00,239.00,0.88,-1,-1,-1
243,1,855.00,338.00,363.00,337.00,0.92,-1,-1,-1
243,2,398.00,251.00,279.00,132.00,0.91,-1,-1,-1
243,3,639.00,306.00,385.00,240.00,0.88,-1,-1,-1
244,1,854.00,338.00,364.00,337.00,0.92,-1,-1,-1
244,2,398.00,251.00,279.00,132.00,0.91,-1,-1,-1
244,3,639.00,306.00,385.00,240.00,0.88,-1,-1,-1
245,1,854.00,338.00,364.00,337.00,0.92,-1,-1,-1
245,2,398.00,251.00,279.00,132.00,0.91,-1,-1,-1
245,3,639.00,306.00,385.00,240.00,0.88,-1,-1,-1
246,1,854.00,338.00,364.00,337.00,0.92,-1,-1,-1
246,2,398.00,251.00,279.00,132.00,0.91,-1,-1,-1
246,3,639.00,306.00,385.00,240.00,0.88,-1,-1,-1
247,1,854.00,338.00,364.00,337.00,0.92,-1,-1,-1
247,2,398.00,251.00,279.00,132.00,0.91,-1,-1,-1
247,3,640.00,306.00,384.00,240.00,0.88,-1,-1,-1
248,1,854.00,338.00,365.00,337.00,0.92,-1,-1,-1
248,2,398.00,251.00,279.00,132.00,0.91,-1,-1,-1
248,3,639.00,306.00,385.00,240.00,0.88,-1,-1,-1
249,1,854.00,338.00,365.00,337.00,0.92,-1,-1,-1
249,2,398.00,251.00,279.00,132.00,0.91,-1,-1,-1
249,3,640.00,306.00,384.00,240.00,0.88,-1,-1,-1
250,1,854.00,338.00,365.00,337.00,0.93,-1,-1,-1
250,2,398.00,251.00,279.00,132.00,0.91,-1,-1,-1
250,3,640.00,306.00,383.00,240.00,0.89,-1,-1,-1
251,1,854.00,338.00,365.00,337.00,0.93,-1,-1,-1
251,2,398.00,251.00,278.00,132.00,0.91,-1,-1,-1
251,3,640.00,306.00,383.00,240.00,0.88,-1,-1,-1
252,1,854.00,338.00,365.00,337.00,0.93,-1,-1,-1
252,2,398.00,251.00,278.00,132.00,0.91,-1,-1,-1
252,3,640.00,306.00,383.00,240.00,0.88,-1,-1,-1
253,1,854.00,338.00,365.00,337.00,0.92,-1,-1,-1
253,2,398.00,251.00,278.00,132.00,0.91,-1,-1,-1
253,3,640.00,306.00,383.00,240.00,0.88,-1,-1,-1
254,1,854.00,338.00,365.00,337.00,0.92,-1,-1,-1
254,2,398.00,251.00,278.00,132.00,0.91,-1,-1,-1
254,3,640.00,306.00,383.00,240.00,0.88,-1,-1,-1
255,1,854.00,338.00,365.00,337.00,0.92,-1,-1,-1
255,2,398.00,251.00,278.00,132.00,0.91,-1,-1,-1
255,3,640.00,306.00,383.00,240.00,0.88,-1,-1,-1
256,1,855.00,339.00,364.00,336.00,0.93,-1,-1,-1
256,2,398.00,251.00,278.00,132.00,0.91,-1,-1,-1
256,3,640.00,306.00,383.00,240.00,0.88,-1,-1,-1
257,1,854.00,338.00,365.00,338.00,0.92,-1,-1,-1
257,2,398.00,251.00,278.00,132.00,0.91,-1,-1,-1
257,3,640.00,306.00,383.00,240.00,0.88,-1,-1,-1
258,1,854.00,338.00,365.00,338.00,0.92,-1,-1,-1
258,2,398.00,251.00,278.00,132.00,0.91,-1,-1,-1
258,3,640.00,306.00,383.00,240.00,0.88,-1,-1,-1
259,1,854.00,338.00,365.00,337.00,0.92,-1,-1,-1
259,2,398.00,251.00,278.00,132.00,0.91,-1,-1,-1
259,3,640.00,306.00,383.00,240.00,0.88,-1,-1,-1
260,1,854.00,337.00,365.00,338.00,0.93,-1,-1,-1
260,2,398.00,251.00,278.00,132.00,0.91,-1,-1,-1
260,3,640.00,306.00,383.00,240.00,0.88,-1,-1,-1
261,1,854.00,337.00,365.00,338.00,0.92,-1,-1,-1
261,2,398.00,251.00,278.00,132.00,0.91,-1,-1,-1
261,3,640.00,306.00,383.00,240.00,0.88,-1,-1,-1
262,1,854.00,337.00,365.00,338.00,0.93,-1,-1,-1
262,2,398.00,251.00,278.00,132.00,0.91,-1,-1,-1
262,3,640.00,306.00,383.00,240.00,0.88,-1,-1,-1
263,1,854.00,337.00,365.00,338.00,0.92,-1,-1,-1
263,2,398.00,251.00,278.00,132.00,0.91,-1,-1,-1
263,3,640.00,306.00,383.00,240.00,0.88,-1,-1,-1
264,1,855.00,339.00,364.00,336.00,0.92,-1,-1,-1
264,2,399.00,251.00,277.00,132.00,0.91,-1,-1,-1
264,3,640.00,306.00,383.00,240.00,0.88,-1,-1,-1
265,1,854.00,338.00,365.00,337.00,0.92,-1,-1,-1
265,2,399.00,251.00,277.00,132.00,0.91,-1,-1,-1
265,3,640.00,306.00,383.00,240.00,0.88,-1,-1,-1
266,1,854.00,338.00,365.00,337.00,0.92,-1,-1,-1
266,2,399.00,251.00,277.00,132.00,0.91,-1,-1,-1
266,3,640.00,306.00,383.00,240.00,0.88,-1,-1,-1
267,1,854.00,337.00,365.00,338.00,0.92,-1,-1,-1
267,2,399.00,251.00,277.00,132.00,0.91,-1,-1,-1
267,3,640.00,306.00,383.00,240.00,0.88,-1,-1,-1
268,1,854.00,337.00,365.00,337.00,0.92,-1,-1,-1
268,2,399.00,251.00,277.00,132.00,0.91,-1,-1,-1
268,3,640.00,306.00,383.00,240.00,0.88,-1,-1,-1
269,1,854.00,338.00,365.00,337.00,0.92,-1,-1,-1
269,2,399.00,251.00,277.00,132.00,0.91,-1,-1,-1
269,3,640.00,306.00,383.00,240.00,0.88,-1,-1,-1
270,1,854.00,338.00,365.00,337.00,0.92,-1,-1,-1
270,2,399.00,251.00,277.00,132.00,0.91,-1,-1,-1
270,3,640.00,306.00,383.00,240.00,0.88,-1,-1,-1
271,1,854.00,338.00,365.00,338.00,0.93,-1,-1,-1
271,2,399.00,251.00,277.00,132.00,0.91,-1,-1,-1
271,3,640.00,306.00,383.00,240.00,0.88,-1,-1,-1
272,1,854.00,338.00,365.00,337.00,0.93,-1,-1,-1
272,2,399.00,251.00,277.00,131.00,0.91,-1,-1,-1
272,3,640.00,306.00,383.00,240.00,0.89,-1,-1,-1
273,1,854.00,338.00,364.00,337.00,0.93,-1,-1,-1
273,2,399.00,251.00,277.00,131.00,0.91,-1,-1,-1
273,3,640.00,306.00,383.00,240.00,0.89,-1,-1,-1
274,1,854.00,338.00,364.00,337.00,0.93,-1,-1,-1
274,2,399.00,251.00,277.00,131.00,0.91,-1,-1,-1
274,3,640.00,306.00,383.00,240.00,0.89,-1,-1,-1
275,1,854.00,338.00,364.00,337.00,0.93,-1,-1,-1
275,2,399.00,251.00,277.00,131.00,0.91,-1,-1,-1
275,3,640.00,306.00,383.00,240.00,0.89,-1,-1,-1
276,1,854.00,338.00,364.00,337.00,0.92,-1,-1,-1
276,2,399.00,251.00,277.00,131.00,0.91,-1,-1,-1
276,3,641.00,306.00,382.00,240.00,0.89,-1,-1,-1
277,1,855.00,338.00,363.00,337.00,0.92,-1,-1,-1
277,2,399.00,251.00,277.00,131.00,0.91,-1,-1,-1
277,3,641.00,306.00,382.00,240.00,0.89,-1,-1,-1
278,1,854.00,338.00,364.00,337.00,0.93,-1,-1,-1
278,2,399.00,251.00,277.00,131.00,0.91,-1,-1,-1
278,3,641.00,306.00,382.00,240.00,0.89,-1,-1,-1
279,1,854.00,338.00,364.00,337.00,0.93,-1,-1,-1
279,2,399.00,251.00,277.00,131.00,0.91,-1,-1,-1
279,3,641.00,307.00,382.00,239.00,0.89,-1,-1,-1
280,1,854.00,338.00,364.00,337.00,0.93,-1,-1,-1
280,2,399.00,251.00,277.00,131.00,0.91,-1,-1,-1
280,3,641.00,307.00,382.00,239.00,0.89,-1,-1,-1
281,1,854.00,338.00,364.00,337.00,0.93,-1,-1,-1
281,2,399.00,251.00,277.00,131.00,0.91,-1,-1,-1
281,3,641.00,306.00,382.00,240.00,0.89,-1,-1,-1
282,1,854.00,338.00,365.00,337.00,0.93,-1,-1,-1
282,2,399.00,251.00,277.00,131.00,0.91,-1,-1,-1
282,3,641.00,306.00,382.00,240.00,0.89,-1,-1,-1
283,1,854.00,338.00,364.00,337.00,0.92,-1,-1,-1
283,2,399.00,251.00,277.00,131.00,0.91,-1,-1,-1
283,3,641.00,306.00,382.00,240.00,0.89,-1,-1,-1
284,1,854.00,338.00,365.00,337.00,0.93,-1,-1,-1
284,2,399.00,251.00,277.00,132.00,0.91,-1,-1,-1
284,3,641.00,306.00,382.00,240.00,0.88,-1,-1,-1
285,1,854.00,338.00,365.00,337.00,0.93,-1,-1,-1
285,2,399.00,251.00,277.00,132.00,0.91,-1,-1,-1
285,3,641.00,306.00,382.00,240.00,0.88,-1,-1,-1
286,1,854.00,338.00,365.00,337.00,0.93,-1,-1,-1
286,2,399.00,251.00,277.00,132.00,0.91,-1,-1,-1
286,3,641.00,306.00,382.00,240.00,0.88,-1,-1,-1
287,1,854.00,338.00,365.00,337.00,0.93,-1,-1,-1
287,2,399.00,251.00,277.00,132.00,0.91,-1,-1,-1
287,3,641.00,306.00,382.00,240.00,0.88,-1,-1,-1
288,1,854.00,338.00,365.00,338.00,0.92,-1,-1,-1
288,2,399.00,251.00,277.00,132.00,0.91,-1,-1,-1
288,3,640.00,306.00,383.00,240.00,0.88,-1,-1,-1
289,1,854.00,338.00,365.00,337.00,0.92,-1,-1,-1
289,2,399.00,251.00,277.00,132.00,0.91,-1,-1,-1
289,3,639.00,305.00,384.00,241.00,0.87,-1,-1,-1
290,1,854.00,338.00,365.00,337.00,0.92,-1,-1,-1
290,2,399.00,251.00,277.00,132.00,0.91,-1,-1,-1
290,3,640.00,306.00,383.00,240.00,0.88,-1,-1,-1
291,1,854.00,338.00,365.00,337.00,0.93,-1,-1,-1
291,2,399.00,251.00,277.00,132.00,0.91,-1,-1,-1
291,3,640.00,306.00,383.00,240.00,0.88,-1,-1,-1
292,1,854.00,338.00,365.00,337.00,0.93,-1,-1,-1
292,2,399.00,251.00,277.00,132.00,0.91,-1,-1,-1
292,3,640.00,306.00,383.00,240.00,0.88,-1,-1,-1
293,1,854.00,338.00,365.00,337.00,0.93,-1,-1,-1
293,2,399.00,251.00,277.00,132.00,0.91,-1,-1,-1
293,3,641.00,306.00,382.00,240.00,0.89,-1,-1,-1
294,1,854.00,338.00,364.00,337.00,0.92,-1,-1,-1
294,2,399.00,251.00,277.00,132.00,0.91,-1,-1,-1
294,3,641.00,306.00,382.00,240.00,0.89,-1,-1,-1
295,1,854.00,338.00,364.00,337.00,0.92,-1,-1,-1
295,2,399.00,251.00,277.00,132.00,0.91,-1,-1,-1
295,3,641.00,306.00,382.00,240.00,0.88,-1,-1,-1
296,1,854.00,338.00,364.00,337.00,0.92,-1,-1,-1
296,2,399.00,251.00,277.00,132.00,0.91,-1,-1,-1
296,3,641.00,306.00,382.00,240.00,0.88,-1,-1,-1
297,1,854.00,338.00,364.00,337.00,0.92,-1,-1,-1
297,2,399.00,251.00,277.00,132.00,0.91,-1,-1,-1
297,3,641.00,306.00,382.00,240.00,0.89,-1,-1,-1
298,1,854.00,338.00,364.00,337.00,0.92,-1,-1,-1
298,2,399.00,251.00,277.00,132.00,0.91,-1,-1,-1
298,3,641.00,306.00,382.00,240.00,0.89,-1,-1,-1
299,1,854.00,338.00,364.00,337.00,0.92,-1,-1,-1
299,2,399.00,251.00,277.00,132.00,0.91,-1,-1,-1
299,3,641.00,307.00,382.00,239.00,0.89,-1,-1,-1
300,1,854.00,338.00,364.00,337.00,0.92,-1,-1,-1
300,2,399.00,251.00,278.00,132.00,0.91,-1,-1,-1
300,3,641.00,306.00,382.00,240.00,0.89,-1,-1,-1
301,1,854.00,338.00,364.00,337.00,0.92,-1,-1,-1
301,2,399.00,251.00,278.00,132.00,0.91,-1,-1,-1
301,3,641.00,306.00,382.00,240.00,0.89,-1,-1,-1
302,1,854.00,338.00,364.00,336.00,0.92,-1,-1,-1
302,2,399.00,251.00,277.00,131.00,0.91,-1,-1,-1
302,3,641.00,306.00,382.00,239.00,0.88,-1,-1,-1
303,1,854.00,338.00,364.00,336.00,0.92,-1,-1,-1
303,2,400.00,252.00,276.00,130.00,0.91,-1,-1,-1
303,3,641.00,306.00,382.00,239.00,0.88,-1,-1,-1
304,1,855.00,339.00,363.00,335.00,0.94,-1,-1,-1
304,2,400.00,252.00,276.00,130.00,0.91,-1,-1,-1
304,3,641.00,306.00,382.00,239.00,0.88,-1,-1,-1
305,1,855.00,339.00,362.00,335.00,0.93,-1,-1,-1
305,2,399.00,252.00,277.00,130.00,0.90,-1,-1,-1
305,3,641.00,306.00,382.00,239.00,0.88,-1,-1,-1
306,1,855.00,339.00,363.00,335.00,0.93,-1,-1,-1
306,2,399.00,252.00,277.00,130.00,0.90,-1,-1,-1
306,3,640.00,306.00,383.00,239.00,0.88,-1,-1,-1
307,1,854.00,338.00,364.00,337.00,0.92,-1,-1,-1
307,2,399.00,252.00,277.00,130.00,0.90,-1,-1,-1
307,3,640.00,307.00,382.00,238.00,0.88,-1,-1,-1
308,1,854.00,338.00,364.00,337.00,0.92,-1,-1,-1
308,2,399.00,252.00,277.00,130.00,0.91,-1,-1,-1
308,3,640.00,306.00,382.00,239.00,0.88,-1,-1,-1
309,1,854.00,338.00,364.00,337.00,0.92,-1,-1,-1
309,2,399.00,252.00,277.00,130.00,0.90,-1,-1,-1
309,3,640.00,306.00,383.00,239.00,0.88,-1,-1,-1
310,1,854.00,338.00,364.00,337.00,0.92,-1,-1,-1
310,2,399.00,252.00,277.00,130.00,0.90,-1,-1,-1
310,3,640.00,306.00,383.00,239.00,0.88,-1,-1,-1
311,1,854.00,338.00,364.00,337.00,0.93,-1,-1,-1
311,2,399.00,252.00,277.00,130.00,0.90,-1,-1,-1
311,3,640.00,306.00,383.00,239.00,0.88,-1,-1,-1
312,1,854.00,338.00,364.00,337.00,0.93,-1,-1,-1
312,2,399.00,252.00,277.00,131.00,0.90,-1,-1,-1
312,3,640.00,306.00,383.00,239.00,0.88,-1,-1,-1
313,1,854.00,338.00,364.00,337.00,0.93,-1,-1,-1
313,2,399.00,252.00,277.00,131.00,0.90,-1,-1,-1
313,3,640.00,306.00,383.00,239.00,0.88,-1,-1,-1
314,1,854.00,337.00,364.00,338.00,0.92,-1,-1,-1
314,2,399.00,252.00,277.00,131.00,0.90,-1,-1,-1
314,3,640.00,306.00,383.00,239.00,0.88,-1,-1,-1
315,1,854.00,338.00,364.00,337.00,0.92,-1,-1,-1
315,2,399.00,252.00,277.00,131.00,0.90,-1,-1,-1
315,3,640.00,306.00,383.00,239.00,0.88,-1,-1,-1
316,1,854.00,338.00,364.00,336.00,0.92,-1,-1,-1
316,2,399.00,252.00,277.00,131.00,0.90,-1,-1,-1
316,3,640.00,306.00,383.00,239.00,0.88,-1,-1,-1
317,1,854.00,338.00,364.00,336.00,0.92,-1,-1,-1
317,2,399.00,252.00,277.00,131.00,0.90,-1,-1,-1
317,3,640.00,306.00,383.00,239.00,0.88,-1,-1,-1
318,1,854.00,338.00,364.00,336.00,0.92,-1,-1,-1
318,2,399.00,252.00,277.00,131.00,0.90,-1,-1,-1
318,3,641.00,306.00,381.00,237.00,0.87,-1,-1,-1
319,1,854.00,338.00,364.00,336.00,0.92,-1,-1,-1
319,2,399.00,252.00,277.00,131.00,0.90,-1,-1,-1
319,3,640.00,306.00,383.00,239.00,0.88,-1,-1,-1
320,1,854.00,338.00,364.00,337.00,0.92,-1,-1,-1
320,2,399.00,252.00,277.00,131.00,0.90,-1,-1,-1
320,3,640.00,307.00,383.00,238.00,0.88,-1,-1,-1
321,1,854.00,338.00,364.00,337.00,0.92,-1,-1,-1
321,2,399.00,252.00,277.00,131.00,0.90,-1,-1,-1
321,3,640.00,307.00,383.00,238.00,0.88,-1,-1,-1
322,1,854.00,338.00,364.00,337.00,0.92,-1,-1,-1
322,2,399.00,252.00,277.00,131.00,0.90,-1,-1,-1
322,3,640.00,307.00,383.00,238.00,0.88,-1,-1,-1
323,1,854.00,338.00,364.00,337.00,0.92,-1,-1,-1
323,2,399.00,252.00,277.00,131.00,0.90,-1,-1,-1
323,3,640.00,307.00,383.00,238.00,0.88,-1,-1,-1
324,1,854.00,338.00,364.00,337.00,0.92,-1,-1,-1
324,2,399.00,252.00,277.00,131.00,0.90,-1,-1,-1
324,3,640.00,307.00,383.00,238.00,0.88,-1,-1,-1
325,1,854.00,338.00,364.00,337.00,0.92,-1,-1,-1
325,2,399.00,252.00,277.00,131.00,0.90,-1,-1,-1
325,3,640.00,307.00,383.00,238.00,0.88,-1,-1,-1
326,1,854.00,338.00,364.00,337.00,0.92,-1,-1,-1
326,2,399.00,252.00,277.00,131.00,0.90,-1,-1,-1
326,3,640.00,307.00,383.00,238.00,0.88,-1,-1,-1
327,1,854.00,338.00,364.00,337.00,0.92,-1,-1,-1
327,2,399.00,252.00,277.00,131.00,0.90,-1,-1,-1
327,3,640.00,307.00,383.00,238.00,0.88,-1,-1,-1
328,1,854.00,338.00,364.00,337.00,0.92,-1,-1,-1
328,2,399.00,252.00,277.00,131.00,0.90,-1,-1,-1
328,3,640.00,307.00,383.00,238.00,0.88,-1,-1,-1
329,1,854.00,338.00,364.00,336.00,0.92,-1,-1,-1
329,2,399.00,252.00,277.00,131.00,0.90,-1,-1,-1
329,3,640.00,307.00,383.00,238.00,0.88,-1,-1,-1
330,1,854.00,338.00,364.00,337.00,0.92,-1,-1,-1
330,2,399.00,252.00,277.00,131.00,0.90,-1,-1,-1
330,3,640.00,307.00,383.00,238.00,0.89,-1,-1,-1
331,1,854.00,338.00,364.00,337.00,0.92,-1,-1,-1
331,2,399.00,252.00,277.00,131.00,0.90,-1,-1,-1
331,3,640.00,307.00,383.00,238.00,0.88,-1,-1,-1
332,1,854.00,338.00,365.00,338.00,0.92,-1,-1,-1
332,2,399.00,252.00,277.00,131.00,0.91,-1,-1,-1
332,3,640.00,307.00,383.00,238.00,0.88,-1,-1,-1
333,1,854.00,338.00,365.00,338.00,0.92,-1,-1,-1
333,2,399.00,251.00,278.00,132.00,0.91,-1,-1,-1
333,3,641.00,306.00,382.00,239.00,0.88,-1,-1,-1
334,1,854.00,338.00,365.00,338.00,0.92,-1,-1,-1
334,2,399.00,251.00,278.00,132.00,0.91,-1,-1,-1
334,3,641.00,306.00,382.00,239.00,0.88,-1,-1,-1
335,1,854.00,338.00,365.00,338.00,0.92,-1,-1,-1
335,2,399.00,251.00,278.00,132.00,0.91,-1,-1,-1
335,3,641.00,306.00,382.00,239.00,0.88,-1,-1,-1
336,1,854.00,338.00,365.00,338.00,0.92,-1,-1,-1
336,2,399.00,251.00,278.00,132.00,0.91,-1,-1,-1
336,3,641.00,306.00,383.00,239.00,0.88,-1,-1,-1
337,1,854.00,338.00,364.00,338.00,0.92,-1,-1,-1
337,2,399.00,251.00,277.00,132.00,0.91,-1,-1,-1
337,3,641.00,306.00,382.00,239.00,0.88,-1,-1,-1
338,1,854.00,338.00,364.00,338.00,0.92,-1,-1,-1
338,2,399.00,251.00,277.00,132.00,0.91,-1,-1,-1
338,3,641.00,307.00,382.00,238.00,0.88,-1,-1,-1
339,1,854.00,338.00,364.00,338.00,0.92,-1,-1,-1
339,2,399.00,251.00,277.00,132.00,0.91,-1,-1,-1
339,3,641.00,307.00,382.00,238.00,0.88,-1,-1,-1
340,1,854.00,338.00,364.00,338.00,0.92,-1,-1,-1
340,2,399.00,251.00,277.00,132.00,0.91,-1,-1,-1
340,3,641.00,306.00,382.00,239.00,0.88,-1,-1,-1
341,1,854.00,337.00,364.00,338.00,0.92,-1,-1,-1
341,2,399.00,251.00,277.00,132.00,0.91,-1,-1,-1
341,3,641.00,306.00,382.00,239.00,0.88,-1,-1,-1
342,1,854.00,337.00,364.00,338.00,0.92,-1,-1,-1
342,2,399.00,251.00,277.00,132.00,0.91,-1,-1,-1
342,3,641.00,306.00,382.00,239.00,0.88,-1,-1,-1
343,1,854.00,337.00,364.00,338.00,0.92,-1,-1,-1
343,2,399.00,252.00,277.00,131.00,0.91,-1,-1,-1
343,3,641.00,306.00,382.00,239.00,0.88,-1,-1,-1
344,1,854.00,337.00,364.00,337.00,0.92,-1,-1,-1
344,2,399.00,252.00,277.00,131.00,0.91,-1,-1,-1
344,3,641.00,306.00,382.00,239.00,0.88,-1,-1,-1
345,1,854.00,337.00,364.00,337.00,0.92,-1,-1,-1
345,2,399.00,252.00,277.00,131.00,0.91,-1,-1,-1
345,3,641.00,306.00,382.00,239.00,0.88,-1,-1,-1
346,1,854.00,338.00,364.00,337.00,0.92,-1,-1,-1
346,2,399.00,252.00,277.00,131.00,0.91,-1,-1,-1
346,3,641.00,307.00,382.00,238.00,0.88,-1,-1,-1
347,1,854.00,338.00,364.00,337.00,0.92,-1,-1,-1
347,2,399.00,252.00,277.00,131.00,0.91,-1,-1,-1
347,3,641.00,307.00,382.00,238.00,0.88,-1,-1,-1
348,1,854.00,338.00,364.00,338.00,0.92,-1,-1,-1
348,2,399.00,252.00,277.00,131.00,0.91,-1,-1,-1
348,3,641.00,307.00,382.00,238.00,0.88,-1,-1,-1
349,1,854.00,338.00,364.00,338.00,0.92,-1,-1,-1
349,2,399.00,252.00,277.00,131.00,0.91,-1,-1,-1
349,3,641.00,307.00,382.00,238.00,0.88,-1,-1,-1
350,1,854.00,338.00,364.00,338.00,0.92,-1,-1,-1
350,2,399.00,251.00,277.00,132.00,0.91,-1,-1,-1
350,3,641.00,307.00,382.00,238.00,0.88,-1,-1,-1
351,1,854.00,337.00,364.00,338.00,0.92,-1,-1,-1
351,2,399.00,251.00,277.00,132.00,0.91,-1,-1,-1
351,3,641.00,306.00,382.00,239.00,0.88,-1,-1,-1
352,1,854.00,337.00,364.00,337.00,0.92,-1,-1,-1
352,2,399.00,251.00,277.00,132.00,0.91,-1,-1,-1
352,3,641.00,307.00,382.00,238.00,0.88,-1,-1,-1
353,1,854.00,337.00,363.00,337.00,0.92,-1,-1,-1
353,2,399.00,252.00,277.00,131.00,0.91,-1,-1,-1
353,3,641.00,306.00,382.00,239.00,0.88,-1,-1,-1
354,1,854.00,338.00,364.00,337.00,0.92,-1,-1,-1
354,2,399.00,252.00,277.00,131.00,0.91,-1,-1,-1
354,3,641.00,306.00,382.00,239.00,0.88,-1,-1,-1
355,1,854.00,338.00,364.00,337.00,0.92,-1,-1,-1
355,2,399.00,252.00,277.00,131.00,0.91,-1,-1,-1
355,3,641.00,306.00,382.00,239.00,0.88,-1,-1,-1
356,1,854.00,338.00,364.00,338.00,0.92,-1,-1,-1
356,2,399.00,252.00,277.00,131.00,0.91,-1,-1,-1
356,3,641.00,306.00,382.00,239.00,0.88,-1,-1,-1
357,1,854.00,338.00,364.00,338.00,0.92,-1,-1,-1
357,2,399.00,252.00,277.00,131.00,0.91,-1,-1,-1
357,3,641.00,307.00,382.00,238.00,0.88,-1,-1,-1
358,1,854.00,338.00,364.00,338.00,0.91,-1,-1,-1
358,2,399.00,252.00,277.00,131.00,0.91,-1,-1,-1
358,3,641.00,307.00,382.00,238.00,0.88,-1,-1,-1
359,1,854.00,338.00,364.00,338.00,0.91,-1,-1,-1
359,2,399.00,252.00,277.00,131.00,0.91,-1,-1,-1
359,3,641.00,307.00,382.00,238.00,0.88,-1,-1,-1
360,1,854.00,337.00,364.00,338.00,0.92,-1,-1,-1
360,2,399.00,252.00,277.00,131.00,0.91,-1,-1,-1
360,3,641.00,307.00,382.00,238.00,0.88,-1,-1,-1
361,1,854.00,337.00,364.00,338.00,0.92,-1,-1,-1
361,2,399.00,252.00,277.00,131.00,0.91,-1,-1,-1
361,3,641.00,307.00,382.00,238.00,0.88,-1,-1,-1
362,1,855.00,338.00,362.00,336.00,0.91,-1,-1,-1
362,2,399.00,251.00,277.00,132.00,0.90,-1,-1,-1
362,3,640.00,306.00,382.00,239.00,0.87,-1,-1,-1
363,1,855.00,338.00,362.00,336.00,0.91,-1,-1,-1
363,2,398.00,251.00,278.00,132.00,0.90,-1,-1,-1
363,3,640.00,306.00,382.00,239.00,0.87,-1,-1,-1
364,1,855.00,338.00,362.00,336.00,0.91,-1,-1,-1
364,2,398.00,251.00,278.00,132.00,0.90,-1,-1,-1
364,3,640.00,306.00,382.00,239.00,0.87,-1,-1,-1
365,1,855.00,339.00,362.00,336.00,0.91,-1,-1,-1
365,2,398.00,251.00,278.00,132.00,0.90,-1,-1,-1
365,3,640.00,307.00,382.00,238.00,0.87,-1,-1,-1
366,1,854.00,338.00,363.00,336.00,0.91,-1,-1,-1
366,2,398.00,251.00,278.00,132.00,0.90,-1,-1,-1
366,3,640.00,307.00,382.00,238.00,0.87,-1,-1,-1
367,1,854.00,338.00,363.00,336.00,0.91,-1,-1,-1
367,2,398.00,251.00,278.00,132.00,0.90,-1,-1,-1
367,3,640.00,307.00,382.00,238.00,0.87,-1,-1,-1
368,1,854.00,338.00,363.00,337.00,0.91,-1,-1,-1
368,2,398.00,251.00,278.00,132.00,0.90,-1,-1,-1
368,3,639.00,306.00,383.00,239.00,0.87,-1,-1,-1
369,1,854.00,337.00,364.00,337.00,0.91,-1,-1,-1
369,2,398.00,251.00,278.00,132.00,0.90,-1,-1,-1
369,3,639.00,306.00,383.00,239.00,0.87,-1,-1,-1
370,1,855.00,337.00,363.00,337.00,0.91,-1,-1,-1
370,2,398.00,251.00,278.00,132.00,0.90,-1,-1,-1
370,3,639.00,306.00,383.00,239.00,0.87,-1,-1,-1
371,1,854.00,337.00,364.00,337.00,0.92,-1,-1,-1
371,2,398.00,251.00,278.00,132.00,0.90,-1,-1,-1
371,3,639.00,306.00,384.00,239.00,0.87,-1,-1,-1
372,1,855.00,337.00,364.00,337.00,0.92,-1,-1,-1
372,2,398.00,251.00,279.00,132.00,0.90,-1,-1,-1
372,3,639.00,306.00,384.00,239.00,0.87,-1,-1,-1
373,1,855.00,337.00,365.00,337.00,0.90,-1,-1,-1
373,2,398.00,251.00,279.00,132.00,0.90,-1,-1,-1
373,3,639.00,306.00,384.00,239.00,0.86,-1,-1,-1
374,1,857.00,337.00,366.00,337.00,0.91,-1,-1,-1
374,2,398.00,251.00,279.00,132.00,0.90,-1,-1,-1
374,3,639.00,306.00,384.00,239.00,0.87,-1,-1,-1
375,1,857.00,337.00,366.00,337.00,0.91,-1,-1,-1
375,2,398.00,251.00,279.00,132.00,0.90,-1,-1,-1
375,3,639.00,306.00,384.00,239.00,0.87,-1,-1,-1
376,1,857.00,337.00,367.00,338.00,0.91,-1,-1,-1
376,2,398.00,251.00,279.00,132.00,0.90,-1,-1,-1
376,3,639.00,306.00,384.00,239.00,0.87,-1,-1,-1
377,1,856.00,337.00,368.00,338.00,0.92,-1,-1,-1
377,2,398.00,251.00,278.00,132.00,0.90,-1,-1,-1
377,3,639.00,306.00,384.00,239.00,0.87,-1,-1,-1
378,1,855.00,337.00,368.00,338.00,0.92,-1,-1,-1
378,2,398.00,251.00,278.00,132.00,0.90,-1,-1,-1
378,3,639.00,305.00,384.00,240.00,0.86,-1,-1,-1
379,1,854.00,337.00,367.00,337.00,0.92,-1,-1,-1
379,2,398.00,251.00,278.00,132.00,0.90,-1,-1,-1
379,3,639.00,306.00,384.00,239.00,0.87,-1,-1,-1
380,1,854.00,337.00,366.00,337.00,0.92,-1,-1,-1
380,2,398.00,251.00,278.00,132.00,0.90,-1,-1,-1
380,3,639.00,306.00,384.00,239.00,0.87,-1,-1,-1
381,1,853.00,337.00,367.00,337.00,0.92,-1,-1,-1
381,2,398.00,251.00,278.00,132.00,0.90,-1,-1,-1
381,3,639.00,306.00,384.00,239.00,0.87,-1,-1,-1
382,1,853.00,337.00,367.00,337.00,0.92,-1,-1,-1
382,2,398.00,251.00,278.00,132.00,0.90,-1,-1,-1
382,3,639.00,306.00,384.00,239.00,0.87,-1,-1,-1
383,1,853.00,337.00,366.00,338.00,0.92,-1,-1,-1
383,2,398.00,251.00,278.00,132.00,0.90,-1,-1,-1
383,3,639.00,306.00,384.00,239.00,0.87,-1,-1,-1
384,1,853.00,337.00,366.00,338.00,0.92,-1,-1,-1
384,2,398.00,251.00,278.00,132.00,0.90,-1,-1,-1
384,3,639.00,306.00,384.00,239.00,0.87,-1,-1,-1
385,1,853.00,337.00,366.00,337.00,0.92,-1,-1,-1
385,2,398.00,251.00,278.00,132.00,0.90,-1,-1,-1
385,3,639.00,306.00,384.00,239.00,0.87,-1,-1,-1
386,1,853.00,337.00,366.00,337.00,0.92,-1,-1,-1
386,2,398.00,251.00,278.00,132.00,0.90,-1,-1,-1
386,3,639.00,306.00,384.00,239.00,0.86,-1,-1,-1
387,1,853.00,337.00,365.00,337.00,0.92,-1,-1,-1
387,2,398.00,251.00,278.00,132.00,0.90,-1,-1,-1
387,3,639.00,306.00,384.00,239.00,0.86,-1,-1,-1
388,1,853.00,337.00,365.00,337.00,0.92,-1,-1,-1
388,2,398.00,251.00,278.00,132.00,0.90,-1,-1,-1
388,3,639.00,306.00,384.00,239.00,0.86,-1,-1,-1
389,1,854.00,337.00,364.00,337.00,0.92,-1,-1,-1
389,2,398.00,251.00,278.00,132.00,0.90,-1,-1,-1
389,3,640.00,306.00,383.00,239.00,0.87,-1,-1,-1
390,1,854.00,337.00,364.00,336.00,0.92,-1,-1,-1
390,2,398.00,251.00,278.00,132.00,0.90,-1,-1,-1
390,3,640.00,306.00,383.00,239.00,0.87,-1,-1,-1
391,1,854.00,337.00,364.00,337.00,0.92,-1,-1,-1
391,2,398.00,251.00,278.00,132.00,0.90,-1,-1,-1
391,3,640.00,306.00,383.00,239.00,0.87,-1,-1,-1
392,1,854.00,337.00,365.00,337.00,0.92,-1,-1,-1
392,2,399.00,251.00,277.00,132.00,0.92,-1,-1,-1
392,3,640.00,307.00,383.00,238.00,0.87,-1,-1,-1
393,1,854.00,337.00,365.00,338.00,0.92,-1,-1,-1
393,2,399.00,252.00,277.00,131.00,0.92,-1,-1,-1
393,3,641.00,307.00,382.00,238.00,0.88,-1,-1,-1
394,1,854.00,337.00,365.00,338.00,0.92,-1,-1,-1
394,2,399.00,252.00,277.00,131.00,0.92,-1,-1,-1
394,3,641.00,307.00,382.00,238.00,0.87,-1,-1,-1
395,1,854.00,338.00,364.00,337.00,0.92,-1,-1,-1
395,2,399.00,252.00,277.00,131.00,0.92,-1,-1,-1
395,3,641.00,307.00,382.00,238.00,0.87,-1,-1,-1
396,1,854.00,338.00,364.00,337.00,0.92,-1,-1,-1
396,2,399.00,252.00,277.00,131.00,0.92,-1,-1,-1
396,3,641.00,307.00,382.00,238.00,0.88,-1,-1,-1
397,1,854.00,338.00,364.00,337.00,0.92,-1,-1,-1
397,2,399.00,251.00,277.00,132.00,0.91,-1,-1,-1
397,3,640.00,307.00,383.00,238.00,0.88,-1,-1,-1
398,1,854.00,338.00,364.00,337.00,0.92,-1,-1,-1
398,2,399.00,251.00,277.00,132.00,0.91,-1,-1,-1
398,3,640.00,307.00,383.00,238.00,0.88,-1,-1,-1
399,1,854.00,338.00,364.00,337.00,0.92,-1,-1,-1
399,2,399.00,251.00,277.00,132.00,0.91,-1,-1,-1
399,3,640.00,307.00,383.00,238.00,0.88,-1,-1,-1
400,1,854.00,338.00,364.00,337.00,0.92,-1,-1,-1
400,2,399.00,251.00,277.00,132.00,0.91,-1,-1,-1
400,3,640.00,307.00,383.00,238.00,0.88,-1,-1,-1
401,1,855.00,339.00,363.00,336.00,0.92,-1,-1,-1
401,2,399.00,251.00,277.00,132.00,0.91,-1,-1,-1
401,3,640.00,307.00,383.00,238.00,0.88,-1,-1,-1
402,1,854.00,338.00,364.00,337.00,0.92,-1,-1,-1
402,2,399.00,251.00,277.00,132.00,0.91,-1,-1,-1
402,3,640.00,307.00,383.00,238.00,0.88,-1,-1,-1
403,1,854.00,337.00,364.00,338.00,0.92,-1,-1,-1
403,2,399.00,251.00,277.00,132.00,0.91,-1,-1,-1
403,3,641.00,307.00,382.00,238.00,0.88,-1,-1,-1
404,1,853.00,336.00,366.00,339.00,0.91,-1,-1,-1
404,2,399.00,251.00,277.00,132.00,0.91,-1,-1,-1
404,3,641.00,308.00,382.00,237.00,0.88,-1,-1,-1
405,1,854.00,337.00,364.00,338.00,0.92,-1,-1,-1
405,2,399.00,251.00,277.00,132.00,0.91,-1,-1,-1
405,3,641.00,308.00,382.00,237.00,0.88,-1,-1,-1
406,1,854.00,338.00,364.00,337.00,0.92,-1,-1,-1
406,2,399.00,251.00,277.00,132.00,0.91,-1,-1,-1
406,3,641.00,308.00,382.00,237.00,0.88,-1,-1,-1
407,1,855.00,338.00,363.00,337.00,0.92,-1,-1,-1
407,2,399.00,251.00,277.00,132.00,0.91,-1,-1,-1
407,3,641.00,308.00,382.00,237.00,0.88,-1,-1,-1
408,1,855.00,338.00,363.00,337.00,0.92,-1,-1,-1
408,2,399.00,251.00,277.00,132.00,0.91,-1,-1,-1
408,3,641.00,308.00,382.00,237.00,0.88,-1,-1,-1
409,1,855.00,338.00,363.00,337.00,0.92,-1,-1,-1
409,2,399.00,251.00,277.00,132.00,0.91,-1,-1,-1
409,3,641.00,308.00,382.00,237.00,0.88,-1,-1,-1
410,1,854.00,338.00,364.00,337.00,0.91,-1,-1,-1
410,2,399.00,251.00,277.00,132.00,0.91,-1,-1,-1
410,3,641.00,307.00,382.00,238.00,0.88,-1,-1,-1
411,1,854.00,338.00,364.00,337.00,0.92,-1,-1,-1
411,2,399.00,251.00,277.00,132.00,0.91,-1,-1,-1
411,3,641.00,307.00,383.00,238.00,0.88,-1,-1,-1
412,1,854.00,338.00,364.00,337.00,0.92,-1,-1,-1
412,2,399.00,252.00,277.00,131.00,0.91,-1,-1,-1
412,3,641.00,307.00,383.00,238.00,0.88,-1,-1,-1
413,1,854.00,338.00,364.00,337.00,0.92,-1,-1,-1
413,2,399.00,252.00,277.00,131.00,0.91,-1,-1,-1
413,3,640.00,307.00,384.00,238.00,0.88,-1,-1,-1
414,1,854.00,338.00,364.00,337.00,0.92,-1,-1,-1
414,2,399.00,252.00,277.00,131.00,0.91,-1,-1,-1
414,3,640.00,307.00,383.00,238.00,0.88,-1,-1,-1
415,1,854.00,338.00,364.00,337.00,0.92,-1,-1,-1
415,2,399.00,251.00,277.00,132.00,0.91,-1,-1,-1
415,3,640.00,307.00,384.00,238.00,0.88,-1,-1,-1
416,1,854.00,338.00,364.00,337.00,0.92,-1,-1,-1
416,2,398.00,251.00,278.00,132.00,0.91,-1,-1,-1
416,3,640.00,306.00,384.00,239.00,0.88,-1,-1,-1
417,1,854.00,337.00,364.00,338.00,0.92,-1,-1,-1
417,2,398.00,251.00,278.00,132.00,0.91,-1,-1,-1
417,3,640.00,306.00,384.00,239.00,0.88,-1,-1,-1
418,1,854.00,337.00,364.00,338.00,0.92,-1,-1,-1
418,2,398.00,251.00,278.00,132.00,0.91,-1,-1,-1
418,3,640.00,307.00,383.00,238.00,0.88,-1,-1,-1
419,1,854.00,337.00,364.00,338.00,0.92,-1,-1,-1
419,2,399.00,252.00,277.00,131.00,0.91,-1,-1,-1
419,3,640.00,307.00,383.00,238.00,0.88,-1,-1,-1
420,1,854.00,337.00,364.00,338.00,0.92,-1,-1,-1
420,2,399.00,252.00,277.00,131.00,0.91,-1,-1,-1
420,3,640.00,308.00,383.00,237.00,0.88,-1,-1,-1
421,1,854.00,338.00,364.00,337.00,0.92,-1,-1,-1
421,2,399.00,251.00,277.00,132.00,0.91,-1,-1,-1
421,3,640.00,308.00,383.00,237.00,0.88,-1,-1,-1
422,1,854.00,337.00,364.00,338.00,0.92,-1,-1,-1
422,2,398.00,251.00,278.00,132.00,0.91,-1,-1,-1
422,3,641.00,307.00,382.00,237.00,0.88,-1,-1,-1
423,1,854.00,337.00,364.00,337.00,0.92,-1,-1,-1
423,2,398.00,250.00,279.00,133.00,0.91,-1,-1,-1
423,3,641.00,306.00,382.00,238.00,0.88,-1,-1,-1
424,1,854.00,337.00,364.00,337.00,0.92,-1,-1,-1
424,2,398.00,250.00,279.00,133.00,0.90,-1,-1,-1
424,3,642.00,307.00,380.00,236.00,0.88,-1,-1,-1
425,1,854.00,337.00,364.00,337.00,0.92,-1,-1,-1
425,2,398.00,250.00,279.00,132.00,0.90,-1,-1,-1
425,3,642.00,307.00,380.00,236.00,0.88,-1,-1,-1
426,1,854.00,337.00,364.00,337.00,0.92,-1,-1,-1
426,2,398.00,249.00,279.00,133.00,0.90,-1,-1,-1
426,3,642.00,307.00,380.00,236.00,0.88,-1,-1,-1
427,1,855.00,338.00,363.00,336.00,0.92,-1,-1,-1
427,2,398.00,250.00,279.00,132.00,0.90,-1,-1,-1
427,3,642.00,307.00,380.00,236.00,0.88,-1,-1,-1
428,1,854.00,338.00,364.00,336.00,0.92,-1,-1,-1
428,2,398.00,250.00,279.00,132.00,0.90,-1,-1,-1
428,3,642.00,307.00,380.00,236.00,0.88,-1,-1,-1
429,1,854.00,338.00,364.00,336.00,0.92,-1,-1,-1
429,2,398.00,250.00,279.00,132.00,0.90,-1,-1,-1
429,3,642.00,307.00,380.00,236.00,0.88,-1,-1,-1
430,1,854.00,338.00,364.00,336.00,0.92,-1,-1,-1
430,2,398.00,250.00,279.00,132.00,0.90,-1,-1,-1
430,3,642.00,307.00,380.00,236.00,0.88,-1,-1,-1
431,1,854.00,338.00,364.00,336.00,0.92,-1,-1,-1
431,2,398.00,250.00,279.00,132.00,0.90,-1,-1,-1
431,3,642.00,307.00,380.00,236.00,0.88,-1,-1,-1
432,1,854.00,338.00,364.00,336.00,0.92,-1,-1,-1
432,2,398.00,250.00,278.00,132.00,0.90,-1,-1,-1
432,3,642.00,307.00,380.00,236.00,0.88,-1,-1,-1
433,1,854.00,338.00,364.00,337.00,0.92,-1,-1,-1
433,2,398.00,250.00,279.00,132.00,0.90,-1,-1,-1
433,3,642.00,307.00,380.00,236.00,0.88,-1,-1,-1
434,1,854.00,338.00,364.00,337.00,0.92,-1,-1,-1
434,2,398.00,250.00,279.00,132.00,0.90,-1,-1,-1
434,3,642.00,308.00,380.00,235.00,0.88,-1,-1,-1
435,1,854.00,338.00,364.00,337.00,0.92,-1,-1,-1
435,2,398.00,249.00,279.00,133.00,0.90,-1,-1,-1
435,3,642.00,308.00,380.00,235.00,0.88,-1,-1,-1
436,1,854.00,338.00,364.00,336.00,0.92,-1,-1,-1
436,2,398.00,250.00,278.00,132.00,0.90,-1,-1,-1
436,3,642.00,308.00,380.00,235.00,0.88,-1,-1,-1
437,1,854.00,338.00,364.00,336.00,0.92,-1,-1,-1
437,2,398.00,250.00,279.00,132.00,0.90,-1,-1,-1
437,3,642.00,308.00,380.00,235.00,0.88,-1,-1,-1
438,1,854.00,338.00,364.00,337.00,0.92,-1,-1,-1
438,2,398.00,250.00,279.00,133.00,0.90,-1,-1,-1
438,3,642.00,308.00,380.00,235.00,0.88,-1,-1,-1
439,1,854.00,338.00,364.00,337.00,0.92,-1,-1,-1
439,2,398.00,250.00,279.00,132.00,0.89,-1,-1,-1
439,3,642.00,308.00,380.00,235.00,0.88,-1,-1,-1
440,1,854.00,338.00,364.00,337.00,0.92,-1,-1,-1
440,2,398.00,250.00,279.00,133.00,0.90,-1,-1,-1
440,3,642.00,308.00,380.00,235.00,0.88,-1,-1,-1
441,1,854.00,338.00,364.00,337.00,0.92,-1,-1,-1
441,2,398.00,250.00,279.00,133.00,0.90,-1,-1,-1
441,3,642.00,308.00,381.00,235.00,0.88,-1,-1,-1
442,1,854.00,338.00,364.00,337.00,0.92,-1,-1,-1
442,2,399.00,250.00,277.00,132.00,0.89,-1,-1,-1
442,3,642.00,308.00,381.00,235.00,0.88,-1,-1,-1
443,1,854.00,338.00,364.00,336.00,0.92,-1,-1,-1
443,2,399.00,250.00,277.00,132.00,0.89,-1,-1,-1
443,3,642.00,308.00,381.00,235.00,0.88,-1,-1,-1
444,1,854.00,338.00,364.00,336.00,0.92,-1,-1,-1
444,2,399.00,249.00,277.00,133.00,0.90,-1,-1,-1
444,3,642.00,307.00,381.00,236.00,0.88,-1,-1,-1
445,1,854.00,338.00,364.00,336.00,0.92,-1,-1,-1
445,2,399.00,249.00,277.00,133.00,0.90,-1,-1,-1
445,3,642.00,308.00,381.00,235.00,0.89,-1,-1,-1
446,1,854.00,338.00,364.00,336.00,0.92,-1,-1,-1
446,2,399.00,249.00,278.00,133.00,0.90,-1,-1,-1
446,3,642.00,308.00,381.00,235.00,0.88,-1,-1,-1
447,1,854.00,338.00,364.00,336.00,0.92,-1,-1,-1
447,2,398.00,249.00,279.00,133.00,0.90,-1,-1,-1
447,3,641.00,307.00,382.00,236.00,0.88,-1,-1,-1
448,1,854.00,338.00,364.00,336.00,0.92,-1,-1,-1
448,2,398.00,249.00,279.00,133.00,0.90,-1,-1,-1
448,3,641.00,307.00,382.00,236.00,0.88,-1,-1,-1
449,1,854.00,338.00,364.00,336.00,0.92,-1,-1,-1
449,2,398.00,249.00,279.00,134.00,0.90,-1,-1,-1
449,3,642.00,308.00,381.00,235.00,0.88,-1,-1,-1
450,1,854.00,338.00,364.00,336.00,0.92,-1,-1,-1
450,2,398.00,249.00,279.00,134.00,0.90,-1,-1,-1
450,3,642.00,308.00,381.00,235.00,0.88,-1,-1,-1
451,1,854.00,338.00,364.00,336.00,0.92,-1,-1,-1
451,2,398.00,249.00,279.00,134.00,0.90,-1,-1,-1
451,3,642.00,308.00,381.00,235.00,0.88,-1,-1,-1
452,1,854.00,339.00,364.00,336.00,0.92,-1,-1,-1
452,2,398.00,249.00,278.00,133.00,0.91,-1,-1,-1
452,3,640.00,307.00,384.00,237.00,0.87,-1,-1,-1
453,1,854.00,339.00,364.00,337.00,0.92,-1,-1,-1
453,2,398.00,249.00,278.00,133.00,0.91,-1,-1,-1
453,3,640.00,307.00,384.00,237.00,0.87,-1,-1,-1
454,1,854.00,339.00,364.00,337.00,0.92,-1,-1,-1
454,2,398.00,249.00,278.00,133.00,0.91,-1,-1,-1
454,3,640.00,307.00,384.00,237.00,0.88,-1,-1,-1
455,1,854.00,339.00,364.00,337.00,0.92,-1,-1,-1
455,2,399.00,250.00,277.00,132.00,0.91,-1,-1,-1
455,3,640.00,307.00,384.00,237.00,0.88,-1,-1,-1
456,1,854.00,339.00,364.00,337.00,0.92,-1,-1,-1
456,2,399.00,250.00,277.00,132.00,0.91,-1,-1,-1
456,3,640.00,307.00,383.00,237.00,0.87,-1,-1,-1
457,1,854.00,339.00,364.00,337.00,0.92,-1,-1,-1
457,2,399.00,250.00,277.00,132.00,0.91,-1,-1,-1
457,3,640.00,307.00,383.00,236.00,0.88,-1,-1,-1
458,1,854.00,339.00,364.00,337.00,0.92,-1,-1,-1
458,2,399.00,250.00,277.00,132.00,0.90,-1,-1,-1
458,3,640.00,307.00,383.00,236.00,0.87,-1,-1,-1
459,1,854.00,339.00,364.00,337.00,0.92,-1,-1,-1
459,2,399.00,250.00,277.00,132.00,0.90,-1,-1,-1
459,3,640.00,306.00,383.00,237.00,0.87,-1,-1,-1
460,1,854.00,339.00,364.00,337.00,0.92,-1,-1,-1
460,2,398.00,249.00,278.00,133.00,0.91,-1,-1,-1
460,3,640.00,306.00,384.00,237.00,0.87,-1,-1,-1
461,1,854.00,339.00,364.00,337.00,0.92,-1,-1,-1
461,2,398.00,249.00,279.00,133.00,0.90,-1,-1,-1
461,3,641.00,307.00,382.00,236.00,0.88,-1,-1,-1
462,1,854.00,339.00,364.00,337.00,0.92,-1,-1,-1
462,2,398.00,249.00,279.00,133.00,0.90,-1,-1,-1
462,3,641.00,307.00,382.00,236.00,0.87,-1,-1,-1
463,1,854.00,339.00,364.00,337.00,0.92,-1,-1,-1
463,2,399.00,250.00,277.00,132.00,0.90,-1,-1,-1
463,3,641.00,308.00,382.00,235.00,0.87,-1,-1,-1
464,1,854.00,339.00,364.00,337.00,0.92,-1,-1,-1
464,2,399.00,250.00,276.00,132.00,0.89,-1,-1,-1
464,3,641.00,308.00,382.00,235.00,0.88,-1,-1,-1
465,1,854.00,339.00,364.00,337.00,0.92,-1,-1,-1
465,2,399.00,250.00,276.00,131.00,0.89,-1,-1,-1
465,3,641.00,308.00,382.00,235.00,0.88,-1,-1,-1
466,1,854.00,339.00,364.00,337.00,0.92,-1,-1,-1
466,2,399.00,250.00,276.00,131.00,0.89,-1,-1,-1
466,3,641.00,307.00,382.00,237.00,0.88,-1,-1,-1
467,1,854.00,339.00,364.00,337.00,0.92,-1,-1,-1
467,2,399.00,250.00,276.00,131.00,0.90,-1,-1,-1
467,3,640.00,307.00,384.00,237.00,0.88,-1,-1,-1
468,1,854.00,339.00,364.00,337.00,0.92,-1,-1,-1
468,2,399.00,250.00,276.00,131.00,0.90,-1,-1,-1
468,3,641.00,307.00,383.00,237.00,0.88,-1,-1,-1
469,1,854.00,339.00,364.00,337.00,0.92,-1,-1,-1
469,2,399.00,250.00,276.00,131.00,0.90,-1,-1,-1
469,3,641.00,307.00,382.00,237.00,0.88,-1,-1,-1
470,1,854.00,338.00,364.00,337.00,0.92,-1,-1,-1
470,2,399.00,251.00,276.00,130.00,0.89,-1,-1,-1
470,3,641.00,307.00,383.00,237.00,0.88,-1,-1,-1
471,1,855.00,340.00,363.00,335.00,0.92,-1,-1,-1
471,2,399.00,250.00,277.00,131.00,0.89,-1,-1,-1
471,3,640.00,307.00,384.00,237.00,0.87,-1,-1,-1
472,1,854.00,339.00,364.00,337.00,0.92,-1,-1,-1
472,2,399.00,250.00,277.00,131.00,0.89,-1,-1,-1
472,3,640.00,306.00,384.00,238.00,0.87,-1,-1,-1
473,1,854.00,339.00,364.00,337.00,0.92,-1,-1,-1
473,2,399.00,250.00,277.00,131.00,0.90,-1,-1,-1
473,3,640.00,307.00,384.00,237.00,0.87,-1,-1,-1
474,1,854.00,338.00,364.00,337.00,0.92,-1,-1,-1
474,2,399.00,250.00,277.00,131.00,0.90,-1,-1,-1
474,3,640.00,307.00,384.00,237.00,0.87,-1,-1,-1
475,1,854.00,338.00,364.00,336.00,0.92,-1,-1,-1
475,2,399.00,250.00,277.00,131.00,0.90,-1,-1,-1
475,3,640.00,306.00,384.00,238.00,0.87,-1,-1,-1
476,1,854.00,339.00,364.00,336.00,0.92,-1,-1,-1
476,2,399.00,250.00,277.00,131.00,0.90,-1,-1,-1
476,3,640.00,307.00,384.00,237.00,0.88,-1,-1,-1
477,1,854.00,339.00,364.00,337.00,0.92,-1,-1,-1
477,2,398.00,250.00,278.00,131.00,0.90,-1,-1,-1
477,3,641.00,307.00,382.00,237.00,0.88,-1,-1,-1
478,1,854.00,339.00,364.00,337.00,0.92,-1,-1,-1
478,2,398.00,250.00,279.00,131.00,0.90,-1,-1,-1
478,3,641.00,308.00,382.00,236.00,0.88,-1,-1,-1
479,1,854.00,339.00,364.00,337.00,0.92,-1,-1,-1
479,2,398.00,250.00,278.00,131.00,0.90,-1,-1,-1
479,3,641.00,307.00,382.00,237.00,0.88,-1,-1,-1
480,1,854.00,338.00,364.00,337.00,0.92,-1,-1,-1
480,2,398.00,250.00,278.00,131.00,0.90,-1,-1,-1
480,3,640.00,307.00,383.00,237.00,0.88,-1,-1,-1
481,1,854.00,338.00,364.00,337.00,0.92,-1,-1,-1
481,2,398.00,250.00,278.00,131.00,0.90,-1,-1,-1
481,3,640.00,307.00,384.00,237.00,0.87,-1,-1,-1
482,1,854.00,338.00,364.00,337.00,0.92,-1,-1,-1
482,2,398.00,251.00,278.00,131.00,0.90,-1,-1,-1
482,3,639.00,306.00,386.00,239.00,0.88,-1,-1,-1
483,1,854.00,338.00,364.00,337.00,0.92,-1,-1,-1
483,2,398.00,252.00,279.00,131.00,0.90,-1,-1,-1
483,3,639.00,306.00,386.00,239.00,0.88,-1,-1,-1
484,1,854.00,338.00,364.00,338.00,0.92,-1,-1,-1
484,2,399.00,252.00,278.00,131.00,0.90,-1,-1,-1
484,3,639.00,306.00,386.00,239.00,0.88,-1,-1,-1
485,1,854.00,338.00,364.00,338.00,0.92,-1,-1,-1
485,2,399.00,252.00,278.00,132.00,0.91,-1,-1,-1
485,3,639.00,306.00,386.00,239.00,0.88,-1,-1,-1
486,1,854.00,338.00,364.00,338.00,0.92,-1,-1,-1
486,2,399.00,252.00,278.00,132.00,0.91,-1,-1,-1
486,3,640.00,306.00,385.00,239.00,0.88,-1,-1,-1
487,1,854.00,339.00,364.00,337.00,0.92,-1,-1,-1
487,2,398.00,252.00,279.00,132.00,0.90,-1,-1,-1
487,3,640.00,306.00,385.00,239.00,0.88,-1,-1,-1
488,1,854.00,339.00,364.00,337.00,0.93,-1,-1,-1
488,2,399.00,252.00,278.00,132.00,0.90,-1,-1,-1
488,3,640.00,306.00,385.00,239.00,0.88,-1,-1,-1
489,1,854.00,339.00,364.00,337.00,0.92,-1,-1,-1
489,2,398.00,252.00,279.00,132.00,0.91,-1,-1,-1
489,3,640.00,306.00,384.00,239.00,0.88,-1,-1,-1
490,1,854.00,338.00,364.00,338.00,0.92,-1,-1,-1
490,2,398.00,252.00,279.00,132.00,0.91,-1,-1,-1
490,3,640.00,306.00,384.00,239.00,0.88,-1,-1,-1
491,1,854.00,338.00,364.00,338.00,0.92,-1,-1,-1
491,2,398.00,251.00,279.00,133.00,0.91,-1,-1,-1
491,3,640.00,305.00,384.00,240.00,0.87,-1,-1,-1
492,1,854.00,338.00,364.00,338.00,0.92,-1,-1,-1
492,2,398.00,251.00,279.00,133.00,0.90,-1,-1,-1
492,3,640.00,305.00,384.00,240.00,0.87,-1,-1,-1
493,1,854.00,338.00,364.00,338.00,0.92,-1,-1,-1
493,2,398.00,251.00,279.00,133.00,0.90,-1,-1,-1
493,3,640.00,305.00,384.00,240.00,0.87,-1,-1,-1
494,1,854.00,338.00,364.00,338.00,0.92,-1,-1,-1
494,2,399.00,251.00,278.00,132.00,0.90,-1,-1,-1
494,3,640.00,305.00,384.00,240.00,0.87,-1,-1,-1
495,1,854.00,338.00,364.00,338.00,0.92,-1,-1,-1
495,2,399.00,251.00,277.00,132.00,0.90,-1,-1,-1
495,3,640.00,305.00,384.00,240.00,0.87,-1,-1,-1
496,1,854.00,338.00,364.00,337.00,0.92,-1,-1,-1
496,2,399.00,251.00,277.00,132.00,0.90,-1,-1,-1
496,3,641.00,305.00,383.00,240.00,0.87,-1,-1,-1
497,1,854.00,338.00,364.00,337.00,0.92,-1,-1,-1
497,2,399.00,251.00,277.00,132.00,0.90,-1,-1,-1
497,3,641.00,305.00,383.00,240.00,0.88,-1,-1,-1
498,1,854.00,338.00,364.00,337.00,0.92,-1,-1,-1
498,2,399.00,251.00,277.00,132.00,0.90,-1,-1,-1
498,3,641.00,305.00,383.00,240.00,0.87,-1,-1,-1
499,1,854.00,338.00,364.00,337.00,0.92,-1,-1,-1
499,2,399.00,251.00,277.00,132.00,0.90,-1,-1,-1
499,3,641.00,305.00,383.00,240.00,0.87,-1,-1,-1
500,1,854.00,338.00,364.00,337.00,0.92,-1,-1,-1
500,2,398.00,251.00,278.00,132.00,0.90,-1,-1,-1
500,3,641.00,305.00,382.00,240.00,0.88,-1,-1,-1
501,1,854.00,338.00,364.00,337.00,0.92,-1,-1,-1
501,2,398.00,251.00,278.00,132.00,0.90,-1,-1,-1
501,3,641.00,306.00,382.00,239.00,0.88,-1,-1,-1
502,1,854.00,338.00,364.00,337.00,0.92,-1,-1,-1
502,2,398.00,251.00,279.00,132.00,0.90,-1,-1,-1
502,3,641.00,306.00,382.00,239.00,0.88,-1,-1,-1
503,1,854.00,338.00,364.00,337.00,0.92,-1,-1,-1
503,2,398.00,251.00,279.00,132.00,0.90,-1,-1,-1
503,3,641.00,305.00,383.00,240.00,0.87,-1,-1,-1
504,1,854.00,338.00,364.00,337.00,0.92,-1,-1,-1
504,2,398.00,251.00,279.00,133.00,0.91,-1,-1,-1
504,3,641.00,305.00,383.00,240.00,0.87,-1,-1,-1
505,1,854.00,338.00,364.00,337.00,0.92,-1,-1,-1
505,2,398.00,251.00,279.00,133.00,0.90,-1,-1,-1
505,3,641.00,305.00,383.00,240.00,0.87,-1,-1,-1
506,1,854.00,338.00,364.00,337.00,0.92,-1,-1,-1
506,2,399.00,251.00,278.00,133.00,0.90,-1,-1,-1
506,3,641.00,305.00,383.00,240.00,0.87,-1,-1,-1
507,1,854.00,338.00,364.00,337.00,0.92,-1,-1,-1
507,2,399.00,251.00,278.00,133.00,0.90,-1,-1,-1
507,3,641.00,305.00,383.00,240.00,0.87,-1,-1,-1
508,1,854.00,338.00,364.00,337.00,0.92,-1,-1,-1
508,2,399.00,251.00,277.00,132.00,0.90,-1,-1,-1
508,3,641.00,305.00,383.00,240.00,0.87,-1,-1,-1
509,1,854.00,338.00,364.00,337.00,0.93,-1,-1,-1
509,2,399.00,251.00,277.00,132.00,0.90,-1,-1,-1
509,3,641.00,305.00,383.00,240.00,0.87,-1,-1,-1
510,1,854.00,338.00,364.00,337.00,0.93,-1,-1,-1
510,2,399.00,251.00,278.00,132.00,0.90,-1,-1,-1
510,3,641.00,305.00,383.00,240.00,0.87,-1,-1,-1
511,1,854.00,338.00,364.00,338.00,0.93,-1,-1,-1
511,2,399.00,251.00,278.00,133.00,0.91,-1,-1,-1
511,3,641.00,305.00,382.00,240.00,0.87,-1,-1,-1
512,1,854.00,338.00,364.00,337.00,0.93,-1,-1,-1
512,2,399.00,252.00,277.00,131.00,0.91,-1,-1,-1
512,3,641.00,305.00,382.00,240.00,0.87,-1,-1,-1
513,1,855.00,338.00,363.00,337.00,0.93,-1,-1,-1
513,2,400.00,252.00,276.00,131.00,0.91,-1,-1,-1
513,3,641.00,306.00,382.00,239.00,0.87,-1,-1,-1
514,1,855.00,339.00,363.00,336.00,0.93,-1,-1,-1
514,2,400.00,252.00,276.00,131.00,0.91,-1,-1,-1
514,3,642.00,306.00,381.00,239.00,0.88,-1,-1,-1
515,1,855.00,338.00,363.00,336.00,0.93,-1,-1,-1
515,2,400.00,252.00,276.00,131.00,0.90,-1,-1,-1
515,3,641.00,305.00,382.00,240.00,0.88,-1,-1,-1
516,1,855.00,339.00,363.00,335.00,0.93,-1,-1,-1
516,2,400.00,252.00,276.00,131.00,0.91,-1,-1,-1
516,3,641.00,305.00,383.00,240.00,0.88,-1,-1,-1
517,1,855.00,339.00,363.00,335.00,0.93,-1,-1,-1
517,2,400.00,252.00,276.00,131.00,0.90,-1,-1,-1
517,3,641.00,304.00,383.00,241.00,0.87,-1,-1,-1
518,1,855.00,339.00,363.00,335.00,0.93,-1,-1,-1
518,2,400.00,252.00,276.00,131.00,0.91,-1,-1,-1
518,3,641.00,304.00,383.00,241.00,0.87,-1,-1,-1
519,1,854.00,338.00,364.00,336.00,0.93,-1,-1,-1
519,2,399.00,252.00,277.00,131.00,0.91,-1,-1,-1
519,3,641.00,304.00,383.00,241.00,0.87,-1,-1,-1
520,1,854.00,338.00,364.00,336.00,0.93,-1,-1,-1
520,2,399.00,252.00,277.00,131.00,0.91,-1,-1,-1
520,3,641.00,304.00,383.00,241.00,0.87,-1,-1,-1
521,1,854.00,338.00,364.00,336.00,0.93,-1,-1,-1
521,2,399.00,252.00,277.00,131.00,0.91,-1,-1,-1
521,3,640.00,304.00,384.00,241.00,0.87,-1,-1,-1
522,1,854.00,338.00,364.00,336.00,0.93,-1,-1,-1
522,2,399.00,252.00,277.00,131.00,0.91,-1,-1,-1
522,3,640.00,303.00,384.00,242.00,0.87,-1,-1,-1
523,1,854.00,338.00,364.00,337.00,0.93,-1,-1,-1
523,2,399.00,252.00,277.00,131.00,0.91,-1,-1,-1
523,3,639.00,303.00,385.00,242.00,0.87,-1,-1,-1
524,1,854.00,338.00,364.00,337.00,0.93,-1,-1,-1
524,2,399.00,252.00,277.00,131.00,0.91,-1,-1,-1
524,3,640.00,304.00,384.00,241.00,0.87,-1,-1,-1
525,1,854.00,338.00,364.00,337.00,0.93,-1,-1,-1
525,2,399.00,252.00,277.00,131.00,0.91,-1,-1,-1
525,3,641.00,304.00,383.00,241.00,0.87,-1,-1,-1
526,1,854.00,338.00,364.00,337.00,0.93,-1,-1,-1
526,2,399.00,252.00,277.00,131.00,0.91,-1,-1,-1
526,3,641.00,304.00,383.00,241.00,0.87,-1,-1,-1
527,1,854.00,338.00,364.00,337.00,0.93,-1,-1,-1
527,2,399.00,251.00,277.00,132.00,0.91,-1,-1,-1
527,3,641.00,304.00,382.00,241.00,0.87,-1,-1,-1
528,1,854.00,338.00,364.00,337.00,0.93,-1,-1,-1
528,2,399.00,251.00,277.00,132.00,0.91,-1,-1,-1
528,3,641.00,304.00,382.00,241.00,0.87,-1,-1,-1
529,1,854.00,338.00,364.00,337.00,0.93,-1,-1,-1
529,2,399.00,251.00,277.00,132.00,0.91,-1,-1,-1
529,3,641.00,304.00,382.00,241.00,0.87,-1,-1,-1
530,1,854.00,338.00,364.00,337.00,0.93,-1,-1,-1
530,2,399.00,251.00,277.00,131.00,0.91,-1,-1,-1
530,3,641.00,304.00,382.00,241.00,0.87,-1,-1,-1
531,1,854.00,338.00,364.00,337.00,0.93,-1,-1,-1
531,2,399.00,251.00,277.00,131.00,0.91,-1,-1,-1
531,3,641.00,305.00,382.00,240.00,0.87,-1,-1,-1
532,1,854.00,338.00,364.00,336.00,0.93,-1,-1,-1
532,2,399.00,252.00,277.00,130.00,0.91,-1,-1,-1
532,3,641.00,305.00,382.00,240.00,0.87,-1,-1,-1
533,1,854.00,338.00,364.00,337.00,0.93,-1,-1,-1
533,2,399.00,252.00,277.00,131.00,0.90,-1,-1,-1
533,3,642.00,305.00,381.00,240.00,0.88,-1,-1,-1
534,1,854.00,338.00,364.00,337.00,0.93,-1,-1,-1
534,2,399.00,251.00,277.00,132.00,0.91,-1,-1,-1
534,3,642.00,305.00,381.00,240.00,0.88,-1,-1,-1
535,1,855.00,339.00,363.00,335.00,0.93,-1,-1,-1
535,2,399.00,251.00,278.00,132.00,0.91,-1,-1,-1
535,3,641.00,304.00,382.00,241.00,0.87,-1,-1,-1
536,1,854.00,339.00,364.00,336.00,0.92,-1,-1,-1
536,2,399.00,251.00,278.00,132.00,0.91,-1,-1,-1
536,3,641.00,304.00,382.00,241.00,0.88,-1,-1,-1
537,1,854.00,338.00,364.00,337.00,0.92,-1,-1,-1
537,2,399.00,251.00,278.00,132.00,0.91,-1,-1,-1
537,3,641.00,305.00,382.00,240.00,0.87,-1,-1,-1
538,1,854.00,338.00,364.00,337.00,0.92,-1,-1,-1
538,2,399.00,251.00,278.00,132.00,0.91,-1,-1,-1
538,3,641.00,305.00,382.00,240.00,0.87,-1,-1,-1
539,1,854.00,338.00,364.00,337.00,0.93,-1,-1,-1
539,2,399.00,251.00,278.00,132.00,0.92,-1,-1,-1
539,3,641.00,305.00,382.00,240.00,0.87,-1,-1,-1
540,1,854.00,338.00,364.00,337.00,0.93,-1,-1,-1
540,2,399.00,251.00,278.00,132.00,0.92,-1,-1,-1
540,3,641.00,305.00,382.00,240.00,0.87,-1,-1,-1
541,1,854.00,338.00,364.00,336.00,0.93,-1,-1,-1
541,2,399.00,251.00,278.00,132.00,0.92,-1,-1,-1
541,3,641.00,305.00,382.00,240.00,0.87,-1,-1,-1
542,1,854.00,338.00,364.00,336.00,0.92,-1,-1,-1
542,2,398.00,251.00,279.00,132.00,0.90,-1,-1,-1
542,3,641.00,305.00,382.00,240.00,0.86,-1,-1,-1
543,1,854.00,338.00,364.00,337.00,0.92,-1,-1,-1
543,2,399.00,251.00,278.00,132.00,0.90,-1,-1,-1
543,3,641.00,305.00,383.00,240.00,0.85,-1,-1,-1
544,1,854.00,338.00,364.00,337.00,0.92,-1,-1,-1
544,2,398.00,251.00,279.00,132.00,0.89,-1,-1,-1
544,3,641.00,305.00,382.00,240.00,0.86,-1,-1,-1
545,1,854.00,338.00,364.00,337.00,0.92,-1,-1,-1
545,2,398.00,251.00,279.00,132.00,0.90,-1,-1,-1
545,3,641.00,305.00,382.00,240.00,0.86,-1,-1,-1
546,1,854.00,338.00,364.00,337.00,0.92,-1,-1,-1
546,2,399.00,251.00,278.00,132.00,0.89,-1,-1,-1
546,3,641.00,305.00,382.00,240.00,0.86,-1,-1,-1
547,1,854.00,338.00,364.00,337.00,0.92,-1,-1,-1
547,2,399.00,251.00,278.00,132.00,0.89,-1,-1,-1
547,3,642.00,305.00,381.00,240.00,0.86,-1,-1,-1
548,1,854.00,338.00,364.00,337.00,0.92,-1,-1,-1
548,2,399.00,251.00,278.00,132.00,0.89,-1,-1,-1
548,3,642.00,305.00,381.00,240.00,0.86,-1,-1,-1
549,1,854.00,338.00,364.00,337.00,0.92,-1,-1,-1
549,2,398.00,251.00,279.00,132.00,0.90,-1,-1,-1
549,3,642.00,305.00,381.00,240.00,0.86,-1,-1,-1
550,1,854.00,338.00,364.00,337.00,0.92,-1,-1,-1
550,2,398.00,251.00,279.00,132.00,0.90,-1,-1,-1
550,3,642.00,305.00,381.00,240.00,0.86,-1,-1,-1
551,1,854.00,338.00,364.00,337.00,0.92,-1,-1,-1
551,2,398.00,251.00,279.00,132.00,0.90,-1,-1,-1
551,3,641.00,305.00,382.00,240.00,0.86,-1,-1,-1
552,1,854.00,338.00,364.00,337.00,0.92,-1,-1,-1
552,2,398.00,251.00,279.00,132.00,0.90,-1,-1,-1
552,3,641.00,305.00,382.00,240.00,0.86,-1,-1,-1
553,1,854.00,338.00,364.00,337.00,0.92,-1,-1,-1
553,2,398.00,251.00,279.00,133.00,0.90,-1,-1,-1
553,3,642.00,305.00,381.00,240.00,0.86,-1,-1,-1
554,1,854.00,338.00,364.00,337.00,0.92,-1,-1,-1
554,2,398.00,251.00,279.00,133.00,0.90,-1,-1,-1
554,3,642.00,305.00,381.00,240.00,0.86,-1,-1,-1
555,1,854.00,338.00,364.00,337.00,0.92,-1,-1,-1
555,2,398.00,251.00,279.00,133.00,0.90,-1,-1,-1
555,3,642.00,305.00,381.00,240.00,0.87,-1,-1,-1
556,1,854.00,338.00,364.00,337.00,0.92,-1,-1,-1
556,2,398.00,251.00,279.00,133.00,0.90,-1,-1,-1
556,3,642.00,306.00,381.00,239.00,0.87,-1,-1,-1
557,1,854.00,338.00,364.00,337.00,0.92,-1,-1,-1
557,2,399.00,251.00,277.00,133.00,0.90,-1,-1,-1
557,3,641.00,305.00,382.00,240.00,0.86,-1,-1,-1
558,1,854.00,338.00,364.00,337.00,0.92,-1,-1,-1
558,2,399.00,251.00,277.00,133.00,0.90,-1,-1,-1
558,3,641.00,305.00,382.00,240.00,0.86,-1,-1,-1
559,1,854.00,338.00,364.00,337.00,0.92,-1,-1,-1
559,2,398.00,251.00,278.00,133.00,0.89,-1,-1,-1
559,3,641.00,305.00,382.00,240.00,0.85,-1,-1,-1
560,1,854.00,338.00,364.00,337.00,0.92,-1,-1,-1
560,2,399.00,251.00,277.00,133.00,0.89,-1,-1,-1
560,3,641.00,305.00,382.00,240.00,0.85,-1,-1,-1
561,1,854.00,338.00,364.00,337.00,0.92,-1,-1,-1
561,2,399.00,251.00,277.00,133.00,0.89,-1,-1,-1
561,3,641.00,305.00,382.00,240.00,0.85,-1,-1,-1
562,1,854.00,338.00,364.00,337.00,0.92,-1,-1,-1
562,2,399.00,251.00,277.00,133.00,0.89,-1,-1,-1
562,3,641.00,305.00,382.00,240.00,0.85,-1,-1,-1
563,1,854.00,338.00,364.00,337.00,0.92,-1,-1,-1
563,2,399.00,251.00,277.00,133.00,0.90,-1,-1,-1
563,3,641.00,305.00,382.00,240.00,0.86,-1,-1,-1
564,1,854.00,338.00,364.00,337.00,0.92,-1,-1,-1
564,2,399.00,251.00,277.00,133.00,0.90,-1,-1,-1
564,3,641.00,305.00,382.00,240.00,0.86,-1,-1,-1
565,1,854.00,338.00,364.00,337.00,0.92,-1,-1,-1
565,2,399.00,251.00,277.00,133.00,0.90,-1,-1,-1
565,3,642.00,306.00,381.00,239.00,0.86,-1,-1,-1
566,1,854.00,338.00,364.00,337.00,0.92,-1,-1,-1
566,2,399.00,251.00,277.00,133.00,0.90,-1,-1,-1
566,3,642.00,306.00,380.00,239.00,0.87,-1,-1,-1
567,1,854.00,338.00,364.00,337.00,0.92,-1,-1,-1
567,2,399.00,251.00,277.00,133.00,0.90,-1,-1,-1
567,3,642.00,307.00,380.00,238.00,0.87,-1,-1,-1
568,1,855.00,338.00,362.00,337.00,0.92,-1,-1,-1
568,2,399.00,251.00,277.00,133.00,0.90,-1,-1,-1
568,3,642.00,307.00,380.00,238.00,0.87,-1,-1,-1
569,1,855.00,338.00,362.00,337.00,0.92,-1,-1,-1
569,2,399.00,252.00,277.00,132.00,0.90,-1,-1,-1
569,3,642.00,307.00,380.00,238.00,0.87,-1,-1,-1
570,1,855.00,338.00,362.00,337.00,0.92,-1,-1,-1
570,2,399.00,252.00,277.00,132.00,0.90,-1,-1,-1
570,3,642.00,306.00,381.00,239.00,0.87,-1,-1,-1
571,1,854.00,338.00,363.00,337.00,0.92,-1,-1,-1
571,2,399.00,252.00,277.00,132.00,0.90,-1,-1,-1
571,3,642.00,307.00,380.00,238.00,0.87,-1,-1,-1
572,1,855.00,338.00,363.00,337.00,0.92,-1,-1,-1
572,2,399.00,252.00,277.00,132.00,0.91,-1,-1,-1
572,3,643.00,307.00,379.00,237.00,0.87,-1,-1,-1
573,1,855.00,338.00,363.00,336.00,0.92,-1,-1,-1
573,2,399.00,252.00,277.00,132.00,0.91,-1,-1,-1
573,3,643.00,307.00,378.00,237.00,0.87,-1,-1,-1
574,1,855.00,338.00,363.00,336.00,0.92,-1,-1,-1
574,2,398.00,252.00,278.00,132.00,0.91,-1,-1,-1
574,3,643.00,307.00,378.00,237.00,0.87,-1,-1,-1
575,1,855.00,338.00,363.00,336.00,0.92,-1,-1,-1
575,2,398.00,251.00,278.00,133.00,0.91,-1,-1,-1
575,3,643.00,307.00,378.00,237.00,0.87,-1,-1,-1
576,1,855.00,338.00,363.00,336.00,0.92,-1,-1,-1
576,2,398.00,251.00,278.00,133.00,0.91,-1,-1,-1
576,3,643.00,307.00,379.00,237.00,0.88,-1,-1,-1
577,1,855.00,338.00,363.00,336.00,0.92,-1,-1,-1
577,2,398.00,251.00,278.00,133.00,0.91,-1,-1,-1
577,3,643.00,307.00,378.00,237.00,0.88,-1,-1,-1
578,1,854.00,338.00,364.00,336.00,0.92,-1,-1,-1
578,2,398.00,251.00,278.00,133.00,0.91,-1,-1,-1
578,3,643.00,308.00,379.00,236.00,0.87,-1,-1,-1
579,1,854.00,338.00,364.00,336.00,0.92,-1,-1,-1
579,2,398.00,251.00,278.00,133.00,0.91,-1,-1,-1
579,3,643.00,307.00,379.00,237.00,0.87,-1,-1,-1
