2,1,329.00,269.00,432.00,233.00,0.91,-1,-1,-1
2,2,530.00,240.00,267.00,167.00,0.83,-1,-1,-1
2,5,528.00,203.00,317.00,90.00,0.34,-1,-1,-1
3,1,329.00,269.00,432.00,234.00,0.91,-1,-1,-1
3,2,530.00,239.00,266.00,167.00,0.85,-1,-1,-1
3,5,529.00,203.00,309.00,87.00,0.27,-1,-1,-1
3,6,645.00,203.00,183.00,87.00,0.34,-1,-1,-1
4,1,329.00,269.00,432.00,234.00,0.91,-1,-1,-1
4,2,529.00,239.00,266.00,167.00,0.85,-1,-1,-1
4,5,530.00,203.00,305.00,86.00,0.24,-1,-1,-1
4,6,652.00,203.00,181.00,86.00,0.31,-1,-1,-1
5,1,328.00,268.00,433.00,235.00,0.91,-1,-1,-1
5,2,529.00,238.00,265.00,167.00,0.85,-1,-1,-1
5,5,530.00,203.00,304.00,86.00,0.24,-1,-1,-1
5,6,651.00,203.00,180.00,86.00,0.34,-1,-1,-1
6,1,328.00,268.00,434.00,235.00,0.91,-1,-1,-1
6,2,529.00,238.00,265.00,167.00,0.85,-1,-1,-1
6,5,531.00,202.00,306.00,87.00,0.26,-1,-1,-1
6,6,647.00,203.00,181.00,86.00,0.33,-1,-1,-1
7,1,328.00,268.00,434.00,235.00,0.91,-1,-1,-1
7,2,529.00,238.00,265.00,167.00,0.85,-1,-1,-1
7,5,530.00,203.00,307.00,86.00,0.26,-1,-1,-1
7,6,651.00,203.00,182.00,87.00,0.30,-1,-1,-1
8,1,328.00,268.00,433.00,235.00,0.91,-1,-1,-1
8,2,530.00,239.00,265.00,166.00,0.85,-1,-1,-1
8,5,528.00,203.00,309.00,87.00,0.29,-1,-1,-1
8,6,651.00,202.00,183.00,88.00,0.26,-1,-1,-1
9,1,329.00,268.00,432.00,235.00,0.91,-1,-1,-1
9,2,530.00,239.00,265.00,166.00,0.85,-1,-1,-1
9,5,526.00,202.00,311.00,89.00,0.30,-1,-1,-1
9,6,651.00,202.00,183.00,88.00,0.27,-1,-1,-1
10,1,329.00,269.00,432.00,234.00,0.91,-1,-1,-1
10,2,530.00,238.00,266.00,167.00,0.85,-1,-1,-1
10,5,524.00,202.00,312.00,89.00,0.32,-1,-1,-1
10,6,650.00,202.00,183.00,88.00,0.29,-1,-1,-1
11,1,328.00,269.00,432.00,234.00,0.91,-1,-1,-1
11,2,531.00,239.00,264.00,166.00,0.84,-1,-1,-1
11,5,521.00,202.00,313.00,90.00,0.32,-1,-1,-1
11,6,650.00,203.00,181.00,87.00,0.25,-1,-1,-1
12,1,329.00,269.00,431.00,234.00,0.91,-1,-1,-1
12,2,530.00,240.00,264.00,165.00,0.85,-1,-1,-1
12,5,519.00,202.00,317.00,91.00,0.26,-1,-1,-1
12,6,650.00,203.00,183.00,90.00,0.24,-1,-1,-1
13,1,329.00,269.00,431.00,234.00,0.91,-1,-1,-1
13,2,530.00,240.00,264.00,165.00,0.85,-1,-1,-1
13,5,519.00,202.00,319.00,92.00,0.24,-1,-1,-1
13,6,650.00,203.00,183.00,90.00,0.25,-1,-1,-1
14,1,328.00,269.00,432.00,234.00,0.91,-1,-1,-1
14,2,530.00,240.00,264.00,165.00,0.82,-1,-1,-1
14,5,523.00,202.00,320.00,93.00,0.25,-1,-1,-1
14,6,650.00,203.00,183.00,91.00,0.11,-1,-1,-1
15,1,329.00,269.00,431.00,234.00,0.91,-1,-1,-1
15,2,531.00,240.00,263.00,165.00,0.84,-1,-1,-1
15,5,520.00,202.00,319.00,93.00,0.28,-1,-1,-1
15,6,652.00,203.00,182.00,91.00,0.20,-1,-1,-1
16,1,329.00,269.00,431.00,234.00,0.91,-1,-1,-1
16,2,530.00,240.00,265.00,166.00,0.85,-1,-1,-1
16,5,521.00,202.00,317.00,93.00,0.27,-1,-1,-1
16,6,643.00,203.00,188.00,91.00,0.21,-1,-1,-1
17,1,329.00,269.00,431.00,234.00,0.91,-1,-1,-1
17,2,530.00,240.00,263.00,164.00,0.82,-1,-1,-1
17,5,523.00,202.00,316.00,92.00,0.36,-1,-1,-1
17,6,651.00,203.00,183.00,89.00,0.20,-1,-1,-1
18,1,329.00,269.00,432.00,234.00,0.90,-1,-1,-1
18,2,530.00,240.00,256.00,159.00,0.78,-1,-1,-1
18,5,532.00,202.00,319.00,93.00,0.38,-1,-1,-1
18,6,653.00,202.00,183.00,90.00,0.22,-1,-1,-1
19,1,330.00,269.00,431.00,234.00,0.91,-1,-1,-1
19,2,528.00,240.00,254.00,158.00,0.77,-1,-1,-1
19,5,541.00,202.00,326.00,94.00,0.33,-1,-1,-1
20,1,330.00,268.00,432.00,235.00,0.91,-1,-1,-1
20,2,529.00,241.00,246.00,153.00,0.62,-1,-1,-1
20,5,542.00,202.00,332.00,94.00,0.25,-1,-1,-1
21,1,329.00,268.00,433.00,235.00,0.91,-1,-1,-1
21,2,531.00,244.00,239.00,148.00,0.55,-1,-1,-1
21,5,541.00,202.00,338.00,95.00,0.23,-1,-1,-1
22,1,329.00,269.00,432.00,234.00,0.91,-1,-1,-1
22,2,528.00,244.00,244.00,151.00,0.62,-1,-1,-1
22,5,534.00,202.00,338.00,95.00,0.15,-1,-1,-1
23,1,329.00,268.00,432.00,235.00,0.91,-1,-1,-1
23,2,534.00,244.00,231.00,142.00,0.40,-1,-1,-1
23,5,527.00,202.00,339.00,96.00,0.20,-1,-1,-1
24,1,328.00,268.00,434.00,235.00,0.92,-1,-1,-1
24,2,545.00,243.00,201.00,121.00,0.37,-1,-1,-1
24,5,525.00,202.00,339.00,96.00,0.33,-1,-1,-1
25,1,328.00,268.00,434.00,235.00,0.92,-1,-1,-1
25,2,542.00,243.00,221.00,131.00,0.33,-1,-1,-1
25,5,524.00,202.00,338.00,96.00,0.35,-1,-1,-1
25,6,631.00,202.00,222.00,91.00,0.32,-1,-1,-1
26,1,328.00,268.00,434.00,235.00,0.92,-1,-1,-1
26,2,549.00,244.00,235.00,138.00,0.32,-1,-1,-1
26,5,522.00,202.00,338.00,97.00,0.37,-1,-1,-1
26,6,624.00,201.00,227.00,94.00,0.35,-1,-1,-1
27,1,328.00,268.00,433.00,235.00,0.92,-1,-1,-1
27,2,550.00,242.00,236.00,137.00,0.40,-1,-1,-1
27,5,522.00,202.00,339.00,97.00,0.30,-1,-1,-1
27,6,622.00,201.00,226.00,96.00,0.40,-1,-1,-1
28,1,328.00,267.00,434.00,236.00,0.92,-1,-1,-1
28,2,555.00,240.00,229.00,130.00,0.31,-1,-1,-1
28,5,524.00,201.00,338.00,99.00,0.29,-1,-1,-1
28,6,623.00,201.00,223.00,96.00,0.39,-1,-1,-1
29,1,328.00,267.00,433.00,236.00,0.92,-1,-1,-1
29,2,547.00,241.00,251.00,140.00,0.50,-1,-1,-1
29,5,523.00,202.00,338.00,99.00,0.38,-1,-1,-1
29,6,620.00,202.00,223.00,96.00,0.34,-1,-1,-1
30,1,328.00,267.00,433.00,236.00,0.92,-1,-1,-1
30,2,536.00,240.00,278.00,155.00,0.60,-1,-1,-1
30,5,524.00,202.00,337.00,99.00,0.36,-1,-1,-1
30,6,613.00,202.00,223.00,96.00,0.31,-1,-1,-1
31,1,327.00,266.00,436.00,237.00,0.92,-1,-1,-1
31,2,530.00,241.00,286.00,160.00,0.57,-1,-1,-1
31,5,525.00,202.00,336.00,99.00,0.34,-1,-1,-1
31,6,617.00,202.00,221.00,96.00,0.28,-1,-1,-1
32,1,328.00,267.00,435.00,237.00,0.91,-1,-1,-1
32,2,522.00,240.00,287.00,162.00,0.67,-1,-1,-1
32,6,613.00,203.00,222.00,95.00,0.40,-1,-1,-1
33,1,329.00,267.00,434.00,236.00,0.91,-1,-1,-1
33,2,519.00,240.00,287.00,163.00,0.64,-1,-1,-1
33,6,609.00,204.00,225.00,94.00,0.33,-1,-1,-1
34,1,329.00,267.00,434.00,237.00,0.91,-1,-1,-1
34,2,519.00,240.00,284.00,164.00,0.70,-1,-1,-1
34,5,549.00,203.00,327.00,98.00,0.36,-1,-1,-1
35,1,329.00,267.00,434.00,236.00,0.91,-1,-1,-1
35,2,521.00,242.00,280.00,162.00,0.67,-1,-1,-1
35,5,529.00,203.00,337.00,102.00,0.53,-1,-1,-1
36,1,329.00,267.00,434.00,236.00,0.91,-1,-1,-1
36,2,522.00,243.00,278.00,161.00,0.60,-1,-1,-1
36,5,518.00,204.00,347.00,105.00,0.48,-1,-1,-1
37,1,330.00,267.00,432.00,236.00,0.91,-1,-1,-1
37,2,525.00,245.00,273.00,158.00,0.79,-1,-1,-1
37,5,520.00,204.00,339.00,103.00,0.53,-1,-1,-1
38,1,330.00,268.00,431.00,235.00,0.91,-1,-1,-1
38,2,525.00,243.00,272.00,159.00,0.71,-1,-1,-1
38,5,525.00,204.00,337.00,102.00,0.40,-1,-1,-1
39,1,330.00,268.00,431.00,235.00,0.91,-1,-1,-1
39,2,525.00,242.00,273.00,160.00,0.70,-1,-1,-1
39,5,523.00,203.00,337.00,103.00,0.37,-1,-1,-1
40,1,329.00,268.00,432.00,235.00,0.91,-1,-1,-1
40,2,525.00,241.00,272.00,161.00,0.72,-1,-1,-1
40,5,522.00,203.00,336.00,103.00,0.40,-1,-1,-1
41,1,329.00,268.00,432.00,235.00,0.92,-1,-1,-1
41,2,525.00,240.00,273.00,162.00,0.68,-1,-1,-1
41,5,521.00,203.00,336.00,103.00,0.35,-1,-1,-1
42,1,329.00,268.00,432.00,235.00,0.92,-1,-1,-1
42,2,528.00,241.00,274.00,161.00,0.56,-1,-1,-1
42,5,522.00,203.00,334.00,102.00,0.26,-1,-1,-1
43,1,328.00,267.00,433.00,236.00,0.92,-1,-1,-1
43,2,534.00,243.00,267.00,157.00,0.52,-1,-1,-1
43,5,522.00,202.00,337.00,104.00,0.25,-1,-1,-1
44,1,327.00,265.00,436.00,238.00,0.92,-1,-1,-1
44,2,539.00,237.00,271.00,158.00,0.40,-1,-1,-1
44,5,520.00,203.00,340.00,106.00,0.43,-1,-1,-1
45,1,328.00,267.00,433.00,236.00,0.93,-1,-1,-1
45,2,537.00,233.00,282.00,162.00,0.49,-1,-1,-1
45,5,515.00,204.00,346.00,108.00,0.46,-1,-1,-1
46,1,329.00,267.00,433.00,236.00,0.92,-1,-1,-1
46,2,537.00,234.00,280.00,160.00,0.51,-1,-1,-1
46,5,517.00,205.00,343.00,107.00,0.44,-1,-1,-1
47,1,330.00,268.00,432.00,235.00,0.93,-1,-1,-1
47,2,539.00,236.00,274.00,156.00,0.66,-1,-1,-1
47,5,521.00,204.00,343.00,107.00,0.26,-1,-1,-1
48,1,330.00,268.00,432.00,235.00,0.93,-1,-1,-1
48,2,545.00,237.00,266.00,149.00,0.57,-1,-1,-1
48,5,527.00,204.00,332.00,104.00,0.43,-1,-1,-1
49,1,330.00,268.00,432.00,235.00,0.93,-1,-1,-1
49,2,549.00,240.00,259.00,143.00,0.31,-1,-1,-1
49,5,531.00,204.00,323.00,101.00,0.36,-1,-1,-1
50,1,330.00,268.00,433.00,236.00,0.92,-1,-1,-1
50,2,543.00,238.00,216.00,117.00,0.51,-1,-1,-1
50,5,533.00,204.00,317.00,99.00,0.31,-1,-1,-1
51,1,330.00,268.00,433.00,236.00,0.92,-1,-1,-1
51,2,541.00,237.00,203.00,109.00,0.45,-1,-1,-1
51,5,535.00,204.00,312.00,97.00,0.45,-1,-1,-1
52,1,330.00,269.00,432.00,235.00,0.92,-1,-1,-1
52,2,538.00,237.00,204.00,109.00,0.58,-1,-1,-1
52,5,536.00,204.00,308.00,95.00,0.51,-1,-1,-1
53,1,330.00,269.00,432.00,235.00,0.92,-1,-1,-1
53,2,537.00,237.00,204.00,108.00,0.70,-1,-1,-1
53,5,536.00,204.00,307.00,94.00,0.49,-1,-1,-1
54,1,330.00,270.00,432.00,234.00,0.92,-1,-1,-1
54,2,536.00,237.00,206.00,108.00,0.64,-1,-1,-1
54,5,537.00,204.00,308.00,94.00,0.46,-1,-1,-1
55,1,330.00,270.00,432.00,234.00,0.92,-1,-1,-1
55,2,536.00,237.00,209.00,109.00,0.60,-1,-1,-1
55,5,537.00,204.00,308.00,93.00,0.47,-1,-1,-1
56,1,329.00,269.00,433.00,235.00,0.91,-1,-1,-1
56,2,537.00,237.00,215.00,111.00,0.61,-1,-1,-1
56,5,537.00,204.00,308.00,92.00,0.52,-1,-1,-1
57,1,330.00,269.00,432.00,235.00,0.92,-1,-1,-1
57,2,532.00,237.00,227.00,118.00,0.70,-1,-1,-1
57,5,543.00,203.00,310.00,92.00,0.50,-1,-1,-1
58,1,330.00,269.00,432.00,234.00,0.92,-1,-1,-1
58,2,530.00,237.00,232.00,120.00,0.57,-1,-1,-1
58,5,547.00,203.00,313.00,91.00,0.41,-1,-1,-1
59,1,329.00,268.00,433.00,235.00,0.92,-1,-1,-1
59,2,527.00,237.00,250.00,130.00,0.70,-1,-1,-1
59,5,541.00,203.00,318.00,92.00,0.49,-1,-1,-1
60,1,328.00,267.00,434.00,236.00,0.91,-1,-1,-1
60,2,521.00,237.00,264.00,139.00,0.70,-1,-1,-1
60,5,530.00,203.00,334.00,97.00,0.39,-1,-1,-1
61,1,328.00,267.00,435.00,236.00,0.91,-1,-1,-1
61,2,516.00,237.00,274.00,146.00,0.72,-1,-1,-1
61,5,530.00,203.00,327.00,95.00,0.40,-1,-1,-1
62,1,330.00,268.00,432.00,235.00,0.90,-1,-1,-1
62,2,507.00,238.00,295.00,160.00,0.65,-1,-1,-1
62,5,537.00,202.00,325.00,92.00,0.52,-1,-1,-1
63,1,331.00,270.00,430.00,233.00,0.90,-1,-1,-1
63,2,511.00,237.00,290.00,159.00,0.69,-1,-1,-1
63,5,535.00,203.00,324.00,91.00,0.32,-1,-1,-1
64,1,331.00,271.00,429.00,232.00,0.90,-1,-1,-1
64,2,516.00,237.00,282.00,156.00,0.73,-1,-1,-1
64,5,539.00,202.00,327.00,91.00,0.30,-1,-1,-1
65,1,332.00,272.00,427.00,231.00,0.90,-1,-1,-1
65,2,516.00,237.00,289.00,161.00,0.70,-1,-1,-1
65,5,561.00,202.00,327.00,92.00,0.35,-1,-1,-1
66,1,332.00,273.00,425.00,230.00,0.91,-1,-1,-1
66,2,513.00,238.00,298.00,167.00,0.68,-1,-1,-1
66,5,544.00,202.00,330.00,92.00,0.32,-1,-1,-1
67,1,332.00,275.00,423.00,228.00,0.91,-1,-1,-1
67,2,517.00,238.00,291.00,164.00,0.75,-1,-1,-1
67,5,526.00,203.00,328.00,91.00,0.38,-1,-1,-1
67,31,626.00,202.00,218.00,93.00,0.35,-1,-1,-1
68,1,333.00,276.00,422.00,227.00,0.91,-1,-1,-1
68,2,521.00,238.00,282.00,160.00,0.81,-1,-1,-1
68,5,513.00,203.00,327.00,90.00,0.35,-1,-1,-1
68,31,631.00,204.00,208.00,89.00,0.21,-1,-1,-1
69,1,335.00,278.00,419.00,225.00,0.91,-1,-1,-1
69,2,522.00,238.00,282.00,161.00,0.80,-1,-1,-1
69,5,520.00,203.00,323.00,89.00,0.50,-1,-1,-1
69,31,642.00,204.00,206.00,89.00,0.13,-1,-1,-1
70,1,336.00,280.00,417.00,223.00,0.90,-1,-1,-1
70,2,522.00,238.00,282.00,162.00,0.81,-1,-1,-1
70,5,526.00,203.00,319.00,89.00,0.51,-1,-1,-1
71,1,336.00,281.00,417.00,222.00,0.90,-1,-1,-1
71,2,523.00,239.00,280.00,161.00,0.80,-1,-1,-1
71,5,526.00,203.00,319.00,89.00,0.57,-1,-1,-1
72,1,335.00,280.00,419.00,222.00,0.90,-1,-1,-1
72,2,524.00,240.00,279.00,161.00,0.82,-1,-1,-1
72,5,527.00,203.00,316.00,88.00,0.51,-1,-1,-1
73,1,334.00,280.00,421.00,222.00,0.90,-1,-1,-1
73,2,526.00,241.00,276.00,160.00,0.82,-1,-1,-1
73,5,526.00,203.00,319.00,89.00,0.54,-1,-1,-1
74,1,335.00,282.00,419.00,220.00,0.90,-1,-1,-1
74,2,525.00,239.00,278.00,162.00,0.83,-1,-1,-1
74,5,538.00,202.00,326.00,90.00,0.43,-1,-1,-1
75,1,331.00,278.00,427.00,225.00,0.90,-1,-1,-1
75,2,525.00,239.00,277.00,162.00,0.83,-1,-1,-1
75,5,536.00,203.00,324.00,89.00,0.31,-1,-1,-1
76,1,328.00,274.00,433.00,229.00,0.90,-1,-1,-1
76,2,526.00,239.00,273.00,160.00,0.84,-1,-1,-1
76,5,537.00,203.00,324.00,88.00,0.41,-1,-1,-1
77,1,325.00,272.00,437.00,231.00,0.91,-1,-1,-1
77,2,525.00,239.00,276.00,163.00,0.84,-1,-1,-1
77,5,532.00,203.00,323.00,88.00,0.42,-1,-1,-1
78,1,328.00,274.00,433.00,229.00,0.90,-1,-1,-1
78,2,525.00,239.00,274.00,162.00,0.84,-1,-1,-1
78,5,533.00,202.00,324.00,89.00,0.40,-1,-1,-1
79,1,327.00,274.00,434.00,229.00,0.91,-1,-1,-1
79,2,525.00,239.00,274.00,162.00,0.84,-1,-1,-1
79,5,532.00,203.00,320.00,87.00,0.20,-1,-1,-1
80,1,327.00,273.00,434.00,230.00,0.91,-1,-1,-1
80,2,526.00,239.00,273.00,162.00,0.83,-1,-1,-1
80,5,531.00,203.00,322.00,87.00,0.41,-1,-1,-1
81,1,328.00,274.00,433.00,229.00,0.91,-1,-1,-1
81,2,526.00,238.00,273.00,163.00,0.84,-1,-1,-1
81,5,537.00,202.00,330.00,89.00,0.41,-1,-1,-1
82,1,328.00,273.00,434.00,230.00,0.91,-1,-1,-1
82,2,527.00,239.00,269.00,160.00,0.84,-1,-1,-1
82,5,539.00,202.00,337.00,91.00,0.47,-1,-1,-1
83,1,329.00,273.00,432.00,230.00,0.91,-1,-1,-1
83,2,528.00,239.00,269.00,160.00,0.83,-1,-1,-1
83,5,537.00,202.00,343.00,91.00,0.43,-1,-1,-1
84,1,329.00,273.00,432.00,230.00,0.91,-1,-1,-1
84,2,527.00,238.00,271.00,162.00,0.84,-1,-1,-1
84,5,536.00,202.00,347.00,92.00,0.44,-1,-1,-1
85,1,329.00,273.00,432.00,229.00,0.91,-1,-1,-1
85,2,528.00,239.00,269.00,161.00,0.83,-1,-1,-1
85,5,536.00,201.00,349.00,93.00,0.44,-1,-1,-1
86,1,329.00,272.00,433.00,230.00,0.91,-1,-1,-1
86,2,530.00,239.00,266.00,159.00,0.84,-1,-1,-1
86,5,537.00,202.00,350.00,92.00,0.54,-1,-1,-1
87,1,329.00,272.00,433.00,230.00,0.91,-1,-1,-1
87,2,531.00,240.00,264.00,157.00,0.84,-1,-1,-1
87,5,537.00,202.00,352.00,92.00,0.57,-1,-1,-1
88,1,328.00,272.00,434.00,230.00,0.91,-1,-1,-1
88,2,531.00,240.00,263.00,156.00,0.84,-1,-1,-1
88,5,536.00,202.00,355.00,93.00,0.59,-1,-1,-1
89,1,328.00,271.00,434.00,231.00,0.92,-1,-1,-1
89,2,532.00,240.00,262.00,155.00,0.85,-1,-1,-1
89,5,535.00,202.00,356.00,93.00,0.60,-1,-1,-1
90,1,327.00,270.00,436.00,232.00,0.92,-1,-1,-1
90,2,532.00,240.00,262.00,155.00,0.85,-1,-1,-1
90,5,533.00,202.00,356.00,92.00,0.54,-1,-1,-1
91,1,326.00,269.00,437.00,233.00,0.92,-1,-1,-1
91,2,532.00,240.00,262.00,155.00,0.85,-1,-1,-1
91,5,532.00,202.00,356.00,92.00,0.53,-1,-1,-1
92,1,324.00,269.00,442.00,236.00,0.92,-1,-1,-1
92,2,525.00,239.00,275.00,163.00,0.84,-1,-1,-1
92,5,516.00,201.00,369.00,97.00,0.40,-1,-1,-1
93,1,324.00,269.00,442.00,237.00,0.92,-1,-1,-1
93,2,523.00,239.00,278.00,165.00,0.85,-1,-1,-1
93,5,512.00,201.00,372.00,98.00,0.33,-1,-1,-1
93,36,670.00,202.00,175.00,103.00,0.34,-1,-1,-1
94,1,324.00,269.00,442.00,238.00,0.92,-1,-1,-1
94,2,523.00,239.00,278.00,166.00,0.85,-1,-1,-1
94,5,511.00,200.00,373.00,100.00,0.33,-1,-1,-1
94,36,671.00,202.00,174.00,102.00,0.32,-1,-1,-1
95,1,325.00,269.00,440.00,238.00,0.92,-1,-1,-1
95,2,523.00,239.00,278.00,166.00,0.85,-1,-1,-1
95,5,518.00,200.00,367.00,99.00,0.25,-1,-1,-1
95,36,673.00,202.00,170.00,100.00,0.34,-1,-1,-1
96,1,325.00,270.00,439.00,236.00,0.92,-1,-1,-1
96,2,523.00,238.00,278.00,168.00,0.85,-1,-1,-1
96,5,524.00,201.00,364.00,97.00,0.14,-1,-1,-1
96,36,672.00,202.00,169.00,99.00,0.38,-1,-1,-1
97,1,326.00,269.00,438.00,237.00,0.92,-1,-1,-1
97,2,523.00,238.00,278.00,168.00,0.86,-1,-1,-1
97,5,525.00,201.00,364.00,97.00,0.18,-1,-1,-1
97,36,672.00,202.00,170.00,99.00,0.34,-1,-1,-1
98,1,326.00,270.00,438.00,236.00,0.92,-1,-1,-1
98,2,523.00,238.00,277.00,168.00,0.85,-1,-1,-1
98,5,526.00,201.00,361.00,97.00,0.27,-1,-1,-1
99,1,326.00,270.00,437.00,236.00,0.92,-1,-1,-1
99,2,524.00,238.00,276.00,167.00,0.86,-1,-1,-1
99,5,527.00,201.00,364.00,97.00,0.13,-1,-1,-1
100,1,326.00,270.00,438.00,237.00,0.92,-1,-1,-1
100,2,525.00,238.00,274.00,167.00,0.86,-1,-1,-1
100,5,525.00,201.00,368.00,98.00,0.13,-1,-1,-1
101,1,326.00,269.00,437.00,237.00,0.92,-1,-1,-1
101,2,525.00,238.00,274.00,167.00,0.85,-1,-1,-1
101,5,526.00,202.00,365.00,97.00,0.15,-1,-1,-1
101,36,670.00,202.00,179.00,100.00,0.37,-1,-1,-1
102,1,327.00,270.00,436.00,236.00,0.92,-1,-1,-1
102,2,526.00,238.00,273.00,167.00,0.85,-1,-1,-1
102,5,527.00,202.00,363.00,97.00,0.19,-1,-1,-1
102,36,668.00,202.00,180.00,100.00,0.36,-1,-1,-1
103,1,327.00,269.00,436.00,237.00,0.92,-1,-1,-1
103,2,526.00,238.00,273.00,167.00,0.85,-1,-1,-1
103,5,528.00,202.00,362.00,97.00,0.21,-1,-1,-1
103,36,668.00,202.00,180.00,100.00,0.36,-1,-1,-1
104,1,327.00,269.00,436.00,237.00,0.92,-1,-1,-1
104,2,526.00,237.00,273.00,168.00,0.85,-1,-1,-1
104,5,527.00,203.00,364.00,97.00,0.19,-1,-1,-1
104,36,666.00,202.00,182.00,101.00,0.37,-1,-1,-1
105,1,327.00,269.00,436.00,237.00,0.92,-1,-1,-1
105,2,527.00,238.00,271.00,167.00,0.85,-1,-1,-1
105,5,524.00,202.00,363.00,97.00,0.26,-1,-1,-1
105,36,665.00,202.00,184.00,102.00,0.34,-1,-1,-1
106,1,327.00,269.00,435.00,237.00,0.92,-1,-1,-1
106,2,527.00,238.00,271.00,167.00,0.85,-1,-1,-1
106,5,526.00,202.00,364.00,98.00,0.24,-1,-1,-1
106,36,666.00,202.00,183.00,102.00,0.35,-1,-1,-1
107,1,327.00,269.00,435.00,237.00,0.93,-1,-1,-1
107,2,527.00,238.00,271.00,167.00,0.85,-1,-1,-1
107,5,527.00,202.00,361.00,97.00,0.26,-1,-1,-1
107,36,666.00,202.00,183.00,102.00,0.34,-1,-1,-1
108,1,327.00,269.00,436.00,237.00,0.93,-1,-1,-1
108,2,527.00,238.00,271.00,167.00,0.85,-1,-1,-1
108,5,526.00,202.00,358.00,96.00,0.22,-1,-1,-1
108,36,666.00,202.00,181.00,101.00,0.35,-1,-1,-1
109,1,327.00,269.00,436.00,237.00,0.93,-1,-1,-1
109,2,527.00,238.00,271.00,167.00,0.85,-1,-1,-1
109,5,526.00,202.00,360.00,97.00,0.22,-1,-1,-1
109,36,665.00,202.00,182.00,101.00,0.36,-1,-1,-1
110,1,327.00,269.00,436.00,238.00,0.93,-1,-1,-1
110,2,527.00,238.00,271.00,168.00,0.86,-1,-1,-1
110,5,525.00,202.00,361.00,97.00,0.26,-1,-1,-1
110,36,665.00,202.00,182.00,102.00,0.35,-1,-1,-1
111,1,327.00,269.00,436.00,238.00,0.92,-1,-1,-1
111,2,527.00,238.00,270.00,167.00,0.85,-1,-1,-1
111,5,527.00,202.00,359.00,97.00,0.26,-1,-1,-1
111,36,665.00,202.00,182.00,102.00,0.34,-1,-1,-1
112,1,327.00,269.00,436.00,238.00,0.92,-1,-1,-1
112,2,527.00,238.00,270.00,167.00,0.86,-1,-1,-1
112,5,529.00,202.00,358.00,97.00,0.21,-1,-1,-1
112,36,667.00,202.00,180.00,101.00,0.35,-1,-1,-1
113,1,327.00,269.00,436.00,238.00,0.93,-1,-1,-1
113,2,527.00,238.00,270.00,167.00,0.86,-1,-1,-1
113,5,530.00,202.00,357.00,96.00,0.18,-1,-1,-1
113,36,669.00,202.00,178.00,99.00,0.36,-1,-1,-1
114,1,328.00,269.00,435.00,238.00,0.93,-1,-1,-1
114,2,527.00,238.00,270.00,167.00,0.86,-1,-1,-1
114,5,531.00,202.00,357.00,96.00,0.17,-1,-1,-1
114,36,668.00,202.00,179.00,99.00,0.37,-1,-1,-1
115,1,327.00,269.00,436.00,239.00,0.93,-1,-1,-1
115,2,527.00,238.00,269.00,167.00,0.86,-1,-1,-1
115,5,530.00,202.00,358.00,96.00,0.17,-1,-1,-1
115,36,667.00,202.00,180.00,99.00,0.37,-1,-1,-1
116,1,328.00,268.00,435.00,239.00,0.92,-1,-1,-1
116,2,527.00,238.00,269.00,167.00,0.86,-1,-1,-1
116,5,529.00,202.00,357.00,96.00,0.30,-1,-1,-1
116,36,668.00,202.00,179.00,100.00,0.32,-1,-1,-1
117,1,328.00,268.00,435.00,239.00,0.93,-1,-1,-1
117,2,527.00,238.00,270.00,168.00,0.86,-1,-1,-1
117,5,525.00,202.00,356.00,95.00,0.30,-1,-1,-1
117,36,666.00,202.00,181.00,100.00,0.33,-1,-1,-1
118,1,328.00,268.00,434.00,239.00,0.93,-1,-1,-1
118,2,527.00,238.00,270.00,168.00,0.86,-1,-1,-1
118,5,523.00,202.00,353.00,95.00,0.34,-1,-1,-1
118,36,665.00,202.00,182.00,101.00,0.33,-1,-1,-1
119,1,328.00,268.00,434.00,239.00,0.93,-1,-1,-1
119,2,527.00,238.00,270.00,168.00,0.86,-1,-1,-1
119,5,521.00,202.00,352.00,95.00,0.36,-1,-1,-1
119,36,664.00,202.00,182.00,101.00,0.34,-1,-1,-1
120,1,328.00,269.00,433.00,238.00,0.93,-1,-1,-1
120,2,528.00,238.00,269.00,168.00,0.86,-1,-1,-1
120,5,520.00,202.00,353.00,96.00,0.30,-1,-1,-1
120,36,665.00,202.00,182.00,102.00,0.35,-1,-1,-1
121,1,329.00,269.00,432.00,237.00,0.93,-1,-1,-1
121,2,528.00,238.00,269.00,168.00,0.86,-1,-1,-1
121,5,520.00,202.00,352.00,96.00,0.31,-1,-1,-1
121,36,665.00,202.00,183.00,103.00,0.35,-1,-1,-1
122,1,331.00,270.00,428.00,235.00,0.92,-1,-1,-1
122,2,528.00,238.00,269.00,167.00,0.84,-1,-1,-1
122,5,519.00,202.00,345.00,95.00,0.46,-1,-1,-1
122,36,660.00,202.00,185.00,103.00,0.35,-1,-1,-1
123,1,330.00,270.00,430.00,236.00,0.92,-1,-1,-1
123,2,529.00,238.00,267.00,166.00,0.84,-1,-1,-1
123,5,519.00,203.00,343.00,95.00,0.38,-1,-1,-1
123,36,659.00,202.00,186.00,104.00,0.35,-1,-1,-1
124,1,330.00,270.00,430.00,236.00,0.92,-1,-1,-1
124,2,530.00,238.00,266.00,166.00,0.84,-1,-1,-1
124,5,518.00,203.00,343.00,95.00,0.40,-1,-1,-1
124,36,659.00,202.00,187.00,105.00,0.35,-1,-1,-1
125,1,330.00,270.00,431.00,236.00,0.92,-1,-1,-1
125,2,530.00,238.00,267.00,166.00,0.84,-1,-1,-1
125,5,519.00,203.00,341.00,95.00,0.36,-1,-1,-1
125,36,659.00,202.00,187.00,106.00,0.35,-1,-1,-1
126,1,330.00,270.00,431.00,237.00,0.92,-1,-1,-1
126,2,530.00,238.00,267.00,166.00,0.84,-1,-1,-1
126,5,520.00,203.00,339.00,95.00,0.41,-1,-1,-1
126,36,659.00,202.00,186.00,106.00,0.34,-1,-1,-1
127,1,329.00,269.00,432.00,238.00,0.92,-1,-1,-1
127,2,530.00,238.00,268.00,166.00,0.84,-1,-1,-1
127,5,520.00,203.00,339.00,96.00,0.30,-1,-1,-1
127,36,659.00,202.00,187.00,106.00,0.36,-1,-1,-1
128,1,330.00,269.00,431.00,237.00,0.92,-1,-1,-1
128,2,530.00,238.00,268.00,166.00,0.83,-1,-1,-1
128,5,521.00,203.00,337.00,96.00,0.35,-1,-1,-1
128,36,659.00,202.00,187.00,106.00,0.36,-1,-1,-1
129,1,330.00,269.00,431.00,237.00,0.92,-1,-1,-1
129,2,529.00,238.00,270.00,167.00,0.83,-1,-1,-1
129,5,522.00,203.00,335.00,95.00,0.30,-1,-1,-1
129,36,660.00,202.00,185.00,106.00,0.36,-1,-1,-1
130,1,330.00,269.00,431.00,237.00,0.92,-1,-1,-1
130,2,529.00,238.00,270.00,167.00,0.83,-1,-1,-1
130,5,523.00,203.00,334.00,95.00,0.30,-1,-1,-1
130,36,660.00,202.00,185.00,105.00,0.36,-1,-1,-1
131,1,329.00,269.00,432.00,238.00,0.92,-1,-1,-1
131,2,530.00,238.00,268.00,166.00,0.83,-1,-1,-1
131,5,524.00,203.00,333.00,95.00,0.33,-1,-1,-1
131,36,659.00,202.00,185.00,105.00,0.36,-1,-1,-1
132,1,329.00,269.00,432.00,238.00,0.92,-1,-1,-1
132,2,530.00,238.00,268.00,165.00,0.83,-1,-1,-1
132,5,524.00,203.00,332.00,95.00,0.28,-1,-1,-1
132,36,660.00,202.00,184.00,105.00,0.37,-1,-1,-1
133,1,329.00,269.00,432.00,238.00,0.92,-1,-1,-1
133,2,530.00,238.00,268.00,165.00,0.83,-1,-1,-1
133,5,524.00,203.00,332.00,95.00,0.33,-1,-1,-1
133,36,660.00,202.00,184.00,105.00,0.36,-1,-1,-1
134,1,330.00,269.00,431.00,237.00,0.92,-1,-1,-1
134,2,530.00,238.00,268.00,165.00,0.83,-1,-1,-1
134,5,524.00,203.00,331.00,96.00,0.34,-1,-1,-1
134,36,660.00,202.00,185.00,106.00,0.36,-1,-1,-1
135,1,330.00,269.00,431.00,237.00,0.92,-1,-1,-1
135,2,530.00,238.00,268.00,165.00,0.83,-1,-1,-1
135,5,524.00,203.00,331.00,96.00,0.29,-1,-1,-1
135,36,662.00,202.00,184.00,106.00,0.38,-1,-1,-1
136,1,329.00,269.00,432.00,238.00,0.92,-1,-1,-1
136,2,529.00,238.00,269.00,165.00,0.83,-1,-1,-1
136,5,525.00,203.00,329.00,96.00,0.30,-1,-1,-1
136,36,662.00,202.00,184.00,106.00,0.38,-1,-1,-1
137,1,330.00,269.00,431.00,238.00,0.92,-1,-1,-1
137,2,529.00,238.00,270.00,166.00,0.83,-1,-1,-1
137,5,526.00,203.00,329.00,95.00,0.29,-1,-1,-1
137,36,663.00,202.00,182.00,105.00,0.36,-1,-1,-1
138,1,330.00,269.00,431.00,238.00,0.92,-1,-1,-1
138,2,529.00,238.00,270.00,167.00,0.83,-1,-1,-1
138,5,527.00,203.00,327.00,95.00,0.34,-1,-1,-1
138,36,662.00,202.00,182.00,105.00,0.36,-1,-1,-1
139,1,330.00,270.00,431.00,237.00,0.92,-1,-1,-1
139,2,528.00,238.00,271.00,167.00,0.83,-1,-1,-1
139,5,527.00,203.00,327.00,95.00,0.35,-1,-1,-1
139,36,661.00,202.00,182.00,105.00,0.36,-1,-1,-1
140,1,330.00,269.00,431.00,238.00,0.92,-1,-1,-1
140,2,528.00,238.00,271.00,167.00,0.84,-1,-1,-1
140,5,527.00,203.00,327.00,95.00,0.30,-1,-1,-1
140,36,661.00,202.00,182.00,105.00,0.36,-1,-1,-1
141,1,329.00,269.00,432.00,238.00,0.92,-1,-1,-1
141,2,528.00,238.00,271.00,167.00,0.84,-1,-1,-1
141,5,527.00,203.00,327.00,95.00,0.31,-1,-1,-1
141,36,661.00,202.00,182.00,105.00,0.35,-1,-1,-1
142,1,329.00,269.00,432.00,238.00,0.92,-1,-1,-1
142,2,528.00,238.00,270.00,167.00,0.84,-1,-1,-1
142,5,526.00,203.00,330.00,96.00,0.30,-1,-1,-1
142,36,660.00,202.00,183.00,105.00,0.35,-1,-1,-1
143,1,329.00,269.00,432.00,238.00,0.92,-1,-1,-1
143,2,528.00,238.00,270.00,166.00,0.84,-1,-1,-1
143,5,526.00,203.00,330.00,96.00,0.29,-1,-1,-1
143,36,660.00,202.00,184.00,105.00,0.35,-1,-1,-1
144,1,330.00,269.00,431.00,237.00,0.92,-1,-1,-1
144,2,528.00,238.00,270.00,166.00,0.84,-1,-1,-1
144,5,526.00,203.00,329.00,96.00,0.29,-1,-1,-1
144,36,660.00,202.00,184.00,105.00,0.35,-1,-1,-1
145,1,330.00,269.00,431.00,237.00,0.92,-1,-1,-1
145,2,528.00,238.00,270.00,166.00,0.84,-1,-1,-1
145,5,527.00,203.00,328.00,95.00,0.30,-1,-1,-1
145,36,661.00,202.00,183.00,105.00,0.34,-1,-1,-1
146,1,330.00,269.00,431.00,237.00,0.92,-1,-1,-1
146,2,529.00,238.00,269.00,166.00,0.83,-1,-1,-1
146,5,527.00,203.00,327.00,95.00,0.28,-1,-1,-1
146,36,661.00,202.00,183.00,105.00,0.35,-1,-1,-1
147,1,331.00,270.00,429.00,236.00,0.92,-1,-1,-1
147,2,529.00,238.00,269.00,166.00,0.83,-1,-1,-1
147,5,526.00,203.00,329.00,96.00,0.34,-1,-1,-1
147,36,661.00,202.00,184.00,106.00,0.33,-1,-1,-1
148,1,331.00,270.00,429.00,236.00,0.92,-1,-1,-1
148,2,529.00,238.00,269.00,166.00,0.83,-1,-1,-1
148,5,526.00,203.00,329.00,96.00,0.33,-1,-1,-1
148,36,661.00,202.00,184.00,106.00,0.34,-1,-1,-1
149,1,330.00,270.00,431.00,236.00,0.92,-1,-1,-1
149,2,529.00,238.00,269.00,165.00,0.83,-1,-1,-1
149,5,526.00,203.00,329.00,96.00,0.40,-1,-1,-1
149,36,659.00,202.00,185.00,106.00,0.33,-1,-1,-1
150,1,330.00,270.00,431.00,236.00,0.92,-1,-1,-1
150,2,529.00,238.00,269.00,166.00,0.83,-1,-1,-1
150,5,525.00,203.00,329.00,96.00,0.46,-1,-1,-1
150,36,658.00,202.00,186.00,107.00,0.32,-1,-1,-1
151,1,330.00,270.00,431.00,236.00,0.92,-1,-1,-1
151,2,529.00,238.00,269.00,166.00,0.83,-1,-1,-1
151,5,525.00,203.00,328.00,96.00,0.48,-1,-1,-1
151,36,657.00,202.00,187.00,107.00,0.31,-1,-1,-1
152,1,332.00,271.00,427.00,234.00,0.92,-1,-1,-1
152,2,528.00,239.00,270.00,166.00,0.86,-1,-1,-1
152,5,513.00,203.00,352.00,105.00,0.55,-1,-1,-1
153,1,332.00,271.00,427.00,234.00,0.92,-1,-1,-1
153,2,528.00,239.00,270.00,167.00,0.86,-1,-1,-1
153,5,508.00,203.00,362.00,109.00,0.49,-1,-1,-1
153,36,642.00,202.00,199.00,113.00,0.28,-1,-1,-1
154,1,332.00,271.00,427.00,234.00,0.92,-1,-1,-1
154,2,527.00,239.00,271.00,167.00,0.85,-1,-1,-1
154,5,509.00,203.00,361.00,110.00,0.47,-1,-1,-1
154,36,645.00,202.00,200.00,113.00,0.28,-1,-1,-1
155,1,332.00,271.00,427.00,234.00,0.92,-1,-1,-1
155,2,527.00,239.00,271.00,167.00,0.85,-1,-1,-1
155,5,510.00,203.00,358.00,109.00,0.50,-1,-1,-1
155,36,640.00,202.00,201.00,114.00,0.28,-1,-1,-1
156,1,332.00,271.00,427.00,234.00,0.92,-1,-1,-1
156,2,529.00,240.00,269.00,166.00,0.85,-1,-1,-1
156,5,513.00,202.00,353.00,109.00,0.50,-1,-1,-1
156,36,640.00,202.00,201.00,113.00,0.27,-1,-1,-1
157,1,331.00,271.00,428.00,234.00,0.92,-1,-1,-1
157,2,529.00,240.00,269.00,166.00,0.86,-1,-1,-1
157,5,515.00,202.00,349.00,108.00,0.52,-1,-1,-1
157,36,633.00,202.00,203.00,113.00,0.28,-1,-1,-1
158,1,331.00,271.00,428.00,234.00,0.92,-1,-1,-1
158,2,528.00,239.00,270.00,167.00,0.85,-1,-1,-1
158,5,515.00,202.00,349.00,109.00,0.48,-1,-1,-1
158,36,641.00,202.00,204.00,113.00,0.27,-1,-1,-1
159,1,331.00,270.00,429.00,235.00,0.92,-1,-1,-1
159,2,528.00,239.00,270.00,167.00,0.85,-1,-1,-1
159,5,516.00,202.00,347.00,109.00,0.48,-1,-1,-1
159,36,646.00,202.00,202.00,113.00,0.28,-1,-1,-1
160,1,331.00,271.00,429.00,234.00,0.92,-1,-1,-1
160,2,528.00,239.00,270.00,167.00,0.85,-1,-1,-1
160,5,518.00,203.00,343.00,108.00,0.47,-1,-1,-1
160,36,650.00,202.00,199.00,112.00,0.28,-1,-1,-1
161,1,331.00,271.00,429.00,234.00,0.92,-1,-1,-1
161,2,528.00,239.00,270.00,167.00,0.85,-1,-1,-1
161,5,518.00,203.00,343.00,108.00,0.47,-1,-1,-1
161,36,651.00,202.00,199.00,112.00,0.29,-1,-1,-1
162,1,330.00,270.00,430.00,235.00,0.92,-1,-1,-1
162,2,528.00,239.00,270.00,167.00,0.86,-1,-1,-1
162,5,520.00,203.00,339.00,107.00,0.50,-1,-1,-1
162,36,644.00,202.00,200.00,112.00,0.29,-1,-1,-1
163,1,330.00,270.00,430.00,235.00,0.92,-1,-1,-1
163,2,528.00,238.00,270.00,168.00,0.86,-1,-1,-1
163,5,520.00,203.00,340.00,108.00,0.46,-1,-1,-1
163,36,647.00,202.00,200.00,112.00,0.29,-1,-1,-1
164,1,330.00,271.00,430.00,234.00,0.92,-1,-1,-1
164,2,528.00,238.00,270.00,168.00,0.86,-1,-1,-1
164,5,523.00,203.00,336.00,107.00,0.27,-1,-1,-1
164,36,650.00,202.00,198.00,111.00,0.33,-1,-1,-1
165,1,330.00,271.00,430.00,234.00,0.92,-1,-1,-1
165,2,528.00,238.00,270.00,168.00,0.86,-1,-1,-1
165,5,524.00,203.00,335.00,107.00,0.35,-1,-1,-1
165,36,650.00,202.00,198.00,111.00,0.32,-1,-1,-1
166,1,331.00,272.00,429.00,233.00,0.92,-1,-1,-1
166,2,528.00,238.00,270.00,168.00,0.86,-1,-1,-1
166,5,525.00,202.00,333.00,108.00,0.36,-1,-1,-1
166,36,650.00,202.00,198.00,111.00,0.32,-1,-1,-1
167,1,331.00,272.00,428.00,233.00,0.92,-1,-1,-1
167,2,528.00,238.00,270.00,168.00,0.86,-1,-1,-1
167,5,524.00,203.00,335.00,107.00,0.34,-1,-1,-1
167,36,651.00,202.00,197.00,111.00,0.32,-1,-1,-1
168,1,331.00,272.00,428.00,233.00,0.92,-1,-1,-1
168,2,528.00,238.00,270.00,169.00,0.86,-1,-1,-1
168,5,524.00,203.00,334.00,108.00,0.39,-1,-1,-1
168,36,652.00,202.00,196.00,111.00,0.32,-1,-1,-1
169,1,331.00,272.00,428.00,233.00,0.91,-1,-1,-1
169,2,528.00,238.00,270.00,169.00,0.86,-1,-1,-1
169,5,525.00,203.00,332.00,107.00,0.39,-1,-1,-1
169,36,653.00,202.00,195.00,111.00,0.31,-1,-1,-1
170,1,331.00,272.00,428.00,233.00,0.92,-1,-1,-1
170,2,528.00,238.00,270.00,169.00,0.86,-1,-1,-1
170,5,526.00,203.00,330.00,107.00,0.37,-1,-1,-1
170,36,654.00,202.00,194.00,110.00,0.31,-1,-1,-1
171,1,330.00,272.00,430.00,233.00,0.92,-1,-1,-1
171,2,528.00,238.00,270.00,169.00,0.86,-1,-1,-1
171,5,526.00,203.00,330.00,107.00,0.39,-1,-1,-1
171,36,655.00,202.00,194.00,111.00,0.31,-1,-1,-1
172,1,330.00,271.00,430.00,234.00,0.92,-1,-1,-1
172,2,528.00,238.00,270.00,168.00,0.86,-1,-1,-1
172,5,528.00,203.00,326.00,106.00,0.37,-1,-1,-1
172,36,655.00,202.00,193.00,111.00,0.32,-1,-1,-1
173,1,329.00,271.00,432.00,234.00,0.92,-1,-1,-1
173,2,528.00,238.00,270.00,168.00,0.85,-1,-1,-1
173,5,528.00,203.00,325.00,106.00,0.42,-1,-1,-1
173,36,655.00,202.00,192.00,110.00,0.30,-1,-1,-1
174,1,329.00,270.00,432.00,235.00,0.92,-1,-1,-1
174,2,528.00,238.00,270.00,168.00,0.85,-1,-1,-1
174,5,528.00,203.00,325.00,105.00,0.44,-1,-1,-1
174,36,655.00,202.00,192.00,111.00,0.29,-1,-1,-1
175,1,329.00,270.00,432.00,235.00,0.92,-1,-1,-1
175,2,528.00,238.00,270.00,169.00,0.86,-1,-1,-1
175,5,527.00,203.00,326.00,106.00,0.45,-1,-1,-1
175,36,654.00,202.00,192.00,111.00,0.29,-1,-1,-1
176,1,329.00,270.00,432.00,235.00,0.92,-1,-1,-1
176,2,528.00,239.00,270.00,168.00,0.86,-1,-1,-1
176,5,526.00,203.00,329.00,106.00,0.42,-1,-1,-1
176,36,657.00,202.00,191.00,110.00,0.29,-1,-1,-1
177,1,329.00,270.00,432.00,235.00,0.92,-1,-1,-1
177,2,529.00,239.00,268.00,168.00,0.86,-1,-1,-1
177,5,525.00,203.00,330.00,106.00,0.51,-1,-1,-1
177,36,642.00,202.00,196.00,111.00,0.29,-1,-1,-1
178,1,329.00,270.00,432.00,235.00,0.92,-1,-1,-1
178,2,530.00,240.00,267.00,166.00,0.86,-1,-1,-1
178,5,525.00,202.00,330.00,107.00,0.51,-1,-1,-1
178,36,632.00,202.00,201.00,112.00,0.28,-1,-1,-1
179,1,329.00,270.00,432.00,235.00,0.92,-1,-1,-1
179,2,530.00,240.00,267.00,166.00,0.86,-1,-1,-1
179,5,522.00,201.00,335.00,109.00,0.54,-1,-1,-1
180,1,329.00,270.00,432.00,235.00,0.92,-1,-1,-1
180,2,529.00,239.00,268.00,167.00,0.86,-1,-1,-1
180,5,525.00,200.00,330.00,108.00,0.49,-1,-1,-1
180,36,626.00,202.00,202.00,110.00,0.26,-1,-1,-1
181,1,329.00,270.00,432.00,235.00,0.92,-1,-1,-1
181,2,528.00,238.00,269.00,168.00,0.86,-1,-1,-1
181,5,529.00,201.00,324.00,106.00,0.46,-1,-1,-1
181,36,634.00,202.00,201.00,109.00,0.28,-1,-1,-1
182,1,328.00,269.00,434.00,236.00,0.93,-1,-1,-1
182,2,530.00,239.00,266.00,165.00,0.84,-1,-1,-1
182,5,535.00,202.00,311.00,101.00,0.53,-1,-1,-1
182,36,629.00,202.00,202.00,108.00,0.31,-1,-1,-1
183,1,328.00,268.00,434.00,237.00,0.93,-1,-1,-1
183,2,530.00,238.00,266.00,165.00,0.84,-1,-1,-1
183,5,538.00,202.00,306.00,98.00,0.50,-1,-1,-1
183,36,624.00,203.00,203.00,106.00,0.30,-1,-1,-1
184,1,328.00,268.00,434.00,237.00,0.92,-1,-1,-1
184,2,530.00,238.00,266.00,165.00,0.84,-1,-1,-1
184,5,538.00,202.00,306.00,97.00,0.51,-1,-1,-1
184,36,622.00,203.00,205.00,105.00,0.31,-1,-1,-1
185,1,328.00,269.00,434.00,236.00,0.92,-1,-1,-1
185,2,530.00,238.00,266.00,164.00,0.84,-1,-1,-1
185,5,535.00,202.00,311.00,98.00,0.50,-1,-1,-1
185,36,627.00,203.00,208.00,105.00,0.31,-1,-1,-1
186,1,328.00,268.00,434.00,237.00,0.92,-1,-1,-1
186,2,531.00,239.00,264.00,163.00,0.84,-1,-1,-1
186,5,531.00,201.00,317.00,100.00,0.51,-1,-1,-1
186,36,631.00,203.00,209.00,106.00,0.29,-1,-1,-1
187,1,328.00,268.00,434.00,237.00,0.92,-1,-1,-1
187,2,531.00,238.00,265.00,164.00,0.84,-1,-1,-1
187,5,533.00,202.00,315.00,99.00,0.49,-1,-1,-1
187,36,634.00,202.00,210.00,108.00,0.33,-1,-1,-1
188,1,329.00,268.00,432.00,236.00,0.92,-1,-1,-1
188,2,530.00,238.00,266.00,164.00,0.84,-1,-1,-1
188,5,534.00,203.00,314.00,97.00,0.32,-1,-1,-1
188,36,641.00,202.00,208.00,107.00,0.36,-1,-1,-1
189,1,328.00,268.00,433.00,237.00,0.92,-1,-1,-1
189,2,529.00,238.00,267.00,164.00,0.84,-1,-1,-1
189,5,536.00,203.00,312.00,97.00,0.33,-1,-1,-1
189,36,643.00,202.00,206.00,107.00,0.36,-1,-1,-1
190,1,329.00,269.00,432.00,236.00,0.93,-1,-1,-1
190,2,529.00,238.00,268.00,164.00,0.84,-1,-1,-1
190,5,538.00,203.00,311.00,97.00,0.25,-1,-1,-1
190,36,647.00,202.00,204.00,106.00,0.37,-1,-1,-1
191,1,329.00,270.00,431.00,235.00,0.93,-1,-1,-1
191,2,529.00,238.00,268.00,164.00,0.84,-1,-1,-1
191,5,537.00,203.00,313.00,97.00,0.29,-1,-1,-1
191,36,648.00,202.00,203.00,107.00,0.36,-1,-1,-1
192,1,329.00,269.00,432.00,236.00,0.93,-1,-1,-1
192,2,529.00,238.00,268.00,164.00,0.84,-1,-1,-1
192,5,535.00,203.00,315.00,97.00,0.34,-1,-1,-1
192,36,649.00,202.00,202.00,107.00,0.35,-1,-1,-1
193,1,328.00,269.00,433.00,236.00,0.93,-1,-1,-1
193,2,529.00,238.00,268.00,164.00,0.84,-1,-1,-1
193,5,534.00,203.00,317.00,97.00,0.35,-1,-1,-1
193,36,650.00,202.00,201.00,107.00,0.35,-1,-1,-1
194,1,328.00,268.00,434.00,237.00,0.93,-1,-1,-1
194,2,529.00,238.00,268.00,164.00,0.84,-1,-1,-1
194,5,533.00,203.00,318.00,97.00,0.35,-1,-1,-1
194,36,650.00,202.00,200.00,107.00,0.35,-1,-1,-1
195,1,328.00,268.00,434.00,237.00,0.93,-1,-1,-1
195,2,529.00,238.00,268.00,165.00,0.84,-1,-1,-1
195,5,532.00,203.00,319.00,97.00,0.40,-1,-1,-1
195,36,650.00,202.00,199.00,107.00,0.34,-1,-1,-1
196,1,328.00,267.00,434.00,239.00,0.93,-1,-1,-1
196,2,528.00,238.00,270.00,165.00,0.84,-1,-1,-1
196,5,531.00,203.00,320.00,98.00,0.42,-1,-1,-1
196,36,649.00,202.00,200.00,107.00,0.34,-1,-1,-1
197,1,328.00,267.00,434.00,239.00,0.93,-1,-1,-1
197,2,528.00,238.00,270.00,165.00,0.84,-1,-1,-1
197,5,531.00,203.00,320.00,98.00,0.43,-1,-1,-1
197,36,649.00,202.00,199.00,107.00,0.34,-1,-1,-1
198,1,328.00,267.00,434.00,239.00,0.93,-1,-1,-1
198,2,528.00,238.00,270.00,165.00,0.84,-1,-1,-1
198,5,530.00,203.00,321.00,98.00,0.44,-1,-1,-1
198,36,648.00,202.00,199.00,107.00,0.34,-1,-1,-1
199,1,328.00,267.00,434.00,239.00,0.93,-1,-1,-1
199,2,528.00,238.00,270.00,165.00,0.84,-1,-1,-1
199,5,530.00,203.00,321.00,98.00,0.43,-1,-1,-1
199,36,649.00,202.00,198.00,107.00,0.33,-1,-1,-1
200,1,328.00,267.00,434.00,238.00,0.93,-1,-1,-1
200,2,528.00,238.00,270.00,165.00,0.84,-1,-1,-1
200,5,530.00,203.00,321.00,97.00,0.39,-1,-1,-1
200,36,649.00,202.00,197.00,107.00,0.34,-1,-1,-1
201,1,328.00,267.00,434.00,238.00,0.93,-1,-1,-1
201,2,528.00,238.00,270.00,165.00,0.84,-1,-1,-1
201,5,530.00,203.00,322.00,97.00,0.41,-1,-1,-1
201,36,648.00,202.00,198.00,107.00,0.34,-1,-1,-1
202,1,328.00,267.00,434.00,239.00,0.93,-1,-1,-1
202,2,528.00,238.00,270.00,165.00,0.84,-1,-1,-1
202,5,530.00,203.00,321.00,97.00,0.35,-1,-1,-1
202,36,650.00,202.00,196.00,107.00,0.34,-1,-1,-1
203,1,328.00,267.00,434.00,239.00,0.93,-1,-1,-1
203,2,528.00,238.00,270.00,165.00,0.84,-1,-1,-1
203,5,530.00,203.00,322.00,97.00,0.46,-1,-1,-1
203,36,643.00,202.00,199.00,107.00,0.34,-1,-1,-1
204,1,328.00,267.00,433.00,239.00,0.93,-1,-1,-1
204,2,528.00,238.00,270.00,165.00,0.84,-1,-1,-1
204,5,529.00,203.00,323.00,98.00,0.44,-1,-1,-1
204,36,642.00,202.00,199.00,108.00,0.33,-1,-1,-1
205,1,328.00,267.00,433.00,239.00,0.93,-1,-1,-1
205,2,529.00,238.00,269.00,165.00,0.84,-1,-1,-1
205,5,529.00,203.00,323.00,97.00,0.44,-1,-1,-1
205,36,641.00,202.00,200.00,108.00,0.34,-1,-1,-1
206,1,329.00,267.00,432.00,239.00,0.93,-1,-1,-1
206,2,529.00,238.00,269.00,165.00,0.84,-1,-1,-1
206,5,529.00,203.00,323.00,98.00,0.46,-1,-1,-1
206,36,640.00,202.00,201.00,108.00,0.33,-1,-1,-1
207,1,329.00,267.00,432.00,239.00,0.93,-1,-1,-1
207,2,528.00,238.00,270.00,165.00,0.84,-1,-1,-1
207,5,529.00,203.00,323.00,97.00,0.45,-1,-1,-1
207,36,640.00,202.00,201.00,108.00,0.34,-1,-1,-1
208,1,329.00,267.00,432.00,239.00,0.93,-1,-1,-1
208,2,528.00,238.00,270.00,165.00,0.84,-1,-1,-1
208,5,529.00,203.00,323.00,97.00,0.44,-1,-1,-1
208,36,641.00,202.00,201.00,107.00,0.34,-1,-1,-1
209,1,329.00,267.00,432.00,239.00,0.93,-1,-1,-1
209,2,528.00,238.00,270.00,165.00,0.84,-1,-1,-1
209,5,529.00,203.00,323.00,97.00,0.45,-1,-1,-1
209,36,640.00,202.00,202.00,107.00,0.34,-1,-1,-1
210,1,329.00,267.00,432.00,239.00,0.93,-1,-1,-1
210,2,528.00,238.00,271.00,165.00,0.84,-1,-1,-1
210,5,529.00,203.00,323.00,97.00,0.44,-1,-1,-1
210,36,639.00,202.00,202.00,108.00,0.34,-1,-1,-1
211,1,329.00,267.00,432.00,239.00,0.93,-1,-1,-1
211,2,528.00,238.00,271.00,165.00,0.84,-1,-1,-1
211,5,528.00,203.00,325.00,98.00,0.45,-1,-1,-1
211,36,637.00,202.00,204.00,108.00,0.34,-1,-1,-1
212,1,331.00,268.00,428.00,236.00,0.92,-1,-1,-1
212,2,526.00,238.00,273.00,167.00,0.85,-1,-1,-1
212,5,542.00,203.00,317.00,94.00,0.43,-1,-1,-1
212,36,654.00,202.00,194.00,102.00,0.28,-1,-1,-1
213,1,331.00,269.00,428.00,235.00,0.92,-1,-1,-1
213,2,526.00,238.00,273.00,167.00,0.85,-1,-1,-1
213,5,547.00,203.00,316.00,92.00,0.45,-1,-1,-1
213,36,656.00,203.00,194.00,98.00,0.27,-1,-1,-1
214,1,331.00,268.00,428.00,236.00,0.92,-1,-1,-1
214,2,526.00,238.00,272.00,167.00,0.85,-1,-1,-1
214,5,544.00,203.00,318.00,92.00,0.45,-1,-1,-1
214,36,650.00,202.00,196.00,99.00,0.29,-1,-1,-1
215,1,331.00,269.00,428.00,235.00,0.92,-1,-1,-1
215,2,526.00,238.00,272.00,167.00,0.85,-1,-1,-1
215,5,538.00,203.00,321.00,92.00,0.46,-1,-1,-1
215,36,643.00,202.00,199.00,100.00,0.31,-1,-1,-1
216,1,331.00,269.00,428.00,235.00,0.92,-1,-1,-1
216,2,526.00,238.00,272.00,167.00,0.85,-1,-1,-1
216,5,536.00,203.00,322.00,93.00,0.44,-1,-1,-1
216,36,644.00,202.00,200.00,100.00,0.31,-1,-1,-1
217,1,330.00,269.00,429.00,235.00,0.92,-1,-1,-1
217,2,527.00,238.00,271.00,167.00,0.85,-1,-1,-1
217,5,534.00,203.00,324.00,93.00,0.44,-1,-1,-1
217,36,645.00,202.00,200.00,100.00,0.31,-1,-1,-1
218,1,331.00,269.00,428.00,235.00,0.92,-1,-1,-1
218,2,527.00,238.00,271.00,167.00,0.85,-1,-1,-1
218,5,532.00,203.00,325.00,93.00,0.45,-1,-1,-1
218,36,644.00,202.00,200.00,100.00,0.31,-1,-1,-1
219,1,331.00,269.00,428.00,235.00,0.92,-1,-1,-1
219,2,527.00,238.00,270.00,167.00,0.85,-1,-1,-1
219,5,532.00,203.00,325.00,92.00,0.47,-1,-1,-1
219,36,642.00,202.00,200.00,100.00,0.31,-1,-1,-1
220,1,331.00,269.00,428.00,235.00,0.92,-1,-1,-1
220,2,527.00,238.00,270.00,167.00,0.85,-1,-1,-1
220,5,532.00,203.00,326.00,92.00,0.46,-1,-1,-1
220,36,641.00,202.00,201.00,100.00,0.30,-1,-1,-1
221,1,331.00,269.00,428.00,234.00,0.92,-1,-1,-1
221,2,527.00,238.00,270.00,167.00,0.85,-1,-1,-1
221,5,532.00,203.00,327.00,92.00,0.46,-1,-1,-1
221,36,641.00,202.00,201.00,100.00,0.30,-1,-1,-1
222,1,330.00,269.00,429.00,234.00,0.92,-1,-1,-1
222,2,527.00,238.00,270.00,167.00,0.85,-1,-1,-1
222,5,531.00,203.00,328.00,92.00,0.46,-1,-1,-1
222,36,640.00,202.00,202.00,100.00,0.30,-1,-1,-1
223,1,330.00,269.00,429.00,235.00,0.92,-1,-1,-1
223,2,527.00,238.00,270.00,167.00,0.85,-1,-1,-1
223,5,531.00,203.00,329.00,92.00,0.46,-1,-1,-1
223,36,640.00,202.00,202.00,100.00,0.30,-1,-1,-1
224,1,330.00,269.00,429.00,235.00,0.92,-1,-1,-1
224,2,528.00,238.00,269.00,167.00,0.85,-1,-1,-1
224,5,531.00,203.00,329.00,92.00,0.46,-1,-1,-1
224,36,640.00,202.00,202.00,100.00,0.30,-1,-1,-1
225,1,330.00,269.00,429.00,234.00,0.92,-1,-1,-1
225,2,528.00,238.00,269.00,167.00,0.85,-1,-1,-1
225,5,530.00,203.00,331.00,92.00,0.46,-1,-1,-1
225,36,640.00,202.00,203.00,100.00,0.30,-1,-1,-1
226,1,330.00,269.00,429.00,234.00,0.92,-1,-1,-1
226,2,528.00,238.00,269.00,167.00,0.85,-1,-1,-1
226,5,530.00,203.00,331.00,92.00,0.46,-1,-1,-1
226,36,640.00,202.00,203.00,100.00,0.30,-1,-1,-1
227,1,330.00,269.00,429.00,234.00,0.92,-1,-1,-1
227,2,528.00,238.00,269.00,167.00,0.85,-1,-1,-1
227,5,530.00,203.00,332.00,92.00,0.46,-1,-1,-1
227,36,640.00,202.00,204.00,100.00,0.30,-1,-1,-1
228,1,330.00,269.00,430.00,234.00,0.92,-1,-1,-1
228,2,528.00,238.00,268.00,167.00,0.85,-1,-1,-1
228,5,529.00,203.00,333.00,92.00,0.46,-1,-1,-1
228,36,640.00,202.00,204.00,100.00,0.30,-1,-1,-1
229,1,330.00,269.00,430.00,234.00,0.92,-1,-1,-1
229,2,528.00,238.00,268.00,167.00,0.85,-1,-1,-1
229,5,529.00,203.00,333.00,92.00,0.46,-1,-1,-1
229,36,640.00,202.00,204.00,100.00,0.30,-1,-1,-1
230,1,330.00,269.00,430.00,234.00,0.92,-1,-1,-1
230,2,528.00,238.00,268.00,167.00,0.85,-1,-1,-1
230,5,529.00,203.00,333.00,92.00,0.46,-1,-1,-1
230,36,640.00,202.00,204.00,100.00,0.30,-1,-1,-1
231,1,330.00,269.00,430.00,234.00,0.92,-1,-1,-1
231,2,528.00,238.00,268.00,167.00,0.85,-1,-1,-1
231,5,529.00,203.00,333.00,92.00,0.46,-1,-1,-1
231,36,639.00,202.00,205.00,100.00,0.30,-1,-1,-1
232,1,330.00,269.00,430.00,234.00,0.92,-1,-1,-1
232,2,528.00,238.00,268.00,167.00,0.85,-1,-1,-1
232,5,528.00,203.00,334.00,92.00,0.47,-1,-1,-1
232,36,639.00,202.00,205.00,100.00,0.30,-1,-1,-1
233,1,329.00,269.00,431.00,234.00,0.92,-1,-1,-1
233,2,528.00,238.00,268.00,167.00,0.85,-1,-1,-1
233,5,528.00,203.00,334.00,92.00,0.46,-1,-1,-1
233,36,640.00,202.00,205.00,100.00,0.31,-1,-1,-1
234,1,329.00,269.00,431.00,234.00,0.92,-1,-1,-1
234,2,528.00,238.00,268.00,167.00,0.85,-1,-1,-1
234,5,528.00,203.00,334.00,92.00,0.46,-1,-1,-1
234,36,641.00,202.00,204.00,100.00,0.31,-1,-1,-1
235,1,329.00,269.00,431.00,235.00,0.92,-1,-1,-1
235,2,528.00,238.00,268.00,167.00,0.85,-1,-1,-1
235,5,528.00,203.00,335.00,92.00,0.46,-1,-1,-1
235,36,642.00,202.00,204.00,100.00,0.31,-1,-1,-1
236,1,329.00,269.00,431.00,234.00,0.92,-1,-1,-1
236,2,528.00,238.00,268.00,167.00,0.85,-1,-1,-1
236,5,528.00,203.00,335.00,92.00,0.46,-1,-1,-1
236,36,642.00,202.00,204.00,100.00,0.31,-1,-1,-1
237,1,330.00,269.00,430.00,234.00,0.92,-1,-1,-1
237,2,528.00,238.00,268.00,167.00,0.85,-1,-1,-1
237,5,528.00,203.00,335.00,92.00,0.45,-1,-1,-1
237,36,643.00,202.00,203.00,100.00,0.31,-1,-1,-1
238,1,330.00,269.00,430.00,234.00,0.92,-1,-1,-1
238,2,528.00,238.00,268.00,167.00,0.85,-1,-1,-1
238,5,528.00,203.00,335.00,92.00,0.45,-1,-1,-1
238,36,643.00,202.00,203.00,100.00,0.31,-1,-1,-1
239,1,330.00,269.00,430.00,234.00,0.92,-1,-1,-1
239,2,528.00,238.00,268.00,167.00,0.85,-1,-1,-1
239,5,528.00,203.00,335.00,92.00,0.45,-1,-1,-1
239,36,643.00,202.00,203.00,100.00,0.31,-1,-1,-1
240,1,330.00,269.00,430.00,234.00,0.92,-1,-1,-1
240,2,528.00,238.00,268.00,167.00,0.85,-1,-1,-1
240,5,528.00,203.00,336.00,92.00,0.46,-1,-1,-1
240,36,642.00,202.00,203.00,100.00,0.30,-1,-1,-1
241,1,329.00,269.00,431.00,234.00,0.92,-1,-1,-1
241,2,528.00,238.00,268.00,167.00,0.85,-1,-1,-1
241,5,528.00,203.00,336.00,92.00,0.46,-1,-1,-1
241,36,642.00,202.00,203.00,100.00,0.31,-1,-1,-1
242,1,330.00,269.00,429.00,234.00,0.92,-1,-1,-1
242,2,528.00,237.00,268.00,168.00,0.85,-1,-1,-1
242,5,526.00,203.00,331.00,91.00,0.60,-1,-1,-1
243,1,330.00,269.00,430.00,234.00,0.92,-1,-1,-1
243,2,528.00,237.00,268.00,168.00,0.85,-1,-1,-1
243,5,525.00,203.00,329.00,91.00,0.59,-1,-1,-1
244,1,330.00,269.00,430.00,234.00,0.92,-1,-1,-1
244,2,528.00,237.00,268.00,168.00,0.85,-1,-1,-1
244,5,525.00,203.00,328.00,91.00,0.59,-1,-1,-1
244,36,627.00,202.00,198.00,95.00,0.33,-1,-1,-1
245,1,330.00,269.00,430.00,233.00,0.92,-1,-1,-1
245,2,528.00,237.00,268.00,168.00,0.85,-1,-1,-1
245,5,525.00,203.00,328.00,91.00,0.58,-1,-1,-1
246,1,330.00,269.00,430.00,233.00,0.92,-1,-1,-1
246,2,528.00,237.00,268.00,168.00,0.85,-1,-1,-1
246,5,525.00,203.00,328.00,91.00,0.58,-1,-1,-1
246,36,625.00,202.00,201.00,95.00,0.33,-1,-1,-1
247,1,330.00,269.00,430.00,233.00,0.92,-1,-1,-1
247,2,528.00,237.00,268.00,168.00,0.85,-1,-1,-1
247,5,525.00,203.00,328.00,91.00,0.58,-1,-1,-1
247,36,623.00,202.00,204.00,94.00,0.33,-1,-1,-1
248,1,330.00,269.00,430.00,233.00,0.92,-1,-1,-1
248,2,528.00,237.00,268.00,168.00,0.85,-1,-1,-1
248,5,526.00,203.00,327.00,91.00,0.58,-1,-1,-1
248,36,620.00,202.00,207.00,94.00,0.33,-1,-1,-1
249,1,330.00,269.00,430.00,233.00,0.92,-1,-1,-1
249,2,528.00,237.00,268.00,168.00,0.85,-1,-1,-1
249,5,526.00,203.00,327.00,91.00,0.59,-1,-1,-1
250,1,330.00,269.00,430.00,233.00,0.92,-1,-1,-1
250,2,528.00,237.00,268.00,168.00,0.85,-1,-1,-1
250,5,525.00,203.00,327.00,91.00,0.59,-1,-1,-1
251,1,330.00,269.00,430.00,233.00,0.92,-1,-1,-1
251,2,528.00,237.00,268.00,168.00,0.85,-1,-1,-1
251,5,526.00,203.00,327.00,91.00,0.59,-1,-1,-1
252,1,330.00,269.00,430.00,233.00,0.92,-1,-1,-1
252,2,528.00,237.00,268.00,168.00,0.85,-1,-1,-1
252,5,526.00,203.00,327.00,91.00,0.59,-1,-1,-1
253,1,330.00,269.00,430.00,233.00,0.92,-1,-1,-1
253,2,528.00,237.00,268.00,168.00,0.85,-1,-1,-1
253,5,526.00,203.00,327.00,91.00,0.59,-1,-1,-1
254,1,330.00,269.00,430.00,233.00,0.92,-1,-1,-1
254,2,528.00,237.00,268.00,168.00,0.85,-1,-1,-1
254,5,526.00,203.00,326.00,91.00,0.61,-1,-1,-1
255,1,330.00,269.00,430.00,233.00,0.92,-1,-1,-1
255,2,528.00,237.00,268.00,168.00,0.85,-1,-1,-1
255,5,526.00,203.00,326.00,91.00,0.60,-1,-1,-1
256,1,330.00,269.00,430.00,233.00,0.92,-1,-1,-1
256,2,529.00,237.00,267.00,168.00,0.85,-1,-1,-1
256,5,526.00,203.00,326.00,91.00,0.59,-1,-1,-1
257,1,330.00,269.00,430.00,233.00,0.92,-1,-1,-1
257,2,529.00,237.00,267.00,168.00,0.85,-1,-1,-1
257,5,527.00,203.00,326.00,91.00,0.55,-1,-1,-1
258,1,329.00,269.00,431.00,234.00,0.92,-1,-1,-1
258,2,529.00,237.00,267.00,168.00,0.85,-1,-1,-1
258,5,526.00,203.00,326.00,91.00,0.60,-1,-1,-1
259,1,329.00,269.00,431.00,234.00,0.92,-1,-1,-1
259,2,529.00,237.00,267.00,168.00,0.85,-1,-1,-1
259,5,526.00,203.00,326.00,91.00,0.59,-1,-1,-1
260,1,329.00,269.00,432.00,234.00,0.92,-1,-1,-1
260,2,529.00,237.00,267.00,168.00,0.85,-1,-1,-1
260,5,526.00,203.00,326.00,91.00,0.59,-1,-1,-1
261,1,329.00,269.00,432.00,234.00,0.92,-1,-1,-1
261,2,528.00,237.00,268.00,168.00,0.85,-1,-1,-1
261,5,527.00,203.00,325.00,91.00,0.58,-1,-1,-1
261,36,622.00,202.00,211.00,95.00,0.35,-1,-1,-1
262,1,329.00,269.00,432.00,234.00,0.92,-1,-1,-1
262,2,528.00,237.00,268.00,168.00,0.85,-1,-1,-1
262,5,527.00,203.00,325.00,91.00,0.57,-1,-1,-1
262,36,622.00,202.00,213.00,95.00,0.34,-1,-1,-1
263,1,329.00,269.00,431.00,234.00,0.92,-1,-1,-1
263,2,528.00,237.00,268.00,168.00,0.85,-1,-1,-1
263,5,527.00,203.00,325.00,91.00,0.58,-1,-1,-1
263,36,621.00,202.00,214.00,95.00,0.34,-1,-1,-1
264,1,329.00,269.00,431.00,234.00,0.92,-1,-1,-1
264,2,529.00,237.00,267.00,168.00,0.85,-1,-1,-1
264,5,526.00,203.00,326.00,91.00,0.60,-1,-1,-1
264,36,619.00,202.00,216.00,95.00,0.34,-1,-1,-1
265,1,329.00,269.00,432.00,234.00,0.92,-1,-1,-1
265,2,529.00,237.00,267.00,168.00,0.85,-1,-1,-1
265,5,526.00,203.00,326.00,91.00,0.60,-1,-1,-1
265,36,617.00,202.00,218.00,95.00,0.35,-1,-1,-1
266,1,329.00,269.00,432.00,234.00,0.92,-1,-1,-1
266,2,529.00,237.00,267.00,168.00,0.85,-1,-1,-1
266,5,526.00,203.00,326.00,91.00,0.58,-1,-1,-1
266,36,618.00,202.00,219.00,95.00,0.34,-1,-1,-1
267,1,329.00,269.00,432.00,234.00,0.92,-1,-1,-1
267,2,529.00,237.00,267.00,168.00,0.85,-1,-1,-1
267,5,527.00,203.00,325.00,91.00,0.58,-1,-1,-1
267,36,617.00,202.00,220.00,95.00,0.34,-1,-1,-1
268,1,329.00,269.00,432.00,234.00,0.92,-1,-1,-1
268,2,529.00,237.00,267.00,168.00,0.85,-1,-1,-1
268,5,526.00,203.00,326.00,91.00,0.59,-1,-1,-1
268,36,614.00,202.00,222.00,95.00,0.34,-1,-1,-1
269,1,329.00,269.00,431.00,234.00,0.92,-1,-1,-1
269,2,529.00,237.00,267.00,168.00,0.85,-1,-1,-1
269,5,527.00,203.00,324.00,91.00,0.57,-1,-1,-1
269,36,613.00,202.00,222.00,95.00,0.34,-1,-1,-1
270,1,329.00,269.00,431.00,234.00,0.92,-1,-1,-1
270,2,529.00,237.00,267.00,168.00,0.85,-1,-1,-1
270,5,527.00,203.00,324.00,91.00,0.59,-1,-1,-1
270,36,613.00,202.00,223.00,95.00,0.34,-1,-1,-1
271,1,329.00,269.00,431.00,234.00,0.92,-1,-1,-1
271,2,529.00,237.00,267.00,168.00,0.85,-1,-1,-1
271,5,526.00,203.00,325.00,91.00,0.59,-1,-1,-1
271,36,614.00,202.00,224.00,95.00,0.34,-1,-1,-1
272,1,331.00,271.00,427.00,232.00,0.91,-1,-1,-1
272,2,530.00,239.00,266.00,166.00,0.85,-1,-1,-1
272,5,522.00,203.00,334.00,93.00,0.60,-1,-1,-1
272,36,602.00,201.00,242.00,103.00,0.33,-1,-1,-1
273,1,332.00,272.00,426.00,231.00,0.91,-1,-1,-1
273,2,531.00,239.00,264.00,166.00,0.85,-1,-1,-1
273,5,520.00,202.00,337.00,95.00,0.60,-1,-1,-1
273,36,601.00,201.00,247.00,105.00,0.33,-1,-1,-1
274,1,331.00,272.00,427.00,231.00,0.91,-1,-1,-1
274,2,530.00,239.00,266.00,166.00,0.84,-1,-1,-1
274,5,520.00,202.00,338.00,95.00,0.59,-1,-1,-1
274,36,600.00,201.00,248.00,106.00,0.33,-1,-1,-1
275,1,331.00,272.00,428.00,231.00,0.91,-1,-1,-1
275,2,530.00,238.00,266.00,167.00,0.84,-1,-1,-1
275,5,520.00,202.00,338.00,96.00,0.59,-1,-1,-1
275,36,599.00,201.00,249.00,106.00,0.33,-1,-1,-1
276,1,331.00,272.00,428.00,231.00,0.91,-1,-1,-1
276,2,529.00,238.00,267.00,167.00,0.84,-1,-1,-1
276,5,521.00,202.00,337.00,96.00,0.58,-1,-1,-1
276,36,602.00,201.00,247.00,107.00,0.32,-1,-1,-1
277,1,331.00,272.00,428.00,231.00,0.91,-1,-1,-1
277,2,529.00,238.00,267.00,167.00,0.84,-1,-1,-1
277,5,521.00,202.00,336.00,96.00,0.59,-1,-1,-1
277,36,600.00,201.00,248.00,107.00,0.33,-1,-1,-1
278,1,331.00,272.00,428.00,231.00,0.91,-1,-1,-1
278,2,529.00,238.00,267.00,167.00,0.84,-1,-1,-1
278,5,522.00,202.00,335.00,96.00,0.58,-1,-1,-1
278,36,602.00,201.00,246.00,107.00,0.32,-1,-1,-1
279,1,331.00,272.00,428.00,231.00,0.91,-1,-1,-1
279,2,529.00,238.00,267.00,167.00,0.84,-1,-1,-1
279,5,522.00,202.00,335.00,96.00,0.58,-1,-1,-1
280,1,331.00,272.00,428.00,231.00,0.91,-1,-1,-1
280,2,529.00,238.00,267.00,167.00,0.84,-1,-1,-1
280,5,522.00,202.00,335.00,96.00,0.59,-1,-1,-1
281,1,331.00,272.00,428.00,230.00,0.91,-1,-1,-1
281,2,530.00,238.00,266.00,167.00,0.84,-1,-1,-1
281,5,522.00,202.00,335.00,96.00,0.57,-1,-1,-1
282,1,330.00,272.00,429.00,231.00,0.91,-1,-1,-1
282,2,529.00,238.00,267.00,167.00,0.85,-1,-1,-1
282,5,522.00,202.00,335.00,96.00,0.56,-1,-1,-1
282,36,604.00,201.00,245.00,107.00,0.33,-1,-1,-1
283,1,330.00,272.00,430.00,231.00,0.91,-1,-1,-1
283,2,529.00,238.00,267.00,167.00,0.85,-1,-1,-1
283,5,523.00,202.00,334.00,96.00,0.57,-1,-1,-1
283,36,602.00,201.00,244.00,107.00,0.32,-1,-1,-1
284,1,329.00,271.00,431.00,231.00,0.91,-1,-1,-1
284,2,529.00,238.00,267.00,167.00,0.84,-1,-1,-1
284,5,523.00,202.00,333.00,96.00,0.57,-1,-1,-1
284,36,601.00,201.00,244.00,106.00,0.33,-1,-1,-1
285,1,329.00,271.00,432.00,232.00,0.91,-1,-1,-1
285,2,529.00,238.00,267.00,167.00,0.84,-1,-1,-1
285,5,523.00,202.00,333.00,96.00,0.59,-1,-1,-1
285,36,600.00,201.00,244.00,107.00,0.33,-1,-1,-1
286,1,329.00,270.00,432.00,233.00,0.91,-1,-1,-1
286,2,530.00,238.00,266.00,167.00,0.84,-1,-1,-1
286,5,523.00,202.00,332.00,97.00,0.61,-1,-1,-1
287,1,329.00,270.00,432.00,233.00,0.91,-1,-1,-1
287,2,531.00,239.00,264.00,165.00,0.84,-1,-1,-1
287,5,523.00,202.00,332.00,97.00,0.62,-1,-1,-1
288,1,329.00,270.00,432.00,233.00,0.91,-1,-1,-1
288,2,531.00,239.00,264.00,165.00,0.84,-1,-1,-1
288,5,523.00,202.00,332.00,97.00,0.62,-1,-1,-1
289,1,329.00,270.00,432.00,233.00,0.91,-1,-1,-1
289,2,530.00,239.00,266.00,165.00,0.84,-1,-1,-1
289,5,525.00,203.00,329.00,95.00,0.60,-1,-1,-1
290,1,329.00,270.00,432.00,233.00,0.91,-1,-1,-1
290,2,530.00,238.00,266.00,166.00,0.84,-1,-1,-1
290,5,525.00,202.00,330.00,96.00,0.59,-1,-1,-1
291,1,329.00,270.00,432.00,233.00,0.91,-1,-1,-1
291,2,529.00,238.00,267.00,166.00,0.84,-1,-1,-1
291,5,525.00,202.00,330.00,96.00,0.59,-1,-1,-1
292,1,329.00,270.00,432.00,233.00,0.91,-1,-1,-1
292,2,529.00,238.00,267.00,166.00,0.84,-1,-1,-1
292,5,525.00,202.00,331.00,96.00,0.56,-1,-1,-1
293,1,329.00,270.00,432.00,233.00,0.91,-1,-1,-1
293,2,529.00,239.00,267.00,165.00,0.84,-1,-1,-1
293,5,524.00,202.00,332.00,97.00,0.59,-1,-1,-1
294,1,329.00,270.00,432.00,233.00,0.91,-1,-1,-1
294,2,529.00,239.00,267.00,165.00,0.84,-1,-1,-1
294,5,524.00,202.00,331.00,97.00,0.57,-1,-1,-1
294,36,609.00,201.00,241.00,106.00,0.37,-1,-1,-1
295,1,329.00,270.00,432.00,233.00,0.91,-1,-1,-1
295,2,529.00,239.00,267.00,165.00,0.84,-1,-1,-1
295,5,524.00,202.00,332.00,98.00,0.56,-1,-1,-1
296,1,329.00,271.00,432.00,232.00,0.91,-1,-1,-1
296,2,530.00,239.00,265.00,165.00,0.84,-1,-1,-1
296,5,525.00,202.00,331.00,97.00,0.62,-1,-1,-1
297,1,330.00,272.00,429.00,230.00,0.91,-1,-1,-1
297,2,529.00,238.00,268.00,166.00,0.84,-1,-1,-1
297,5,525.00,202.00,332.00,97.00,0.55,-1,-1,-1
298,1,331.00,272.00,428.00,230.00,0.91,-1,-1,-1
298,2,529.00,238.00,268.00,166.00,0.84,-1,-1,-1
298,5,525.00,202.00,333.00,97.00,0.55,-1,-1,-1
299,1,331.00,273.00,428.00,229.00,0.91,-1,-1,-1
299,2,529.00,239.00,267.00,165.00,0.85,-1,-1,-1
299,5,529.00,202.00,331.00,97.00,0.43,-1,-1,-1
300,1,332.00,274.00,426.00,228.00,0.91,-1,-1,-1
300,2,530.00,239.00,266.00,165.00,0.85,-1,-1,-1
300,5,528.00,202.00,331.00,97.00,0.57,-1,-1,-1
301,1,333.00,276.00,423.00,226.00,0.91,-1,-1,-1
301,2,529.00,238.00,267.00,166.00,0.84,-1,-1,-1
301,5,531.00,202.00,331.00,97.00,0.43,-1,-1,-1
302,1,329.00,272.00,432.00,232.00,0.92,-1,-1,-1
302,2,530.00,238.00,266.00,165.00,0.84,-1,-1,-1
302,5,514.00,202.00,361.00,108.00,0.53,-1,-1,-1
303,1,328.00,271.00,435.00,233.00,0.92,-1,-1,-1
303,2,531.00,238.00,265.00,164.00,0.84,-1,-1,-1
303,5,505.00,202.00,376.00,114.00,0.56,-1,-1,-1
304,1,327.00,271.00,436.00,233.00,0.91,-1,-1,-1
304,2,532.00,239.00,263.00,162.00,0.84,-1,-1,-1
304,5,508.00,202.00,370.00,113.00,0.54,-1,-1,-1
305,1,327.00,270.00,437.00,235.00,0.92,-1,-1,-1
305,2,531.00,238.00,265.00,163.00,0.84,-1,-1,-1
305,5,505.00,202.00,374.00,116.00,0.55,-1,-1,-1
306,1,326.00,269.00,438.00,236.00,0.92,-1,-1,-1
306,2,531.00,238.00,265.00,164.00,0.84,-1,-1,-1
306,5,508.00,203.00,367.00,114.00,0.55,-1,-1,-1
307,1,326.00,269.00,438.00,236.00,0.92,-1,-1,-1
307,2,532.00,239.00,263.00,162.00,0.84,-1,-1,-1
307,5,511.00,203.00,361.00,113.00,0.53,-1,-1,-1
308,1,326.00,269.00,438.00,236.00,0.92,-1,-1,-1
308,2,532.00,239.00,263.00,162.00,0.84,-1,-1,-1
308,5,514.00,202.00,356.00,113.00,0.54,-1,-1,-1
309,1,326.00,269.00,438.00,236.00,0.92,-1,-1,-1
309,2,532.00,240.00,263.00,161.00,0.84,-1,-1,-1
309,5,515.00,202.00,353.00,112.00,0.54,-1,-1,-1
310,1,326.00,268.00,438.00,237.00,0.92,-1,-1,-1
310,2,532.00,240.00,263.00,161.00,0.84,-1,-1,-1
310,5,515.00,202.00,352.00,113.00,0.54,-1,-1,-1
311,1,327.00,268.00,437.00,237.00,0.92,-1,-1,-1
311,2,532.00,240.00,263.00,160.00,0.84,-1,-1,-1
311,5,519.00,203.00,346.00,111.00,0.56,-1,-1,-1
312,1,327.00,269.00,436.00,236.00,0.92,-1,-1,-1
312,2,531.00,240.00,265.00,160.00,0.84,-1,-1,-1
312,5,518.00,203.00,348.00,111.00,0.55,-1,-1,-1
313,1,328.00,269.00,435.00,236.00,0.92,-1,-1,-1
313,2,531.00,240.00,265.00,161.00,0.84,-1,-1,-1
313,5,519.00,202.00,347.00,112.00,0.54,-1,-1,-1
314,1,328.00,269.00,435.00,236.00,0.92,-1,-1,-1
314,2,531.00,240.00,265.00,161.00,0.84,-1,-1,-1
314,5,520.00,202.00,346.00,112.00,0.54,-1,-1,-1
315,1,328.00,269.00,435.00,236.00,0.92,-1,-1,-1
315,2,531.00,240.00,265.00,161.00,0.84,-1,-1,-1
315,5,523.00,202.00,343.00,111.00,0.56,-1,-1,-1
316,1,328.00,269.00,434.00,236.00,0.92,-1,-1,-1
316,2,530.00,239.00,267.00,162.00,0.84,-1,-1,-1
316,5,526.00,202.00,344.00,111.00,0.52,-1,-1,-1
317,1,329.00,269.00,433.00,236.00,0.92,-1,-1,-1
317,2,529.00,238.00,269.00,163.00,0.84,-1,-1,-1
317,5,534.00,202.00,339.00,109.00,0.38,-1,-1,-1
318,1,330.00,270.00,431.00,235.00,0.92,-1,-1,-1
318,2,529.00,238.00,269.00,163.00,0.84,-1,-1,-1
318,5,527.00,202.00,346.00,111.00,0.49,-1,-1,-1
319,1,330.00,270.00,431.00,234.00,0.92,-1,-1,-1
319,2,529.00,238.00,269.00,163.00,0.84,-1,-1,-1
319,5,528.00,202.00,344.00,110.00,0.47,-1,-1,-1
320,1,330.00,270.00,431.00,235.00,0.92,-1,-1,-1
320,2,529.00,238.00,269.00,163.00,0.84,-1,-1,-1
320,5,538.00,202.00,333.00,106.00,0.35,-1,-1,-1
320,36,587.00,202.00,258.00,112.00,0.38,-1,-1,-1
321,1,330.00,270.00,431.00,235.00,0.92,-1,-1,-1
321,2,528.00,238.00,270.00,163.00,0.85,-1,-1,-1
321,5,537.00,202.00,337.00,107.00,0.34,-1,-1,-1
321,36,624.00,203.00,239.00,95.00,0.12,-1,-1,-1
322,1,330.00,270.00,431.00,235.00,0.92,-1,-1,-1
322,2,529.00,238.00,269.00,163.00,0.84,-1,-1,-1
322,5,538.00,202.00,338.00,107.00,0.35,-1,-1,-1
323,1,330.00,270.00,430.00,235.00,0.92,-1,-1,-1
323,2,529.00,238.00,269.00,163.00,0.84,-1,-1,-1
323,5,538.00,202.00,339.00,107.00,0.40,-1,-1,-1
324,1,330.00,271.00,430.00,234.00,0.91,-1,-1,-1
324,2,529.00,238.00,269.00,163.00,0.84,-1,-1,-1
324,5,535.00,202.00,342.00,108.00,0.46,-1,-1,-1
325,1,330.00,271.00,430.00,234.00,0.92,-1,-1,-1
325,2,529.00,238.00,269.00,163.00,0.84,-1,-1,-1
325,5,534.00,202.00,344.00,109.00,0.46,-1,-1,-1
326,1,330.00,271.00,430.00,234.00,0.92,-1,-1,-1
326,2,529.00,238.00,269.00,163.00,0.84,-1,-1,-1
326,5,532.00,202.00,346.00,109.00,0.46,-1,-1,-1
327,1,330.00,271.00,430.00,234.00,0.92,-1,-1,-1
327,2,529.00,238.00,269.00,163.00,0.85,-1,-1,-1
327,5,534.00,202.00,346.00,109.00,0.46,-1,-1,-1
328,1,330.00,271.00,430.00,233.00,0.92,-1,-1,-1
328,2,529.00,238.00,269.00,163.00,0.85,-1,-1,-1
328,5,534.00,202.00,346.00,109.00,0.44,-1,-1,-1
329,1,329.00,270.00,432.00,234.00,0.92,-1,-1,-1
329,2,529.00,238.00,269.00,163.00,0.84,-1,-1,-1
329,5,533.00,202.00,347.00,109.00,0.46,-1,-1,-1
330,1,329.00,269.00,432.00,235.00,0.92,-1,-1,-1
330,2,529.00,238.00,269.00,163.00,0.84,-1,-1,-1
330,5,531.00,202.00,349.00,110.00,0.45,-1,-1,-1
331,1,329.00,269.00,432.00,235.00,0.92,-1,-1,-1
331,2,529.00,238.00,269.00,163.00,0.84,-1,-1,-1
331,5,532.00,202.00,348.00,109.00,0.44,-1,-1,-1
332,1,329.00,269.00,432.00,235.00,0.92,-1,-1,-1
332,2,526.00,238.00,275.00,167.00,0.85,-1,-1,-1
332,5,527.00,203.00,338.00,106.00,0.56,-1,-1,-1
333,1,329.00,269.00,432.00,235.00,0.92,-1,-1,-1
333,2,526.00,238.00,276.00,169.00,0.86,-1,-1,-1
333,5,528.00,203.00,329.00,104.00,0.50,-1,-1,-1
333,36,592.00,203.00,303.00,103.00,0.35,-1,-1,-1
334,1,329.00,269.00,432.00,235.00,0.92,-1,-1,-1
334,2,525.00,238.00,276.00,169.00,0.85,-1,-1,-1
334,5,530.00,203.00,322.00,101.00,0.51,-1,-1,-1
334,36,589.00,203.00,301.00,105.00,0.36,-1,-1,-1
335,1,329.00,269.00,433.00,236.00,0.92,-1,-1,-1
335,2,525.00,238.00,276.00,169.00,0.85,-1,-1,-1
335,5,530.00,204.00,322.00,100.00,0.45,-1,-1,-1
335,36,599.00,203.00,292.00,106.00,0.36,-1,-1,-1
336,1,329.00,269.00,433.00,236.00,0.92,-1,-1,-1
336,2,526.00,238.00,275.00,170.00,0.85,-1,-1,-1
336,5,533.00,203.00,317.00,99.00,0.46,-1,-1,-1
336,36,605.00,203.00,281.00,106.00,0.34,-1,-1,-1
337,1,329.00,269.00,432.00,236.00,0.92,-1,-1,-1
337,2,526.00,238.00,274.00,169.00,0.85,-1,-1,-1
337,5,534.00,203.00,316.00,99.00,0.43,-1,-1,-1
337,36,610.00,203.00,272.00,106.00,0.34,-1,-1,-1
338,1,329.00,269.00,432.00,235.00,0.92,-1,-1,-1
338,2,527.00,238.00,273.00,169.00,0.85,-1,-1,-1
338,5,534.00,203.00,315.00,97.00,0.48,-1,-1,-1
338,36,601.00,203.00,267.00,105.00,0.35,-1,-1,-1
339,1,329.00,269.00,432.00,235.00,0.92,-1,-1,-1
339,2,527.00,238.00,273.00,169.00,0.85,-1,-1,-1
339,5,534.00,203.00,316.00,97.00,0.43,-1,-1,-1
339,36,610.00,203.00,260.00,105.00,0.34,-1,-1,-1
340,1,329.00,269.00,432.00,235.00,0.92,-1,-1,-1
340,2,527.00,238.00,273.00,169.00,0.85,-1,-1,-1
340,5,533.00,203.00,317.00,97.00,0.47,-1,-1,-1
340,36,606.00,203.00,258.00,105.00,0.34,-1,-1,-1
341,1,329.00,269.00,432.00,235.00,0.92,-1,-1,-1
341,2,527.00,238.00,272.00,169.00,0.85,-1,-1,-1
341,5,533.00,203.00,318.00,97.00,0.46,-1,-1,-1
341,36,611.00,203.00,252.00,105.00,0.34,-1,-1,-1
342,1,329.00,269.00,432.00,235.00,0.92,-1,-1,-1
342,2,527.00,238.00,272.00,169.00,0.85,-1,-1,-1
342,5,533.00,203.00,318.00,97.00,0.46,-1,-1,-1
342,36,617.00,203.00,247.00,105.00,0.34,-1,-1,-1
343,1,329.00,269.00,432.00,235.00,0.92,-1,-1,-1
343,2,527.00,238.00,272.00,169.00,0.85,-1,-1,-1
343,5,533.00,203.00,318.00,97.00,0.46,-1,-1,-1
343,36,620.00,203.00,243.00,104.00,0.34,-1,-1,-1
344,1,329.00,269.00,432.00,235.00,0.92,-1,-1,-1
344,2,527.00,238.00,272.00,169.00,0.85,-1,-1,-1
344,5,532.00,203.00,319.00,97.00,0.46,-1,-1,-1
344,36,624.00,203.00,239.00,104.00,0.34,-1,-1,-1
345,1,329.00,269.00,432.00,235.00,0.92,-1,-1,-1
345,2,527.00,238.00,272.00,169.00,0.85,-1,-1,-1
345,5,531.00,203.00,321.00,97.00,0.44,-1,-1,-1
345,36,629.00,203.00,234.00,104.00,0.35,-1,-1,-1
346,1,329.00,269.00,432.00,235.00,0.92,-1,-1,-1
346,2,528.00,238.00,271.00,169.00,0.85,-1,-1,-1
346,5,531.00,203.00,321.00,97.00,0.47,-1,-1,-1
346,36,627.00,203.00,232.00,104.00,0.35,-1,-1,-1
347,1,329.00,269.00,432.00,235.00,0.92,-1,-1,-1
347,2,528.00,238.00,271.00,169.00,0.85,-1,-1,-1
347,5,531.00,203.00,321.00,97.00,0.47,-1,-1,-1
347,36,627.00,203.00,229.00,104.00,0.35,-1,-1,-1
348,1,329.00,269.00,432.00,235.00,0.92,-1,-1,-1
348,2,528.00,238.00,271.00,169.00,0.85,-1,-1,-1
348,5,531.00,203.00,321.00,97.00,0.46,-1,-1,-1
348,36,627.00,203.00,227.00,104.00,0.35,-1,-1,-1
349,1,329.00,269.00,432.00,235.00,0.92,-1,-1,-1
349,2,528.00,238.00,271.00,169.00,0.85,-1,-1,-1
349,5,531.00,203.00,322.00,97.00,0.45,-1,-1,-1
349,36,629.00,203.00,224.00,104.00,0.35,-1,-1,-1
350,1,329.00,269.00,432.00,236.00,0.92,-1,-1,-1
350,2,528.00,238.00,271.00,169.00,0.85,-1,-1,-1
350,5,531.00,204.00,322.00,96.00,0.43,-1,-1,-1
350,36,632.00,203.00,221.00,104.00,0.34,-1,-1,-1
351,1,329.00,269.00,432.00,236.00,0.92,-1,-1,-1
351,2,528.00,238.00,270.00,169.00,0.85,-1,-1,-1
351,5,531.00,204.00,322.00,96.00,0.42,-1,-1,-1
351,36,634.00,203.00,219.00,103.00,0.34,-1,-1,-1
352,1,329.00,269.00,432.00,236.00,0.92,-1,-1,-1
352,2,528.00,238.00,270.00,169.00,0.85,-1,-1,-1
352,5,531.00,204.00,323.00,96.00,0.43,-1,-1,-1
352,36,634.00,203.00,218.00,104.00,0.34,-1,-1,-1
353,1,329.00,269.00,432.00,236.00,0.92,-1,-1,-1
353,2,529.00,238.00,269.00,169.00,0.85,-1,-1,-1
353,5,530.00,204.00,324.00,96.00,0.44,-1,-1,-1
353,36,633.00,203.00,217.00,104.00,0.34,-1,-1,-1
354,1,329.00,269.00,432.00,236.00,0.92,-1,-1,-1
354,2,529.00,238.00,269.00,169.00,0.85,-1,-1,-1
354,5,530.00,204.00,324.00,96.00,0.46,-1,-1,-1
354,36,632.00,203.00,218.00,104.00,0.34,-1,-1,-1
355,1,329.00,269.00,432.00,236.00,0.92,-1,-1,-1
355,2,528.00,238.00,270.00,169.00,0.85,-1,-1,-1
355,5,529.00,204.00,325.00,96.00,0.45,-1,-1,-1
355,36,634.00,203.00,216.00,104.00,0.35,-1,-1,-1
356,1,329.00,269.00,432.00,236.00,0.92,-1,-1,-1
356,2,528.00,238.00,270.00,169.00,0.85,-1,-1,-1
356,5,530.00,203.00,324.00,97.00,0.40,-1,-1,-1
356,36,637.00,203.00,213.00,103.00,0.35,-1,-1,-1
357,1,329.00,269.00,432.00,236.00,0.92,-1,-1,-1
357,2,528.00,238.00,270.00,169.00,0.85,-1,-1,-1
357,5,530.00,203.00,325.00,97.00,0.41,-1,-1,-1
357,36,639.00,203.00,211.00,103.00,0.36,-1,-1,-1
358,1,329.00,269.00,432.00,236.00,0.92,-1,-1,-1
358,2,528.00,238.00,270.00,169.00,0.85,-1,-1,-1
358,5,530.00,203.00,325.00,97.00,0.42,-1,-1,-1
358,36,639.00,203.00,211.00,103.00,0.36,-1,-1,-1
359,1,329.00,269.00,432.00,236.00,0.92,-1,-1,-1
359,2,528.00,238.00,270.00,169.00,0.86,-1,-1,-1
359,5,529.00,203.00,327.00,97.00,0.41,-1,-1,-1
359,36,641.00,203.00,209.00,104.00,0.36,-1,-1,-1
360,1,329.00,269.00,432.00,236.00,0.92,-1,-1,-1
360,2,528.00,238.00,270.00,169.00,0.85,-1,-1,-1
360,5,529.00,203.00,327.00,97.00,0.41,-1,-1,-1
360,36,645.00,203.00,208.00,104.00,0.35,-1,-1,-1
361,1,330.00,269.00,430.00,236.00,0.92,-1,-1,-1
361,2,529.00,238.00,269.00,169.00,0.85,-1,-1,-1
361,5,528.00,203.00,327.00,97.00,0.43,-1,-1,-1
361,36,647.00,203.00,206.00,104.00,0.35,-1,-1,-1
362,1,332.00,269.00,427.00,234.00,0.92,-1,-1,-1
362,2,529.00,238.00,269.00,169.00,0.85,-1,-1,-1
362,5,540.00,203.00,325.00,95.00,0.45,-1,-1,-1
362,36,642.00,203.00,207.00,101.00,0.30,-1,-1,-1
363,1,332.00,270.00,426.00,232.00,0.92,-1,-1,-1
363,2,529.00,239.00,269.00,168.00,0.85,-1,-1,-1
363,5,542.00,203.00,326.00,94.00,0.48,-1,-1,-1
364,1,332.00,269.00,426.00,233.00,0.92,-1,-1,-1
364,2,529.00,239.00,268.00,168.00,0.85,-1,-1,-1
364,5,542.00,202.00,330.00,95.00,0.50,-1,-1,-1
365,1,332.00,269.00,426.00,233.00,0.92,-1,-1,-1
365,2,529.00,238.00,268.00,168.00,0.85,-1,-1,-1
365,5,543.00,203.00,332.00,94.00,0.48,-1,-1,-1
366,1,332.00,269.00,426.00,232.00,0.92,-1,-1,-1
366,2,529.00,238.00,268.00,168.00,0.84,-1,-1,-1
366,5,542.00,202.00,335.00,95.00,0.49,-1,-1,-1
367,1,332.00,269.00,427.00,232.00,0.92,-1,-1,-1
367,2,529.00,239.00,268.00,167.00,0.85,-1,-1,-1
367,5,541.00,202.00,334.00,94.00,0.53,-1,-1,-1
368,1,331.00,269.00,428.00,232.00,0.92,-1,-1,-1
368,2,529.00,239.00,267.00,167.00,0.85,-1,-1,-1
368,5,544.00,203.00,333.00,92.00,0.48,-1,-1,-1
369,1,331.00,270.00,428.00,232.00,0.92,-1,-1,-1
369,2,529.00,239.00,267.00,167.00,0.85,-1,-1,-1
369,5,542.00,203.00,335.00,92.00,0.48,-1,-1,-1
370,1,331.00,270.00,429.00,232.00,0.92,-1,-1,-1
370,2,530.00,239.00,264.00,165.00,0.85,-1,-1,-1
370,5,544.00,203.00,335.00,91.00,0.52,-1,-1,-1
371,1,330.00,270.00,430.00,233.00,0.92,-1,-1,-1
371,2,532.00,239.00,264.00,164.00,0.83,-1,-1,-1
371,5,539.00,203.00,337.00,93.00,0.45,-1,-1,-1
372,1,331.00,270.00,430.00,233.00,0.91,-1,-1,-1
372,2,537.00,239.00,253.00,156.00,0.85,-1,-1,-1
372,5,545.00,203.00,336.00,93.00,0.46,-1,-1,-1
373,1,330.00,270.00,432.00,234.00,0.91,-1,-1,-1
373,2,542.00,239.00,244.00,149.00,0.85,-1,-1,-1
373,5,552.00,203.00,336.00,93.00,0.48,-1,-1,-1
374,1,334.00,270.00,433.00,234.00,0.89,-1,-1,-1
374,2,546.00,240.00,235.00,140.00,0.83,-1,-1,-1
374,5,554.00,203.00,338.00,93.00,0.52,-1,-1,-1
375,1,337.00,270.00,435.00,233.00,0.89,-1,-1,-1
375,2,546.00,240.00,235.00,137.00,0.83,-1,-1,-1
375,5,553.00,203.00,338.00,94.00,0.50,-1,-1,-1
376,1,339.00,270.00,436.00,232.00,0.89,-1,-1,-1
376,2,542.00,240.00,242.00,140.00,0.81,-1,-1,-1
376,5,541.00,203.00,340.00,94.00,0.51,-1,-1,-1
377,1,329.00,269.00,433.00,232.00,0.88,-1,-1,-1
377,2,531.00,240.00,264.00,154.00,0.85,-1,-1,-1
377,5,537.00,203.00,340.00,94.00,0.51,-1,-1,-1
378,1,329.00,270.00,429.00,230.00,0.91,-1,-1,-1
378,2,527.00,240.00,272.00,159.00,0.83,-1,-1,-1
378,5,533.00,203.00,344.00,94.00,0.49,-1,-1,-1
379,1,329.00,269.00,430.00,230.00,0.92,-1,-1,-1
379,2,527.00,240.00,273.00,160.00,0.82,-1,-1,-1
379,5,533.00,203.00,345.00,95.00,0.48,-1,-1,-1
380,1,332.00,269.00,424.00,226.00,0.92,-1,-1,-1
380,2,525.00,239.00,277.00,163.00,0.83,-1,-1,-1
380,5,533.00,203.00,346.00,95.00,0.47,-1,-1,-1
381,1,334.00,269.00,422.00,225.00,0.92,-1,-1,-1
381,2,525.00,239.00,277.00,164.00,0.83,-1,-1,-1
381,5,533.00,203.00,348.00,95.00,0.47,-1,-1,-1
382,1,335.00,269.00,420.00,223.00,0.92,-1,-1,-1
382,2,526.00,240.00,275.00,163.00,0.83,-1,-1,-1
382,5,534.00,203.00,347.00,94.00,0.48,-1,-1,-1
383,1,340.00,270.00,411.00,216.00,0.92,-1,-1,-1
383,2,526.00,240.00,274.00,162.00,0.84,-1,-1,-1
383,5,533.00,203.00,347.00,94.00,0.49,-1,-1,-1
384,1,336.00,268.00,418.00,220.00,0.91,-1,-1,-1
384,2,526.00,240.00,274.00,163.00,0.84,-1,-1,-1
384,5,531.00,203.00,348.00,94.00,0.50,-1,-1,-1
385,1,332.00,269.00,426.00,224.00,0.90,-1,-1,-1
385,2,527.00,240.00,273.00,163.00,0.84,-1,-1,-1
385,5,532.00,203.00,348.00,94.00,0.48,-1,-1,-1
386,1,326.00,270.00,438.00,230.00,0.90,-1,-1,-1
386,2,526.00,239.00,274.00,164.00,0.84,-1,-1,-1
386,5,530.00,203.00,348.00,94.00,0.47,-1,-1,-1
387,1,326.00,270.00,437.00,230.00,0.92,-1,-1,-1
387,2,526.00,239.00,273.00,163.00,0.84,-1,-1,-1
387,5,531.00,203.00,347.00,94.00,0.47,-1,-1,-1
388,1,325.00,270.00,439.00,232.00,0.92,-1,-1,-1
388,2,527.00,239.00,272.00,163.00,0.84,-1,-1,-1
388,5,531.00,203.00,348.00,94.00,0.46,-1,-1,-1
389,1,326.00,270.00,437.00,231.00,0.92,-1,-1,-1
389,2,527.00,239.00,272.00,162.00,0.84,-1,-1,-1
389,5,529.00,203.00,348.00,94.00,0.49,-1,-1,-1
390,1,326.00,269.00,437.00,232.00,0.92,-1,-1,-1
390,2,528.00,239.00,270.00,162.00,0.84,-1,-1,-1
390,5,529.00,203.00,347.00,94.00,0.50,-1,-1,-1
391,1,327.00,270.00,435.00,231.00,0.92,-1,-1,-1
391,2,528.00,239.00,270.00,161.00,0.84,-1,-1,-1
391,5,526.00,203.00,346.00,94.00,0.51,-1,-1,-1
392,1,329.00,274.00,432.00,229.00,0.91,-1,-1,-1
392,2,526.00,238.00,274.00,165.00,0.85,-1,-1,-1
392,5,509.00,203.00,368.00,102.00,0.54,-1,-1,-1
393,1,328.00,274.00,433.00,230.00,0.91,-1,-1,-1
393,2,526.00,238.00,275.00,166.00,0.85,-1,-1,-1
393,5,504.00,203.00,373.00,104.00,0.52,-1,-1,-1
394,1,328.00,274.00,434.00,230.00,0.91,-1,-1,-1
394,2,526.00,238.00,275.00,167.00,0.85,-1,-1,-1
394,5,508.00,203.00,364.00,103.00,0.48,-1,-1,-1
395,1,327.00,273.00,435.00,232.00,0.91,-1,-1,-1
395,2,526.00,238.00,275.00,167.00,0.85,-1,-1,-1
395,5,514.00,203.00,350.00,99.00,0.51,-1,-1,-1
396,1,327.00,274.00,435.00,231.00,0.91,-1,-1,-1
396,2,526.00,238.00,275.00,167.00,0.85,-1,-1,-1
396,5,519.00,203.00,342.00,97.00,0.46,-1,-1,-1
397,1,327.00,273.00,436.00,232.00,0.91,-1,-1,-1
397,2,528.00,239.00,272.00,165.00,0.85,-1,-1,-1
397,5,521.00,203.00,339.00,97.00,0.40,-1,-1,-1
398,1,327.00,273.00,436.00,232.00,0.91,-1,-1,-1
398,2,527.00,239.00,273.00,165.00,0.85,-1,-1,-1
398,5,523.00,203.00,336.00,97.00,0.46,-1,-1,-1
399,1,327.00,273.00,436.00,232.00,0.90,-1,-1,-1
399,2,527.00,238.00,273.00,166.00,0.85,-1,-1,-1
399,5,524.00,203.00,335.00,98.00,0.43,-1,-1,-1
400,1,328.00,273.00,434.00,232.00,0.90,-1,-1,-1
400,2,528.00,238.00,271.00,165.00,0.84,-1,-1,-1
400,5,529.00,203.00,330.00,97.00,0.39,-1,-1,-1
401,1,329.00,274.00,432.00,230.00,0.90,-1,-1,-1
401,2,528.00,238.00,271.00,165.00,0.84,-1,-1,-1
401,5,529.00,203.00,330.00,97.00,0.41,-1,-1,-1
402,1,322.00,272.00,437.00,233.00,0.90,-1,-1,-1
402,2,528.00,238.00,271.00,165.00,0.85,-1,-1,-1
402,5,527.00,204.00,330.00,96.00,0.46,-1,-1,-1
403,1,318.00,273.00,437.00,231.00,0.90,-1,-1,-1
403,2,529.00,239.00,269.00,164.00,0.84,-1,-1,-1
403,5,526.00,204.00,330.00,97.00,0.48,-1,-1,-1
404,1,323.00,272.00,438.00,232.00,0.91,-1,-1,-1
404,2,528.00,238.00,271.00,165.00,0.84,-1,-1,-1
404,5,523.00,204.00,334.00,98.00,0.50,-1,-1,-1
405,1,325.00,272.00,437.00,232.00,0.92,-1,-1,-1
405,2,528.00,238.00,271.00,166.00,0.84,-1,-1,-1
405,5,522.00,203.00,335.00,100.00,0.51,-1,-1,-1
406,1,326.00,272.00,437.00,232.00,0.92,-1,-1,-1
406,2,529.00,239.00,269.00,165.00,0.84,-1,-1,-1
406,5,522.00,203.00,335.00,100.00,0.51,-1,-1,-1
407,1,326.00,272.00,437.00,232.00,0.92,-1,-1,-1
407,2,528.00,239.00,271.00,165.00,0.84,-1,-1,-1
407,5,522.00,203.00,334.00,100.00,0.50,-1,-1,-1
408,1,326.00,272.00,437.00,232.00,0.92,-1,-1,-1
408,2,528.00,239.00,271.00,165.00,0.85,-1,-1,-1
408,5,524.00,204.00,331.00,99.00,0.50,-1,-1,-1
409,1,327.00,271.00,436.00,233.00,0.92,-1,-1,-1
409,2,529.00,239.00,269.00,165.00,0.85,-1,-1,-1
409,5,523.00,204.00,333.00,100.00,0.51,-1,-1,-1
410,1,327.00,271.00,435.00,232.00,0.92,-1,-1,-1
410,2,529.00,240.00,269.00,163.00,0.85,-1,-1,-1
410,5,523.00,204.00,333.00,100.00,0.51,-1,-1,-1
411,1,327.00,271.00,435.00,232.00,0.92,-1,-1,-1
411,2,529.00,240.00,269.00,164.00,0.85,-1,-1,-1
411,5,522.00,204.00,334.00,100.00,0.55,-1,-1,-1
412,1,328.00,271.00,434.00,232.00,0.92,-1,-1,-1
412,2,530.00,240.00,267.00,164.00,0.85,-1,-1,-1
412,5,523.00,204.00,332.00,100.00,0.56,-1,-1,-1
413,1,328.00,271.00,434.00,232.00,0.92,-1,-1,-1
413,2,529.00,239.00,269.00,165.00,0.85,-1,-1,-1
413,5,523.00,204.00,333.00,101.00,0.54,-1,-1,-1
414,1,328.00,271.00,434.00,232.00,0.92,-1,-1,-1
414,2,528.00,239.00,271.00,165.00,0.85,-1,-1,-1
414,5,521.00,204.00,336.00,102.00,0.53,-1,-1,-1
415,1,327.00,272.00,435.00,232.00,0.92,-1,-1,-1
415,2,528.00,239.00,271.00,165.00,0.85,-1,-1,-1
415,5,521.00,204.00,337.00,102.00,0.54,-1,-1,-1
416,1,327.00,271.00,436.00,234.00,0.92,-1,-1,-1
416,2,529.00,240.00,269.00,164.00,0.85,-1,-1,-1
416,5,521.00,204.00,337.00,103.00,0.56,-1,-1,-1
417,1,326.00,271.00,438.00,234.00,0.92,-1,-1,-1
417,2,529.00,240.00,269.00,163.00,0.85,-1,-1,-1
417,5,518.00,204.00,344.00,106.00,0.57,-1,-1,-1
418,1,326.00,270.00,438.00,235.00,0.92,-1,-1,-1
418,2,529.00,240.00,269.00,163.00,0.85,-1,-1,-1
418,5,519.00,204.00,341.00,105.00,0.54,-1,-1,-1
419,1,326.00,270.00,438.00,236.00,0.92,-1,-1,-1
419,2,529.00,240.00,269.00,164.00,0.85,-1,-1,-1
419,5,517.00,203.00,345.00,108.00,0.55,-1,-1,-1
420,1,325.00,270.00,440.00,236.00,0.92,-1,-1,-1
420,2,529.00,240.00,269.00,164.00,0.86,-1,-1,-1
420,5,515.00,203.00,349.00,109.00,0.56,-1,-1,-1
421,1,326.00,270.00,439.00,237.00,0.92,-1,-1,-1
421,2,529.00,240.00,269.00,164.00,0.85,-1,-1,-1
421,5,508.00,202.00,363.00,115.00,0.58,-1,-1,-1
422,1,326.00,271.00,439.00,237.00,0.91,-1,-1,-1
422,2,529.00,240.00,269.00,164.00,0.85,-1,-1,-1
422,5,499.00,203.00,380.00,122.00,0.54,-1,-1,-1
423,1,326.00,271.00,439.00,237.00,0.91,-1,-1,-1
423,2,529.00,240.00,269.00,164.00,0.84,-1,-1,-1
423,5,502.00,203.00,378.00,124.00,0.40,-1,-1,-1
424,1,326.00,271.00,439.00,238.00,0.92,-1,-1,-1
424,2,528.00,239.00,271.00,165.00,0.84,-1,-1,-1
424,5,507.00,203.00,367.00,122.00,0.30,-1,-1,-1
425,1,326.00,271.00,438.00,238.00,0.92,-1,-1,-1
425,2,528.00,239.00,271.00,166.00,0.84,-1,-1,-1
425,5,512.00,204.00,358.00,119.00,0.29,-1,-1,-1
425,70,616.00,202.00,229.00,124.00,0.38,-1,-1,-1
426,1,326.00,271.00,438.00,238.00,0.92,-1,-1,-1
426,2,529.00,239.00,270.00,165.00,0.84,-1,-1,-1
426,5,509.00,207.00,365.00,124.00,0.12,-1,-1,-1
426,70,613.00,202.00,229.00,124.00,0.41,-1,-1,-1
427,1,327.00,272.00,436.00,237.00,0.91,-1,-1,-1
427,2,529.00,239.00,270.00,165.00,0.84,-1,-1,-1
427,70,609.00,202.00,236.00,127.00,0.43,-1,-1,-1
428,1,328.00,273.00,434.00,236.00,0.91,-1,-1,-1
428,2,529.00,239.00,270.00,165.00,0.83,-1,-1,-1
428,70,619.00,203.00,217.00,116.00,0.30,-1,-1,-1
428,5,511.00,204.00,367.00,127.00,0.43,-1,-1,-1
429,1,329.00,273.00,433.00,236.00,0.91,-1,-1,-1
429,2,529.00,239.00,270.00,165.00,0.83,-1,-1,-1
429,70,615.00,202.00,236.00,127.00,0.39,-1,-1,-1
429,5,513.00,204.00,361.00,126.00,0.41,-1,-1,-1
430,1,329.00,273.00,433.00,236.00,0.91,-1,-1,-1
430,2,529.00,239.00,270.00,165.00,0.83,-1,-1,-1
430,70,615.00,202.00,239.00,129.00,0.38,-1,-1,-1
430,5,517.00,204.00,354.00,125.00,0.37,-1,-1,-1
431,1,329.00,273.00,433.00,235.00,0.91,-1,-1,-1
431,2,529.00,239.00,270.00,165.00,0.83,-1,-1,-1
431,70,620.00,202.00,236.00,129.00,0.37,-1,-1,-1
431,5,520.00,203.00,351.00,126.00,0.31,-1,-1,-1
432,1,331.00,274.00,429.00,234.00,0.91,-1,-1,-1
432,2,529.00,239.00,270.00,164.00,0.83,-1,-1,-1
432,70,625.00,202.00,228.00,125.00,0.35,-1,-1,-1
432,5,531.00,203.00,339.00,123.00,0.26,-1,-1,-1
433,1,331.00,274.00,429.00,233.00,0.91,-1,-1,-1
433,2,529.00,239.00,269.00,164.00,0.83,-1,-1,-1
433,70,624.00,203.00,226.00,123.00,0.33,-1,-1,-1
433,5,526.00,203.00,341.00,124.00,0.34,-1,-1,-1
434,1,330.00,274.00,431.00,234.00,0.91,-1,-1,-1
434,2,530.00,239.00,268.00,164.00,0.83,-1,-1,-1
434,70,628.00,203.00,226.00,124.00,0.33,-1,-1,-1
434,5,523.00,203.00,341.00,125.00,0.37,-1,-1,-1
435,1,328.00,272.00,434.00,236.00,0.91,-1,-1,-1
435,2,529.00,239.00,270.00,164.00,0.83,-1,-1,-1
435,70,636.00,204.00,222.00,123.00,0.29,-1,-1,-1
435,5,522.00,203.00,341.00,126.00,0.36,-1,-1,-1
436,1,328.00,271.00,435.00,237.00,0.91,-1,-1,-1
436,2,530.00,239.00,269.00,164.00,0.83,-1,-1,-1
436,70,636.00,204.00,221.00,124.00,0.32,-1,-1,-1
436,5,523.00,204.00,338.00,125.00,0.44,-1,-1,-1
437,1,327.00,270.00,437.00,238.00,0.91,-1,-1,-1
437,2,530.00,240.00,268.00,163.00,0.83,-1,-1,-1
437,70,636.00,206.00,217.00,122.00,0.27,-1,-1,-1
437,5,525.00,204.00,334.00,123.00,0.46,-1,-1,-1
438,1,326.00,269.00,439.00,240.00,0.91,-1,-1,-1
438,2,530.00,240.00,269.00,163.00,0.83,-1,-1,-1
438,70,631.00,209.00,229.00,129.00,0.18,-1,-1,-1
438,5,523.00,204.00,335.00,125.00,0.51,-1,-1,-1
439,1,326.00,269.00,439.00,240.00,0.91,-1,-1,-1
439,2,530.00,240.00,269.00,163.00,0.83,-1,-1,-1
439,70,629.00,210.00,231.00,132.00,0.20,-1,-1,-1
439,5,521.00,205.00,337.00,125.00,0.52,-1,-1,-1
440,1,326.00,269.00,438.00,240.00,0.91,-1,-1,-1
440,2,530.00,240.00,269.00,163.00,0.83,-1,-1,-1
440,70,620.00,210.00,234.00,134.00,0.18,-1,-1,-1
440,5,521.00,204.00,335.00,126.00,0.58,-1,-1,-1
441,1,326.00,269.00,438.00,240.00,0.91,-1,-1,-1
441,2,531.00,240.00,267.00,163.00,0.83,-1,-1,-1
441,70,619.00,209.00,234.00,136.00,0.19,-1,-1,-1
441,5,519.00,204.00,337.00,126.00,0.61,-1,-1,-1
442,1,326.00,269.00,439.00,241.00,0.91,-1,-1,-1
442,2,531.00,240.00,268.00,163.00,0.82,-1,-1,-1
442,70,617.00,209.00,235.00,136.00,0.20,-1,-1,-1
442,5,519.00,204.00,338.00,128.00,0.62,-1,-1,-1
443,1,326.00,269.00,439.00,241.00,0.91,-1,-1,-1
443,2,530.00,240.00,270.00,163.00,0.83,-1,-1,-1
443,70,619.00,207.00,223.00,128.00,0.40,-1,-1,-1
443,5,518.00,204.00,342.00,130.00,0.18,-1,-1,-1
444,1,327.00,269.00,437.00,241.00,0.91,-1,-1,-1
444,2,529.00,239.00,271.00,165.00,0.83,-1,-1,-1
444,70,621.00,207.00,219.00,125.00,0.37,-1,-1,-1
444,5,528.00,206.00,327.00,123.00,0.26,-1,-1,-1
445,1,327.00,269.00,436.00,241.00,0.91,-1,-1,-1
445,2,528.00,239.00,272.00,165.00,0.83,-1,-1,-1
445,70,615.00,206.00,222.00,126.00,0.41,-1,-1,-1
445,5,522.00,204.00,346.00,133.00,0.13,-1,-1,-1
446,1,328.00,270.00,434.00,240.00,0.92,-1,-1,-1
446,2,528.00,239.00,272.00,165.00,0.83,-1,-1,-1
446,70,616.00,207.00,233.00,132.00,0.12,-1,-1,-1
446,5,526.00,205.00,339.00,131.00,0.44,-1,-1,-1
447,1,331.00,273.00,428.00,236.00,0.91,-1,-1,-1
447,2,529.00,239.00,271.00,165.00,0.83,-1,-1,-1
447,70,618.00,207.00,233.00,133.00,0.30,-1,-1,-1
447,5,522.00,206.00,339.00,131.00,0.55,-1,-1,-1
448,1,332.00,274.00,426.00,235.00,0.91,-1,-1,-1
448,2,529.00,239.00,271.00,166.00,0.83,-1,-1,-1
448,70,620.00,207.00,232.00,132.00,0.32,-1,-1,-1
448,5,521.00,206.00,338.00,131.00,0.56,-1,-1,-1
449,1,332.00,274.00,426.00,235.00,0.91,-1,-1,-1
449,2,529.00,239.00,271.00,166.00,0.83,-1,-1,-1
449,70,621.00,207.00,231.00,132.00,0.31,-1,-1,-1
449,5,521.00,206.00,337.00,132.00,0.56,-1,-1,-1
450,1,331.00,273.00,429.00,236.00,0.91,-1,-1,-1
450,2,529.00,240.00,271.00,165.00,0.83,-1,-1,-1
450,70,621.00,206.00,231.00,133.00,0.31,-1,-1,-1
450,5,521.00,206.00,336.00,132.00,0.56,-1,-1,-1
451,1,330.00,272.00,430.00,237.00,0.91,-1,-1,-1
451,2,528.00,239.00,272.00,166.00,0.83,-1,-1,-1
451,70,621.00,206.00,222.00,127.00,0.37,-1,-1,-1
451,5,522.00,206.00,335.00,132.00,0.50,-1,-1,-1
452,1,330.00,270.00,430.00,237.00,0.91,-1,-1,-1
452,2,527.00,239.00,272.00,166.00,0.84,-1,-1,-1
452,70,633.00,204.00,215.00,123.00,0.42,-1,-1,-1
452,5,523.00,205.00,333.00,131.00,0.36,-1,-1,-1
453,1,330.00,270.00,430.00,236.00,0.91,-1,-1,-1
453,2,527.00,239.00,272.00,166.00,0.84,-1,-1,-1
453,70,637.00,204.00,212.00,122.00,0.41,-1,-1,-1
453,5,523.00,204.00,332.00,132.00,0.37,-1,-1,-1
454,1,330.00,269.00,431.00,237.00,0.92,-1,-1,-1
454,2,527.00,239.00,272.00,166.00,0.84,-1,-1,-1
454,70,641.00,204.00,210.00,121.00,0.40,-1,-1,-1
454,5,524.00,204.00,330.00,132.00,0.36,-1,-1,-1
455,1,329.00,268.00,433.00,238.00,0.92,-1,-1,-1
455,2,528.00,239.00,271.00,166.00,0.84,-1,-1,-1
455,70,643.00,204.00,209.00,121.00,0.40,-1,-1,-1
455,5,525.00,204.00,328.00,131.00,0.37,-1,-1,-1
456,1,328.00,268.00,434.00,238.00,0.92,-1,-1,-1
456,2,528.00,239.00,271.00,166.00,0.84,-1,-1,-1
456,70,643.00,204.00,209.00,122.00,0.41,-1,-1,-1
456,5,525.00,204.00,328.00,131.00,0.37,-1,-1,-1
457,1,328.00,268.00,435.00,239.00,0.92,-1,-1,-1
457,2,528.00,239.00,271.00,166.00,0.84,-1,-1,-1
457,70,644.00,204.00,207.00,121.00,0.42,-1,-1,-1
457,5,525.00,204.00,327.00,131.00,0.37,-1,-1,-1
458,1,328.00,267.00,434.00,239.00,0.92,-1,-1,-1
458,2,528.00,239.00,270.00,166.00,0.84,-1,-1,-1
458,70,645.00,204.00,206.00,121.00,0.42,-1,-1,-1
458,5,525.00,204.00,327.00,132.00,0.38,-1,-1,-1
459,1,328.00,267.00,434.00,239.00,0.92,-1,-1,-1
459,2,528.00,239.00,270.00,166.00,0.84,-1,-1,-1
459,70,644.00,204.00,206.00,122.00,0.42,-1,-1,-1
459,5,524.00,204.00,328.00,132.00,0.37,-1,-1,-1
460,1,328.00,267.00,435.00,239.00,0.92,-1,-1,-1
460,2,528.00,239.00,270.00,166.00,0.84,-1,-1,-1
460,70,643.00,203.00,206.00,123.00,0.41,-1,-1,-1
460,5,524.00,204.00,329.00,133.00,0.38,-1,-1,-1
461,1,328.00,267.00,434.00,239.00,0.92,-1,-1,-1
461,2,528.00,239.00,270.00,166.00,0.83,-1,-1,-1
461,70,641.00,203.00,206.00,123.00,0.41,-1,-1,-1
461,5,525.00,204.00,328.00,133.00,0.34,-1,-1,-1
462,1,328.00,267.00,434.00,239.00,0.92,-1,-1,-1
462,2,528.00,239.00,269.00,166.00,0.84,-1,-1,-1
462,70,640.00,204.00,206.00,121.00,0.37,-1,-1,-1
462,5,526.00,204.00,327.00,132.00,0.30,-1,-1,-1
463,1,327.00,267.00,435.00,240.00,0.92,-1,-1,-1
463,2,528.00,239.00,269.00,166.00,0.84,-1,-1,-1
463,70,638.00,204.00,206.00,121.00,0.35,-1,-1,-1
463,5,526.00,203.00,326.00,133.00,0.33,-1,-1,-1
464,1,328.00,268.00,434.00,239.00,0.92,-1,-1,-1
464,2,528.00,239.00,269.00,166.00,0.84,-1,-1,-1
464,70,637.00,204.00,206.00,121.00,0.37,-1,-1,-1
464,5,526.00,204.00,326.00,132.00,0.35,-1,-1,-1
465,1,327.00,268.00,435.00,239.00,0.92,-1,-1,-1
465,2,529.00,239.00,268.00,166.00,0.83,-1,-1,-1
465,70,635.00,204.00,210.00,123.00,0.36,-1,-1,-1
465,5,526.00,204.00,326.00,133.00,0.30,-1,-1,-1
466,1,328.00,268.00,433.00,239.00,0.92,-1,-1,-1
466,2,529.00,239.00,268.00,166.00,0.83,-1,-1,-1
466,70,635.00,204.00,211.00,124.00,0.36,-1,-1,-1
466,5,526.00,204.00,326.00,134.00,0.28,-1,-1,-1
467,1,329.00,268.00,432.00,239.00,0.92,-1,-1,-1
467,2,529.00,239.00,268.00,165.00,0.83,-1,-1,-1
467,70,633.00,204.00,213.00,125.00,0.33,-1,-1,-1
467,5,526.00,204.00,327.00,134.00,0.23,-1,-1,-1
468,1,329.00,268.00,432.00,238.00,0.92,-1,-1,-1
468,2,529.00,239.00,268.00,165.00,0.83,-1,-1,-1
468,70,632.00,204.00,215.00,126.00,0.33,-1,-1,-1
468,5,526.00,204.00,328.00,135.00,0.19,-1,-1,-1
469,1,330.00,268.00,430.00,237.00,0.91,-1,-1,-1
469,2,529.00,239.00,268.00,165.00,0.83,-1,-1,-1
469,70,633.00,204.00,214.00,126.00,0.35,-1,-1,-1
469,5,528.00,204.00,326.00,134.00,0.19,-1,-1,-1
470,1,330.00,268.00,431.00,238.00,0.91,-1,-1,-1
470,2,529.00,239.00,268.00,166.00,0.83,-1,-1,-1
470,70,633.00,204.00,214.00,125.00,0.35,-1,-1,-1
470,5,529.00,204.00,324.00,134.00,0.22,-1,-1,-1
471,1,330.00,268.00,431.00,238.00,0.91,-1,-1,-1
471,2,529.00,239.00,268.00,166.00,0.83,-1,-1,-1
471,70,632.00,204.00,213.00,124.00,0.35,-1,-1,-1
471,5,529.00,203.00,323.00,134.00,0.25,-1,-1,-1
472,1,330.00,268.00,431.00,238.00,0.91,-1,-1,-1
472,2,529.00,239.00,268.00,166.00,0.83,-1,-1,-1
472,70,634.00,203.00,212.00,124.00,0.40,-1,-1,-1
472,5,528.00,203.00,323.00,135.00,0.29,-1,-1,-1
473,1,331.00,268.00,429.00,237.00,0.92,-1,-1,-1
473,2,529.00,239.00,268.00,166.00,0.83,-1,-1,-1
473,70,633.00,203.00,212.00,124.00,0.38,-1,-1,-1
473,5,527.00,203.00,324.00,135.00,0.31,-1,-1,-1
474,1,332.00,268.00,428.00,236.00,0.92,-1,-1,-1
474,2,528.00,238.00,270.00,167.00,0.83,-1,-1,-1
474,70,630.00,203.00,214.00,124.00,0.35,-1,-1,-1
474,5,526.00,203.00,327.00,136.00,0.34,-1,-1,-1
475,1,330.00,268.00,431.00,237.00,0.92,-1,-1,-1
475,2,528.00,239.00,269.00,166.00,0.83,-1,-1,-1
475,70,623.00,203.00,218.00,125.00,0.35,-1,-1,-1
475,5,526.00,203.00,327.00,136.00,0.40,-1,-1,-1
476,1,331.00,268.00,429.00,236.00,0.92,-1,-1,-1
476,2,528.00,238.00,270.00,167.00,0.83,-1,-1,-1
476,70,626.00,203.00,216.00,123.00,0.32,-1,-1,-1
476,5,528.00,203.00,323.00,134.00,0.34,-1,-1,-1
477,1,329.00,268.00,432.00,238.00,0.92,-1,-1,-1
477,2,528.00,238.00,270.00,166.00,0.83,-1,-1,-1
477,70,624.00,203.00,216.00,122.00,0.28,-1,-1,-1
477,5,530.00,202.00,320.00,133.00,0.37,-1,-1,-1
478,1,329.00,269.00,432.00,238.00,0.92,-1,-1,-1
478,2,528.00,238.00,270.00,167.00,0.83,-1,-1,-1
478,70,621.00,203.00,218.00,122.00,0.28,-1,-1,-1
478,5,531.00,202.00,318.00,132.00,0.36,-1,-1,-1
479,1,328.00,269.00,433.00,238.00,0.92,-1,-1,-1
479,2,528.00,238.00,269.00,167.00,0.83,-1,-1,-1
479,70,620.00,203.00,227.00,128.00,0.28,-1,-1,-1
479,5,529.00,202.00,321.00,133.00,0.42,-1,-1,-1
480,1,328.00,269.00,434.00,239.00,0.92,-1,-1,-1
480,2,528.00,238.00,270.00,167.00,0.83,-1,-1,-1
480,70,621.00,203.00,230.00,130.00,0.28,-1,-1,-1
480,5,528.00,202.00,322.00,133.00,0.46,-1,-1,-1
481,1,328.00,269.00,434.00,239.00,0.92,-1,-1,-1
481,2,528.00,238.00,270.00,167.00,0.84,-1,-1,-1
481,70,626.00,203.00,221.00,124.00,0.26,-1,-1,-1
481,5,531.00,202.00,317.00,131.00,0.42,-1,-1,-1
482,1,330.00,269.00,430.00,238.00,0.92,-1,-1,-1
482,2,528.00,238.00,270.00,168.00,0.84,-1,-1,-1
482,70,642.00,203.00,187.00,101.00,0.11,-1,-1,-1
482,5,537.00,202.00,313.00,129.00,0.47,-1,-1,-1
483,1,330.00,269.00,431.00,238.00,0.92,-1,-1,-1
483,2,527.00,238.00,271.00,168.00,0.84,-1,-1,-1
483,70,647.00,203.00,175.00,92.00,0.13,-1,-1,-1
483,5,540.00,202.00,309.00,127.00,0.46,-1,-1,-1
484,1,329.00,268.00,432.00,239.00,0.92,-1,-1,-1
484,2,528.00,238.00,270.00,168.00,0.83,-1,-1,-1
484,70,646.00,203.00,175.00,90.00,0.14,-1,-1,-1
484,5,541.00,202.00,308.00,127.00,0.44,-1,-1,-1
485,1,330.00,268.00,431.00,238.00,0.92,-1,-1,-1
485,2,528.00,238.00,270.00,167.00,0.83,-1,-1,-1
485,70,644.00,203.00,178.00,89.00,0.14,-1,-1,-1
485,5,539.00,201.00,308.00,127.00,0.45,-1,-1,-1
486,1,329.00,268.00,432.00,238.00,0.92,-1,-1,-1
486,2,529.00,238.00,268.00,167.00,0.83,-1,-1,-1
486,70,644.00,203.00,180.00,88.00,0.18,-1,-1,-1
486,5,541.00,201.00,301.00,123.00,0.36,-1,-1,-1
487,1,330.00,268.00,431.00,238.00,0.92,-1,-1,-1
487,2,529.00,238.00,268.00,166.00,0.82,-1,-1,-1
487,70,621.00,202.00,206.00,99.00,0.18,-1,-1,-1
487,5,541.00,201.00,301.00,122.00,0.40,-1,-1,-1
488,1,330.00,268.00,431.00,238.00,0.92,-1,-1,-1
488,2,530.00,239.00,265.00,164.00,0.83,-1,-1,-1
488,70,632.00,203.00,195.00,92.00,0.15,-1,-1,-1
488,5,539.00,201.00,303.00,122.00,0.49,-1,-1,-1
489,1,330.00,268.00,431.00,238.00,0.92,-1,-1,-1
489,2,530.00,239.00,265.00,164.00,0.82,-1,-1,-1
489,70,635.00,204.00,194.00,90.00,0.16,-1,-1,-1
489,5,539.00,201.00,303.00,121.00,0.46,-1,-1,-1
490,1,330.00,269.00,430.00,236.00,0.92,-1,-1,-1
490,2,530.00,239.00,265.00,164.00,0.82,-1,-1,-1
490,70,638.00,204.00,192.00,89.00,0.14,-1,-1,-1
490,5,538.00,201.00,304.00,121.00,0.46,-1,-1,-1
491,1,330.00,268.00,431.00,238.00,0.92,-1,-1,-1
491,2,530.00,239.00,264.00,164.00,0.82,-1,-1,-1
491,5,539.00,200.00,298.00,118.00,0.49,-1,-1,-1
492,1,330.00,268.00,431.00,237.00,0.92,-1,-1,-1
492,2,530.00,240.00,264.00,163.00,0.81,-1,-1,-1
492,5,534.00,200.00,307.00,121.00,0.51,-1,-1,-1
493,1,330.00,268.00,430.00,237.00,0.92,-1,-1,-1
493,2,529.00,239.00,266.00,164.00,0.81,-1,-1,-1
493,5,536.00,200.00,303.00,119.00,0.50,-1,-1,-1
494,1,329.00,268.00,432.00,237.00,0.92,-1,-1,-1
494,2,529.00,239.00,266.00,164.00,0.81,-1,-1,-1
494,5,536.00,200.00,302.00,117.00,0.48,-1,-1,-1
495,1,329.00,268.00,432.00,238.00,0.92,-1,-1,-1
495,2,528.00,239.00,269.00,165.00,0.81,-1,-1,-1
495,5,529.00,199.00,316.00,123.00,0.52,-1,-1,-1
496,1,328.00,267.00,434.00,239.00,0.92,-1,-1,-1
496,2,528.00,239.00,268.00,165.00,0.81,-1,-1,-1
496,5,517.00,200.00,340.00,133.00,0.47,-1,-1,-1
497,1,329.00,267.00,433.00,239.00,0.92,-1,-1,-1
497,2,528.00,238.00,270.00,166.00,0.81,-1,-1,-1
497,5,514.00,200.00,346.00,137.00,0.27,-1,-1,-1
497,70,600.00,201.00,269.00,128.00,0.37,-1,-1,-1
498,1,329.00,268.00,433.00,238.00,0.92,-1,-1,-1
498,2,528.00,238.00,270.00,166.00,0.82,-1,-1,-1
498,5,515.00,201.00,347.00,138.00,0.14,-1,-1,-1
498,70,600.00,201.00,260.00,124.00,0.43,-1,-1,-1
499,1,328.00,268.00,434.00,239.00,0.92,-1,-1,-1
499,2,528.00,238.00,270.00,166.00,0.82,-1,-1,-1
499,5,515.00,201.00,346.00,138.00,0.32,-1,-1,-1
499,70,596.00,201.00,267.00,129.00,0.32,-1,-1,-1
500,1,329.00,268.00,433.00,239.00,0.92,-1,-1,-1
500,2,528.00,238.00,270.00,166.00,0.82,-1,-1,-1
500,5,515.00,201.00,347.00,140.00,0.21,-1,-1,-1
500,70,599.00,201.00,265.00,131.00,0.41,-1,-1,-1
501,1,329.00,268.00,432.00,239.00,0.92,-1,-1,-1
501,2,528.00,238.00,270.00,166.00,0.83,-1,-1,-1
501,70,608.00,200.00,249.00,124.00,0.50,-1,-1,-1
502,1,329.00,269.00,432.00,238.00,0.92,-1,-1,-1
502,2,528.00,238.00,271.00,167.00,0.83,-1,-1,-1
502,70,605.00,200.00,251.00,126.00,0.51,-1,-1,-1
503,1,330.00,269.00,430.00,237.00,0.92,-1,-1,-1
503,2,528.00,238.00,271.00,167.00,0.83,-1,-1,-1
503,70,602.00,200.00,256.00,130.00,0.40,-1,-1,-1
503,5,533.00,200.00,311.00,125.00,0.30,-1,-1,-1
504,1,330.00,269.00,430.00,237.00,0.92,-1,-1,-1
504,2,528.00,238.00,271.00,167.00,0.83,-1,-1,-1
504,5,532.00,200.00,318.00,128.00,0.46,-1,-1,-1
505,1,330.00,269.00,430.00,237.00,0.92,-1,-1,-1
505,2,528.00,238.00,271.00,168.00,0.83,-1,-1,-1
505,5,529.00,200.00,321.00,130.00,0.58,-1,-1,-1
506,1,329.00,268.00,433.00,238.00,0.92,-1,-1,-1
506,2,528.00,238.00,271.00,168.00,0.82,-1,-1,-1
506,5,527.00,200.00,323.00,131.00,0.60,-1,-1,-1
507,1,329.00,267.00,433.00,239.00,0.92,-1,-1,-1
507,2,528.00,239.00,270.00,167.00,0.82,-1,-1,-1
507,5,544.00,201.00,285.00,112.00,0.48,-1,-1,-1
508,1,329.00,267.00,433.00,239.00,0.92,-1,-1,-1
508,2,528.00,239.00,270.00,167.00,0.82,-1,-1,-1
508,5,546.00,201.00,280.00,109.00,0.43,-1,-1,-1
509,1,329.00,267.00,433.00,239.00,0.92,-1,-1,-1
509,2,528.00,239.00,271.00,167.00,0.83,-1,-1,-1
509,5,552.00,201.00,268.00,102.00,0.29,-1,-1,-1
509,70,595.00,201.00,255.00,129.00,0.41,-1,-1,-1
510,1,329.00,266.00,433.00,240.00,0.92,-1,-1,-1
510,2,527.00,239.00,272.00,167.00,0.84,-1,-1,-1
510,5,554.00,201.00,260.00,96.00,0.13,-1,-1,-1
510,70,601.00,201.00,237.00,118.00,0.47,-1,-1,-1
511,1,329.00,266.00,432.00,239.00,0.91,-1,-1,-1
511,2,527.00,238.00,272.00,169.00,0.84,-1,-1,-1
511,5,552.00,201.00,267.00,97.00,0.14,-1,-1,-1
511,70,599.00,201.00,241.00,119.00,0.57,-1,-1,-1
512,1,329.00,267.00,433.00,239.00,0.91,-1,-1,-1
512,2,528.00,238.00,269.00,167.00,0.84,-1,-1,-1
512,70,568.00,202.00,264.00,127.00,0.73,-1,-1,-1
513,1,328.00,266.00,435.00,241.00,0.91,-1,-1,-1
513,2,528.00,239.00,269.00,166.00,0.83,-1,-1,-1
513,70,549.00,201.00,283.00,134.00,0.73,-1,-1,-1
