2,1,329.00,288.00,432.00,213.00,0.90,-1,-1,-1
2,2,527.00,242.00,271.00,163.00,0.82,-1,-1,-1
2,4,526.00,205.00,322.00,104.00,0.54,-1,-1,-1
2,5,425.00,199.00,123.00,78.00,0.53,-1,-1,-1
2,6,425.00,199.00,125.00,76.00,0.34,-1,-1,-1
3,1,328.00,286.00,434.00,215.00,0.91,-1,-1,-1
3,2,527.00,242.00,271.00,163.00,0.83,-1,-1,-1
3,4,522.00,205.00,330.00,106.00,0.55,-1,-1,-1
3,5,428.00,199.00,123.00,77.00,0.45,-1,-1,-1
3,6,428.00,199.00,125.00,76.00,0.37,-1,-1,-1
4,1,328.00,287.00,433.00,215.00,0.91,-1,-1,-1
4,2,527.00,242.00,271.00,163.00,0.83,-1,-1,-1
4,4,521.00,205.00,336.00,108.00,0.41,-1,-1,-1
4,5,427.00,198.00,127.00,80.00,0.42,-1,-1,-1
4,6,427.00,198.00,129.00,79.00,0.35,-1,-1,-1
5,1,327.00,285.00,436.00,217.00,0.91,-1,-1,-1
5,2,527.00,242.00,271.00,164.00,0.84,-1,-1,-1
5,4,520.00,205.00,342.00,111.00,0.33,-1,-1,-1
5,5,429.00,198.00,125.00,79.00,0.27,-1,-1,-1
5,6,426.00,198.00,129.00,79.00,0.24,-1,-1,-1
6,1,325.00,284.00,439.00,218.00,0.91,-1,-1,-1
6,2,527.00,241.00,272.00,165.00,0.82,-1,-1,-1
6,4,519.00,205.00,342.00,111.00,0.46,-1,-1,-1
6,5,436.00,199.00,125.00,78.00,0.45,-1,-1,-1
6,6,435.00,200.00,127.00,77.00,0.16,-1,-1,-1
7,1,325.00,283.00,440.00,219.00,0.91,-1,-1,-1
7,2,527.00,241.00,271.00,165.00,0.82,-1,-1,-1
7,4,518.00,205.00,346.00,113.00,0.23,-1,-1,-1
7,5,443.00,199.00,125.00,78.00,0.36,-1,-1,-1
8,1,326.00,285.00,437.00,217.00,0.91,-1,-1,-1
8,2,527.00,241.00,273.00,165.00,0.82,-1,-1,-1
8,4,513.00,204.00,349.00,115.00,0.49,-1,-1,-1
8,5,447.00,199.00,127.00,79.00,0.47,-1,-1,-1
9,1,327.00,285.00,436.00,217.00,0.91,-1,-1,-1
9,2,526.00,240.00,274.00,166.00,0.82,-1,-1,-1
9,4,514.00,204.00,346.00,114.00,0.43,-1,-1,-1
9,5,454.00,199.00,126.00,79.00,0.30,-1,-1,-1
10,1,328.00,286.00,434.00,216.00,0.91,-1,-1,-1
10,2,526.00,240.00,274.00,166.00,0.82,-1,-1,-1
10,4,515.00,204.00,343.00,114.00,0.49,-1,-1,-1
10,5,455.00,199.00,127.00,79.00,0.37,-1,-1,-1
11,1,328.00,287.00,433.00,215.00,0.91,-1,-1,-1
11,2,526.00,240.00,274.00,166.00,0.82,-1,-1,-1
11,4,515.00,204.00,340.00,113.00,0.28,-1,-1,-1
11,5,461.00,198.00,128.00,78.00,0.33,-1,-1,-1
12,1,327.00,285.00,435.00,217.00,0.91,-1,-1,-1
12,2,526.00,240.00,274.00,166.00,0.82,-1,-1,-1
12,4,524.00,204.00,335.00,112.00,0.19,-1,-1,-1
12,5,470.00,199.00,123.00,74.00,0.40,-1,-1,-1
13,1,327.00,284.00,436.00,218.00,0.91,-1,-1,-1
13,2,526.00,240.00,274.00,166.00,0.82,-1,-1,-1
13,4,532.00,205.00,343.00,116.00,0.24,-1,-1,-1
13,5,473.00,199.00,126.00,74.00,0.48,-1,-1,-1
14,1,326.00,283.00,437.00,219.00,0.92,-1,-1,-1
14,2,526.00,240.00,273.00,166.00,0.82,-1,-1,-1
14,4,538.00,205.00,326.00,111.00,0.20,-1,-1,-1
14,5,477.00,199.00,129.00,75.00,0.34,-1,-1,-1
15,1,325.00,282.00,439.00,220.00,0.91,-1,-1,-1
15,2,527.00,240.00,272.00,166.00,0.82,-1,-1,-1
15,4,532.00,205.00,319.00,108.00,0.36,-1,-1,-1
15,5,482.00,199.00,128.00,74.00,0.14,-1,-1,-1
16,1,324.00,281.00,441.00,221.00,0.91,-1,-1,-1
16,2,528.00,241.00,270.00,165.00,0.83,-1,-1,-1
16,4,509.00,204.00,324.00,109.00,0.48,-1,-1,-1
16,5,486.00,199.00,129.00,74.00,0.17,-1,-1,-1
17,1,323.00,279.00,443.00,223.00,0.91,-1,-1,-1
17,2,528.00,242.00,269.00,164.00,0.84,-1,-1,-1
17,4,512.00,204.00,322.00,108.00,0.57,-1,-1,-1
17,5,492.00,201.00,132.00,73.00,0.11,-1,-1,-1
18,1,324.00,280.00,441.00,222.00,0.91,-1,-1,-1
18,2,528.00,243.00,269.00,163.00,0.84,-1,-1,-1
18,4,518.00,204.00,320.00,106.00,0.60,-1,-1,-1
19,1,326.00,282.00,438.00,220.00,0.91,-1,-1,-1
19,2,528.00,243.00,269.00,163.00,0.84,-1,-1,-1
19,4,519.00,203.00,319.00,105.00,0.56,-1,-1,-1
20,1,327.00,282.00,435.00,220.00,0.91,-1,-1,-1
20,2,529.00,243.00,268.00,163.00,0.84,-1,-1,-1
20,4,518.00,203.00,324.00,107.00,0.60,-1,-1,-1
21,1,326.00,281.00,438.00,221.00,0.90,-1,-1,-1
21,2,529.00,243.00,269.00,163.00,0.83,-1,-1,-1
21,4,517.00,202.00,330.00,109.00,0.63,-1,-1,-1
22,1,327.00,281.00,436.00,221.00,0.90,-1,-1,-1
22,2,529.00,243.00,269.00,163.00,0.83,-1,-1,-1
22,4,516.00,203.00,334.00,110.00,0.64,-1,-1,-1
23,1,327.00,282.00,435.00,220.00,0.90,-1,-1,-1
23,2,529.00,243.00,269.00,163.00,0.84,-1,-1,-1
23,4,519.00,203.00,332.00,109.00,0.67,-1,-1,-1
24,1,329.00,284.00,431.00,218.00,0.90,-1,-1,-1
24,2,529.00,243.00,269.00,163.00,0.84,-1,-1,-1
24,4,521.00,202.00,330.00,110.00,0.68,-1,-1,-1
25,1,330.00,285.00,430.00,217.00,0.90,-1,-1,-1
25,2,529.00,243.00,269.00,163.00,0.84,-1,-1,-1
25,4,520.00,202.00,332.00,110.00,0.67,-1,-1,-1
26,1,328.00,283.00,433.00,219.00,0.90,-1,-1,-1
26,2,529.00,243.00,269.00,163.00,0.84,-1,-1,-1
26,4,518.00,202.00,335.00,112.00,0.68,-1,-1,-1
27,1,327.00,281.00,436.00,221.00,0.90,-1,-1,-1
27,2,529.00,242.00,270.00,164.00,0.84,-1,-1,-1
27,4,514.00,203.00,342.00,114.00,0.65,-1,-1,-1
28,1,327.00,282.00,435.00,220.00,0.90,-1,-1,-1
28,2,529.00,242.00,270.00,163.00,0.84,-1,-1,-1
28,4,510.00,203.00,350.00,118.00,0.66,-1,-1,-1
29,1,327.00,282.00,435.00,220.00,0.90,-1,-1,-1
29,2,529.00,242.00,270.00,163.00,0.83,-1,-1,-1
29,4,509.00,203.00,353.00,121.00,0.60,-1,-1,-1
30,1,328.00,281.00,434.00,221.00,0.90,-1,-1,-1
30,2,528.00,241.00,272.00,165.00,0.83,-1,-1,-1
30,4,540.00,203.00,338.00,118.00,0.56,-1,-1,-1
31,1,328.00,282.00,433.00,220.00,0.90,-1,-1,-1
31,2,527.00,240.00,273.00,166.00,0.84,-1,-1,-1
31,4,552.00,203.00,329.00,118.00,0.47,-1,-1,-1
32,1,328.00,280.00,434.00,220.00,0.90,-1,-1,-1
32,2,529.00,240.00,269.00,164.00,0.84,-1,-1,-1
32,4,519.00,204.00,363.00,132.00,0.61,-1,-1,-1
33,1,326.00,277.00,438.00,223.00,0.90,-1,-1,-1
33,2,529.00,240.00,269.00,163.00,0.84,-1,-1,-1
33,4,506.00,204.00,374.00,138.00,0.64,-1,-1,-1
34,1,325.00,276.00,440.00,224.00,0.90,-1,-1,-1
34,2,529.00,240.00,269.00,163.00,0.84,-1,-1,-1
34,4,502.00,203.00,377.00,142.00,0.68,-1,-1,-1
35,1,325.00,275.00,441.00,225.00,0.90,-1,-1,-1
35,2,529.00,240.00,269.00,163.00,0.84,-1,-1,-1
35,4,503.00,203.00,374.00,143.00,0.70,-1,-1,-1
36,1,325.00,274.00,441.00,226.00,0.90,-1,-1,-1
36,2,529.00,240.00,268.00,163.00,0.84,-1,-1,-1
36,4,510.00,204.00,359.00,138.00,0.71,-1,-1,-1
37,1,324.00,273.00,442.00,227.00,0.90,-1,-1,-1
37,2,529.00,240.00,268.00,162.00,0.84,-1,-1,-1
37,4,514.00,205.00,349.00,135.00,0.69,-1,-1,-1
38,1,325.00,274.00,441.00,226.00,0.90,-1,-1,-1
38,2,529.00,240.00,268.00,162.00,0.84,-1,-1,-1
38,4,514.00,205.00,349.00,135.00,0.70,-1,-1,-1
39,1,324.00,272.00,443.00,229.00,0.90,-1,-1,-1
39,2,529.00,240.00,268.00,162.00,0.84,-1,-1,-1
39,4,513.00,205.00,350.00,137.00,0.73,-1,-1,-1
40,1,325.00,273.00,441.00,228.00,0.90,-1,-1,-1
40,2,529.00,240.00,268.00,162.00,0.83,-1,-1,-1
40,4,513.00,204.00,351.00,138.00,0.72,-1,-1,-1
41,1,325.00,273.00,441.00,228.00,0.90,-1,-1,-1
41,2,529.00,240.00,268.00,162.00,0.83,-1,-1,-1
41,4,511.00,203.00,354.00,141.00,0.75,-1,-1,-1
42,1,323.00,271.00,444.00,230.00,0.91,-1,-1,-1
42,2,529.00,240.00,268.00,162.00,0.83,-1,-1,-1
42,4,515.00,202.00,347.00,140.00,0.70,-1,-1,-1
43,1,323.00,270.00,444.00,231.00,0.91,-1,-1,-1
43,2,529.00,240.00,269.00,162.00,0.83,-1,-1,-1
43,4,516.00,202.00,345.00,139.00,0.73,-1,-1,-1
44,1,323.00,269.00,444.00,232.00,0.91,-1,-1,-1
44,2,529.00,240.00,269.00,162.00,0.82,-1,-1,-1
44,4,515.00,202.00,345.00,140.00,0.71,-1,-1,-1
45,1,322.00,268.00,446.00,233.00,0.91,-1,-1,-1
45,2,529.00,240.00,269.00,162.00,0.81,-1,-1,-1
45,4,516.00,202.00,342.00,139.00,0.71,-1,-1,-1
46,1,324.00,268.00,442.00,233.00,0.91,-1,-1,-1
46,2,530.00,240.00,268.00,161.00,0.81,-1,-1,-1
46,4,517.00,202.00,339.00,138.00,0.70,-1,-1,-1
47,1,324.00,269.00,442.00,231.00,0.91,-1,-1,-1
47,2,530.00,240.00,268.00,161.00,0.80,-1,-1,-1
47,4,518.00,201.00,340.00,140.00,0.66,-1,-1,-1
48,1,325.00,268.00,441.00,232.00,0.90,-1,-1,-1
48,2,530.00,240.00,268.00,161.00,0.79,-1,-1,-1
48,4,520.00,201.00,336.00,138.00,0.64,-1,-1,-1
49,1,327.00,271.00,436.00,229.00,0.91,-1,-1,-1
49,2,530.00,241.00,267.00,160.00,0.78,-1,-1,-1
49,4,525.00,201.00,324.00,133.00,0.53,-1,-1,-1
50,1,328.00,272.00,435.00,229.00,0.90,-1,-1,-1
50,2,530.00,241.00,268.00,160.00,0.80,-1,-1,-1
50,4,530.00,201.00,312.00,127.00,0.48,-1,-1,-1
51,1,330.00,274.00,431.00,226.00,0.90,-1,-1,-1
51,2,528.00,240.00,269.00,161.00,0.81,-1,-1,-1
51,4,552.00,201.00,268.00,105.00,0.51,-1,-1,-1
52,1,332.00,276.00,427.00,224.00,0.90,-1,-1,-1
52,2,529.00,240.00,269.00,161.00,0.80,-1,-1,-1
52,4,562.00,201.00,248.00,94.00,0.53,-1,-1,-1
53,1,335.00,279.00,421.00,221.00,0.91,-1,-1,-1
53,2,529.00,240.00,269.00,161.00,0.81,-1,-1,-1
53,4,565.00,201.00,249.00,93.00,0.45,-1,-1,-1
54,1,335.00,280.00,421.00,220.00,0.91,-1,-1,-1
54,2,528.00,239.00,270.00,162.00,0.83,-1,-1,-1
54,4,570.00,201.00,250.00,91.00,0.44,-1,-1,-1
55,1,334.00,280.00,423.00,220.00,0.91,-1,-1,-1
55,2,527.00,238.00,272.00,164.00,0.83,-1,-1,-1
55,4,583.00,201.00,251.00,91.00,0.45,-1,-1,-1
56,1,333.00,280.00,424.00,221.00,0.91,-1,-1,-1
56,2,527.00,238.00,272.00,164.00,0.83,-1,-1,-1
56,4,571.00,201.00,260.00,92.00,0.36,-1,-1,-1
57,1,334.00,282.00,423.00,219.00,0.91,-1,-1,-1
57,2,527.00,238.00,272.00,164.00,0.84,-1,-1,-1
57,4,568.00,201.00,265.00,92.00,0.41,-1,-1,-1
58,1,334.00,282.00,423.00,219.00,0.92,-1,-1,-1
58,2,528.00,238.00,271.00,164.00,0.84,-1,-1,-1
58,4,560.00,200.00,272.00,94.00,0.41,-1,-1,-1
59,1,333.00,282.00,424.00,219.00,0.93,-1,-1,-1
59,2,528.00,238.00,270.00,163.00,0.84,-1,-1,-1
59,4,567.00,201.00,272.00,93.00,0.33,-1,-1,-1
60,1,333.00,282.00,425.00,219.00,0.93,-1,-1,-1
60,2,528.00,238.00,270.00,162.00,0.83,-1,-1,-1
60,4,609.00,202.00,264.00,93.00,0.36,-1,-1,-1
61,1,331.00,280.00,429.00,221.00,0.93,-1,-1,-1
61,2,529.00,238.00,268.00,162.00,0.83,-1,-1,-1
61,4,609.00,202.00,258.00,92.00,0.33,-1,-1,-1
62,1,332.00,281.00,427.00,219.00,0.92,-1,-1,-1
62,2,527.00,238.00,273.00,165.00,0.84,-1,-1,-1
63,1,331.00,280.00,429.00,220.00,0.92,-1,-1,-1
63,2,526.00,238.00,276.00,167.00,0.83,-1,-1,-1
64,1,332.00,281.00,427.00,219.00,0.92,-1,-1,-1
64,2,527.00,238.00,275.00,167.00,0.83,-1,-1,-1
65,1,328.00,278.00,434.00,222.00,0.92,-1,-1,-1
65,2,527.00,238.00,275.00,167.00,0.83,-1,-1,-1
66,1,327.00,277.00,435.00,223.00,0.91,-1,-1,-1
66,2,527.00,238.00,275.00,167.00,0.82,-1,-1,-1
67,1,327.00,277.00,435.00,223.00,0.91,-1,-1,-1
67,2,527.00,238.00,275.00,167.00,0.83,-1,-1,-1
68,1,330.00,279.00,430.00,221.00,0.91,-1,-1,-1
68,2,527.00,238.00,275.00,167.00,0.83,-1,-1,-1
69,1,329.00,279.00,431.00,221.00,0.92,-1,-1,-1
69,2,527.00,238.00,274.00,167.00,0.83,-1,-1,-1
69,28,527.00,199.00,323.00,128.00,0.47,-1,-1,-1
70,1,330.00,279.00,430.00,220.00,0.91,-1,-1,-1
70,2,527.00,238.00,274.00,167.00,0.83,-1,-1,-1
70,28,525.00,198.00,325.00,129.00,0.48,-1,-1,-1
71,1,329.00,278.00,432.00,221.00,0.91,-1,-1,-1
71,2,527.00,238.00,274.00,167.00,0.83,-1,-1,-1
71,28,525.00,198.00,325.00,128.00,0.48,-1,-1,-1
72,1,331.00,279.00,429.00,220.00,0.90,-1,-1,-1
72,2,527.00,238.00,274.00,168.00,0.83,-1,-1,-1
72,28,528.00,199.00,320.00,127.00,0.41,-1,-1,-1
73,1,331.00,280.00,428.00,219.00,0.90,-1,-1,-1
73,2,527.00,238.00,274.00,167.00,0.83,-1,-1,-1
73,28,532.00,200.00,315.00,125.00,0.30,-1,-1,-1
74,1,333.00,283.00,424.00,216.00,0.92,-1,-1,-1
74,2,527.00,238.00,274.00,168.00,0.83,-1,-1,-1
74,28,541.00,201.00,311.00,123.00,0.24,-1,-1,-1
75,1,332.00,283.00,425.00,216.00,0.91,-1,-1,-1
75,2,527.00,238.00,274.00,168.00,0.84,-1,-1,-1
75,28,544.00,201.00,310.00,123.00,0.23,-1,-1,-1
76,1,332.00,282.00,426.00,217.00,0.91,-1,-1,-1
76,2,527.00,238.00,274.00,168.00,0.84,-1,-1,-1
76,28,549.00,201.00,304.00,121.00,0.26,-1,-1,-1
77,1,333.00,284.00,424.00,215.00,0.91,-1,-1,-1
77,2,527.00,238.00,274.00,168.00,0.83,-1,-1,-1
77,28,558.00,201.00,294.00,117.00,0.23,-1,-1,-1
78,1,331.00,283.00,428.00,216.00,0.91,-1,-1,-1
78,2,527.00,238.00,274.00,168.00,0.84,-1,-1,-1
78,28,551.00,201.00,295.00,117.00,0.26,-1,-1,-1
79,1,329.00,281.00,432.00,218.00,0.91,-1,-1,-1
79,2,527.00,238.00,274.00,168.00,0.84,-1,-1,-1
79,28,546.00,201.00,297.00,117.00,0.33,-1,-1,-1
80,1,329.00,280.00,432.00,219.00,0.91,-1,-1,-1
80,2,527.00,238.00,274.00,169.00,0.84,-1,-1,-1
80,28,542.00,201.00,300.00,118.00,0.38,-1,-1,-1
81,1,329.00,280.00,432.00,220.00,0.91,-1,-1,-1
81,2,527.00,238.00,274.00,169.00,0.84,-1,-1,-1
81,28,538.00,201.00,303.00,118.00,0.43,-1,-1,-1
82,1,329.00,281.00,432.00,219.00,0.91,-1,-1,-1
82,2,527.00,238.00,274.00,169.00,0.84,-1,-1,-1
82,28,535.00,201.00,306.00,119.00,0.44,-1,-1,-1
83,1,327.00,278.00,436.00,222.00,0.91,-1,-1,-1
83,2,527.00,238.00,274.00,169.00,0.84,-1,-1,-1
83,28,537.00,201.00,303.00,117.00,0.42,-1,-1,-1
84,1,326.00,277.00,438.00,223.00,0.91,-1,-1,-1
84,2,527.00,238.00,274.00,169.00,0.84,-1,-1,-1
84,28,535.00,201.00,306.00,118.00,0.47,-1,-1,-1
85,1,326.00,276.00,438.00,224.00,0.91,-1,-1,-1
85,2,527.00,238.00,274.00,169.00,0.84,-1,-1,-1
85,28,535.00,201.00,307.00,117.00,0.42,-1,-1,-1
86,1,326.00,276.00,438.00,224.00,0.91,-1,-1,-1
86,2,527.00,238.00,274.00,169.00,0.84,-1,-1,-1
86,28,534.00,201.00,311.00,119.00,0.34,-1,-1,-1
87,1,327.00,277.00,436.00,223.00,0.91,-1,-1,-1
87,2,527.00,238.00,274.00,169.00,0.84,-1,-1,-1
87,28,533.00,201.00,313.00,119.00,0.39,-1,-1,-1
88,1,328.00,278.00,434.00,222.00,0.91,-1,-1,-1
88,2,527.00,238.00,274.00,169.00,0.84,-1,-1,-1
88,28,536.00,201.00,307.00,116.00,0.38,-1,-1,-1
89,1,328.00,279.00,434.00,221.00,0.91,-1,-1,-1
89,2,528.00,238.00,272.00,169.00,0.83,-1,-1,-1
89,28,542.00,201.00,298.00,112.00,0.31,-1,-1,-1
90,1,328.00,278.00,434.00,222.00,0.91,-1,-1,-1
90,2,527.00,238.00,273.00,169.00,0.84,-1,-1,-1
90,28,546.00,201.00,305.00,115.00,0.28,-1,-1,-1
91,1,328.00,278.00,434.00,222.00,0.91,-1,-1,-1
91,2,528.00,238.00,272.00,169.00,0.83,-1,-1,-1
91,28,548.00,201.00,307.00,116.00,0.27,-1,-1,-1
92,1,331.00,281.00,428.00,219.00,0.91,-1,-1,-1
92,2,528.00,238.00,271.00,168.00,0.85,-1,-1,-1
92,28,559.00,201.00,284.00,106.00,0.29,-1,-1,-1
93,1,331.00,282.00,428.00,218.00,0.91,-1,-1,-1
93,2,528.00,238.00,271.00,167.00,0.85,-1,-1,-1
93,28,559.00,201.00,282.00,104.00,0.27,-1,-1,-1
93,32,413.00,200.00,104.00,64.00,0.61,-1,-1,-1
93,37,391.00,202.00,143.00,62.00,0.38,-1,-1,-1
94,1,331.00,282.00,428.00,218.00,0.91,-1,-1,-1
94,2,528.00,238.00,270.00,167.00,0.85,-1,-1,-1
94,28,563.00,201.00,281.00,104.00,0.29,-1,-1,-1
94,32,413.00,203.00,104.00,61.00,0.39,-1,-1,-1
94,37,395.00,203.00,140.00,61.00,0.53,-1,-1,-1
95,1,331.00,282.00,428.00,218.00,0.91,-1,-1,-1
95,2,528.00,238.00,270.00,167.00,0.85,-1,-1,-1
95,28,545.00,200.00,297.00,108.00,0.14,-1,-1,-1
95,32,414.00,204.00,104.00,60.00,0.36,-1,-1,-1
95,37,396.00,203.00,138.00,60.00,0.43,-1,-1,-1
96,1,332.00,283.00,427.00,217.00,0.91,-1,-1,-1
96,2,528.00,238.00,270.00,167.00,0.85,-1,-1,-1
96,28,563.00,200.00,284.00,104.00,0.24,-1,-1,-1
96,37,398.00,203.00,137.00,60.00,0.50,-1,-1,-1
97,1,331.00,282.00,428.00,217.00,0.91,-1,-1,-1
97,2,528.00,238.00,270.00,167.00,0.85,-1,-1,-1
97,28,559.00,200.00,283.00,104.00,0.23,-1,-1,-1
97,37,398.00,203.00,138.00,60.00,0.51,-1,-1,-1
98,1,331.00,282.00,429.00,217.00,0.91,-1,-1,-1
98,2,529.00,238.00,269.00,167.00,0.85,-1,-1,-1
98,28,594.00,201.00,271.00,101.00,0.34,-1,-1,-1
98,37,399.00,203.00,138.00,60.00,0.40,-1,-1,-1
98,32,414.00,204.00,108.00,59.00,0.35,-1,-1,-1
99,1,330.00,282.00,430.00,217.00,0.91,-1,-1,-1
99,2,529.00,238.00,269.00,167.00,0.85,-1,-1,-1
99,28,577.00,201.00,274.00,101.00,0.27,-1,-1,-1
100,1,330.00,282.00,430.00,217.00,0.91,-1,-1,-1
100,2,529.00,238.00,269.00,167.00,0.85,-1,-1,-1
100,28,592.00,201.00,269.00,101.00,0.31,-1,-1,-1
101,1,331.00,283.00,428.00,216.00,0.91,-1,-1,-1
101,2,529.00,238.00,269.00,167.00,0.85,-1,-1,-1
101,28,593.00,201.00,267.00,101.00,0.29,-1,-1,-1
102,1,332.00,284.00,427.00,215.00,0.91,-1,-1,-1
102,2,529.00,238.00,270.00,167.00,0.84,-1,-1,-1
102,28,574.00,201.00,273.00,102.00,0.28,-1,-1,-1
103,1,332.00,284.00,427.00,215.00,0.91,-1,-1,-1
103,2,529.00,238.00,270.00,167.00,0.84,-1,-1,-1
103,28,570.00,201.00,274.00,102.00,0.29,-1,-1,-1
104,1,331.00,284.00,428.00,215.00,0.91,-1,-1,-1
104,2,529.00,238.00,270.00,167.00,0.85,-1,-1,-1
104,28,569.00,201.00,274.00,101.00,0.30,-1,-1,-1
105,1,330.00,283.00,430.00,216.00,0.91,-1,-1,-1
105,2,529.00,238.00,270.00,167.00,0.85,-1,-1,-1
105,28,558.00,200.00,280.00,103.00,0.34,-1,-1,-1
106,1,330.00,283.00,431.00,216.00,0.91,-1,-1,-1
106,2,529.00,238.00,270.00,167.00,0.85,-1,-1,-1
106,28,560.00,201.00,280.00,102.00,0.36,-1,-1,-1
107,1,329.00,282.00,432.00,217.00,0.91,-1,-1,-1
107,2,529.00,238.00,270.00,167.00,0.85,-1,-1,-1
107,28,552.00,201.00,289.00,104.00,0.38,-1,-1,-1
108,1,330.00,283.00,431.00,216.00,0.91,-1,-1,-1
108,2,529.00,238.00,270.00,167.00,0.85,-1,-1,-1
108,28,548.00,201.00,292.00,104.00,0.46,-1,-1,-1
109,1,330.00,284.00,430.00,215.00,0.91,-1,-1,-1
109,2,529.00,238.00,270.00,167.00,0.85,-1,-1,-1
109,28,544.00,201.00,295.00,105.00,0.45,-1,-1,-1
110,1,330.00,284.00,430.00,215.00,0.91,-1,-1,-1
110,2,530.00,238.00,269.00,167.00,0.85,-1,-1,-1
110,28,547.00,201.00,296.00,105.00,0.32,-1,-1,-1
111,1,330.00,284.00,430.00,215.00,0.91,-1,-1,-1
111,2,530.00,238.00,270.00,167.00,0.85,-1,-1,-1
111,28,559.00,201.00,296.00,106.00,0.43,-1,-1,-1
112,1,330.00,284.00,430.00,215.00,0.91,-1,-1,-1
112,2,530.00,238.00,270.00,167.00,0.85,-1,-1,-1
112,28,569.00,201.00,289.00,104.00,0.43,-1,-1,-1
113,1,330.00,283.00,431.00,216.00,0.91,-1,-1,-1
113,2,530.00,238.00,270.00,167.00,0.85,-1,-1,-1
113,28,559.00,201.00,294.00,106.00,0.34,-1,-1,-1
114,1,330.00,283.00,431.00,216.00,0.91,-1,-1,-1
114,2,530.00,238.00,269.00,167.00,0.85,-1,-1,-1
114,28,552.00,201.00,295.00,106.00,0.38,-1,-1,-1
115,1,329.00,282.00,432.00,217.00,0.91,-1,-1,-1
115,2,529.00,238.00,270.00,166.00,0.85,-1,-1,-1
115,28,550.00,201.00,295.00,105.00,0.39,-1,-1,-1
116,1,329.00,282.00,433.00,217.00,0.91,-1,-1,-1
116,2,530.00,238.00,269.00,166.00,0.85,-1,-1,-1
116,28,545.00,201.00,297.00,105.00,0.53,-1,-1,-1
117,1,329.00,282.00,432.00,217.00,0.91,-1,-1,-1
117,2,529.00,238.00,270.00,166.00,0.85,-1,-1,-1
117,28,543.00,201.00,301.00,106.00,0.45,-1,-1,-1
118,1,329.00,282.00,432.00,217.00,0.91,-1,-1,-1
118,2,529.00,239.00,270.00,165.00,0.85,-1,-1,-1
118,28,544.00,201.00,299.00,105.00,0.51,-1,-1,-1
119,1,329.00,282.00,432.00,217.00,0.91,-1,-1,-1
119,2,529.00,239.00,269.00,166.00,0.86,-1,-1,-1
119,28,546.00,201.00,291.00,101.00,0.63,-1,-1,-1
120,1,329.00,283.00,432.00,216.00,0.91,-1,-1,-1
120,2,529.00,239.00,269.00,165.00,0.84,-1,-1,-1
120,28,543.00,200.00,294.00,101.00,0.61,-1,-1,-1
121,1,330.00,283.00,430.00,216.00,0.91,-1,-1,-1
121,2,530.00,239.00,267.00,164.00,0.85,-1,-1,-1
121,28,540.00,200.00,297.00,101.00,0.63,-1,-1,-1
122,1,327.00,283.00,436.00,218.00,0.91,-1,-1,-1
122,2,538.00,239.00,259.00,157.00,0.83,-1,-1,-1
122,28,538.00,199.00,300.00,101.00,0.57,-1,-1,-1
123,1,325.00,282.00,439.00,221.00,0.90,-1,-1,-1
123,2,541.00,239.00,254.00,153.00,0.84,-1,-1,-1
123,28,536.00,198.00,304.00,102.00,0.60,-1,-1,-1
124,1,324.00,282.00,437.00,220.00,0.88,-1,-1,-1
124,2,543.00,239.00,246.00,146.00,0.83,-1,-1,-1
124,28,537.00,198.00,303.00,101.00,0.54,-1,-1,-1
125,1,319.00,282.00,436.00,221.00,0.86,-1,-1,-1
125,2,535.00,239.00,258.00,154.00,0.77,-1,-1,-1
125,28,537.00,198.00,304.00,100.00,0.45,-1,-1,-1
126,1,328.00,282.00,433.00,219.00,0.72,-1,-1,-1
126,2,531.00,238.00,265.00,157.00,0.78,-1,-1,-1
126,28,539.00,199.00,305.00,100.00,0.33,-1,-1,-1
127,1,327.00,282.00,433.00,219.00,0.76,-1,-1,-1
127,2,527.00,238.00,274.00,163.00,0.82,-1,-1,-1
127,28,544.00,199.00,303.00,99.00,0.23,-1,-1,-1
128,1,330.00,281.00,429.00,217.00,0.88,-1,-1,-1
128,2,526.00,238.00,275.00,164.00,0.81,-1,-1,-1
128,28,541.00,198.00,307.00,101.00,0.27,-1,-1,-1
129,1,333.00,280.00,424.00,214.00,0.89,-1,-1,-1
129,2,526.00,239.00,275.00,164.00,0.81,-1,-1,-1
129,28,537.00,199.00,311.00,102.00,0.16,-1,-1,-1
130,1,333.00,279.00,425.00,214.00,0.91,-1,-1,-1
130,2,526.00,239.00,275.00,165.00,0.81,-1,-1,-1
130,28,540.00,199.00,311.00,101.00,0.22,-1,-1,-1
131,1,338.00,281.00,414.00,207.00,0.91,-1,-1,-1
131,2,524.00,239.00,280.00,167.00,0.82,-1,-1,-1
131,28,537.00,198.00,315.00,103.00,0.29,-1,-1,-1
132,1,337.00,282.00,417.00,208.00,0.90,-1,-1,-1
132,2,525.00,238.00,279.00,169.00,0.81,-1,-1,-1
132,28,537.00,199.00,311.00,102.00,0.34,-1,-1,-1
133,1,332.00,283.00,428.00,212.00,0.90,-1,-1,-1
133,2,526.00,239.00,277.00,168.00,0.82,-1,-1,-1
133,28,536.00,200.00,311.00,101.00,0.40,-1,-1,-1
134,1,329.00,283.00,434.00,216.00,0.90,-1,-1,-1
134,2,526.00,239.00,275.00,167.00,0.82,-1,-1,-1
134,28,533.00,200.00,314.00,101.00,0.42,-1,-1,-1
135,1,328.00,283.00,435.00,217.00,0.90,-1,-1,-1
135,2,527.00,239.00,273.00,166.00,0.83,-1,-1,-1
135,28,533.00,199.00,314.00,101.00,0.39,-1,-1,-1
136,1,328.00,284.00,435.00,217.00,0.91,-1,-1,-1
136,2,527.00,239.00,272.00,165.00,0.82,-1,-1,-1
136,28,538.00,200.00,311.00,99.00,0.24,-1,-1,-1
137,1,327.00,286.00,436.00,217.00,0.91,-1,-1,-1
137,2,527.00,239.00,273.00,165.00,0.82,-1,-1,-1
137,28,551.00,199.00,307.00,100.00,0.20,-1,-1,-1
138,1,328.00,287.00,434.00,216.00,0.91,-1,-1,-1
138,2,527.00,238.00,273.00,166.00,0.82,-1,-1,-1
138,28,555.00,199.00,305.00,99.00,0.15,-1,-1,-1
139,1,330.00,287.00,430.00,214.00,0.92,-1,-1,-1
139,2,528.00,238.00,272.00,166.00,0.83,-1,-1,-1
139,28,541.00,199.00,311.00,101.00,0.18,-1,-1,-1
140,1,332.00,287.00,426.00,212.00,0.92,-1,-1,-1
140,2,527.00,238.00,273.00,166.00,0.82,-1,-1,-1
140,28,544.00,199.00,307.00,100.00,0.17,-1,-1,-1
141,1,331.00,286.00,428.00,212.00,0.92,-1,-1,-1
141,2,527.00,238.00,272.00,165.00,0.82,-1,-1,-1
141,28,541.00,200.00,308.00,100.00,0.13,-1,-1,-1
142,1,331.00,286.00,428.00,213.00,0.91,-1,-1,-1
142,2,527.00,238.00,272.00,165.00,0.82,-1,-1,-1
142,28,542.00,201.00,308.00,99.00,0.12,-1,-1,-1
142,37,472.00,162.00,120.00,103.00,0.41,-1,-1,-1
143,1,331.00,286.00,428.00,212.00,0.92,-1,-1,-1
143,2,528.00,238.00,271.00,165.00,0.82,-1,-1,-1
143,28,536.00,200.00,310.00,100.00,0.17,-1,-1,-1
143,37,474.00,162.00,122.00,104.00,0.36,-1,-1,-1
144,1,331.00,286.00,428.00,212.00,0.92,-1,-1,-1
144,2,528.00,239.00,270.00,164.00,0.81,-1,-1,-1
144,28,534.00,200.00,309.00,99.00,0.41,-1,-1,-1
144,37,473.00,162.00,123.00,105.00,0.34,-1,-1,-1
145,1,331.00,286.00,428.00,212.00,0.92,-1,-1,-1
145,2,528.00,239.00,271.00,164.00,0.82,-1,-1,-1
145,28,531.00,200.00,310.00,98.00,0.46,-1,-1,-1
145,37,473.00,162.00,123.00,106.00,0.34,-1,-1,-1
146,1,330.00,285.00,429.00,212.00,0.92,-1,-1,-1
146,2,529.00,239.00,270.00,165.00,0.81,-1,-1,-1
146,28,524.00,200.00,313.00,98.00,0.54,-1,-1,-1
146,37,477.00,161.00,119.00,103.00,0.45,-1,-1,-1
147,1,330.00,286.00,429.00,212.00,0.92,-1,-1,-1
147,2,529.00,239.00,270.00,165.00,0.82,-1,-1,-1
147,28,513.00,198.00,335.00,106.00,0.54,-1,-1,-1
148,1,330.00,285.00,430.00,213.00,0.92,-1,-1,-1
148,2,529.00,239.00,271.00,165.00,0.82,-1,-1,-1
148,28,512.00,198.00,340.00,107.00,0.55,-1,-1,-1
149,1,328.00,284.00,434.00,214.00,0.91,-1,-1,-1
149,2,530.00,239.00,270.00,165.00,0.82,-1,-1,-1
149,28,505.00,198.00,357.00,113.00,0.54,-1,-1,-1
150,1,329.00,284.00,434.00,214.00,0.92,-1,-1,-1
150,2,531.00,240.00,268.00,163.00,0.81,-1,-1,-1
150,28,507.00,198.00,357.00,113.00,0.57,-1,-1,-1
151,1,329.00,284.00,433.00,214.00,0.90,-1,-1,-1
151,2,531.00,240.00,267.00,162.00,0.82,-1,-1,-1
151,28,509.00,198.00,355.00,114.00,0.53,-1,-1,-1
152,1,326.00,283.00,438.00,217.00,0.91,-1,-1,-1
152,2,529.00,241.00,269.00,163.00,0.84,-1,-1,-1
152,28,497.00,199.00,379.00,124.00,0.69,-1,-1,-1
153,1,324.00,282.00,440.00,219.00,0.91,-1,-1,-1
153,2,529.00,241.00,269.00,164.00,0.84,-1,-1,-1
153,28,494.00,200.00,384.00,127.00,0.67,-1,-1,-1
154,1,324.00,282.00,442.00,219.00,0.91,-1,-1,-1
154,2,529.00,241.00,269.00,164.00,0.84,-1,-1,-1
154,28,494.00,200.00,384.00,129.00,0.69,-1,-1,-1
155,1,324.00,281.00,442.00,220.00,0.91,-1,-1,-1
155,2,529.00,241.00,270.00,164.00,0.84,-1,-1,-1
155,28,495.00,200.00,382.00,131.00,0.66,-1,-1,-1
156,1,325.00,281.00,441.00,220.00,0.92,-1,-1,-1
156,2,529.00,241.00,270.00,164.00,0.84,-1,-1,-1
156,28,498.00,200.00,377.00,130.00,0.67,-1,-1,-1
157,1,326.00,281.00,439.00,220.00,0.92,-1,-1,-1
157,2,528.00,241.00,271.00,164.00,0.84,-1,-1,-1
157,28,502.00,201.00,370.00,129.00,0.65,-1,-1,-1
158,1,327.00,282.00,436.00,219.00,0.92,-1,-1,-1
158,2,528.00,241.00,271.00,164.00,0.84,-1,-1,-1
158,28,506.00,201.00,365.00,129.00,0.56,-1,-1,-1
159,1,327.00,283.00,436.00,218.00,0.92,-1,-1,-1
159,2,528.00,241.00,270.00,164.00,0.83,-1,-1,-1
159,28,511.00,200.00,358.00,128.00,0.42,-1,-1,-1
160,1,326.00,282.00,437.00,219.00,0.92,-1,-1,-1
160,2,528.00,241.00,271.00,164.00,0.84,-1,-1,-1
160,28,513.00,200.00,354.00,128.00,0.52,-1,-1,-1
161,1,326.00,281.00,438.00,220.00,0.92,-1,-1,-1
161,2,528.00,241.00,271.00,164.00,0.83,-1,-1,-1
161,28,516.00,201.00,348.00,126.00,0.48,-1,-1,-1
162,1,323.00,277.00,444.00,223.00,0.92,-1,-1,-1
162,2,528.00,241.00,271.00,163.00,0.84,-1,-1,-1
162,28,516.00,201.00,344.00,125.00,0.59,-1,-1,-1
163,1,321.00,274.00,447.00,226.00,0.92,-1,-1,-1
163,2,529.00,241.00,270.00,164.00,0.84,-1,-1,-1
163,28,516.00,201.00,341.00,125.00,0.60,-1,-1,-1
164,1,321.00,274.00,447.00,226.00,0.92,-1,-1,-1
164,2,529.00,241.00,270.00,164.00,0.84,-1,-1,-1
164,28,517.00,202.00,338.00,124.00,0.63,-1,-1,-1
165,1,321.00,272.00,448.00,229.00,0.92,-1,-1,-1
165,2,528.00,241.00,271.00,164.00,0.84,-1,-1,-1
165,28,518.00,202.00,336.00,123.00,0.60,-1,-1,-1
166,1,321.00,272.00,447.00,229.00,0.92,-1,-1,-1
166,2,528.00,241.00,271.00,164.00,0.84,-1,-1,-1
166,28,518.00,202.00,335.00,123.00,0.60,-1,-1,-1
167,1,322.00,272.00,446.00,229.00,0.91,-1,-1,-1
167,2,528.00,241.00,272.00,164.00,0.84,-1,-1,-1
167,28,518.00,202.00,335.00,124.00,0.58,-1,-1,-1
168,1,322.00,272.00,445.00,229.00,0.92,-1,-1,-1
168,2,528.00,241.00,272.00,164.00,0.84,-1,-1,-1
168,28,517.00,202.00,337.00,125.00,0.61,-1,-1,-1
169,1,321.00,270.00,447.00,231.00,0.92,-1,-1,-1
169,2,528.00,241.00,272.00,164.00,0.84,-1,-1,-1
169,28,517.00,202.00,338.00,125.00,0.56,-1,-1,-1
170,1,323.00,271.00,444.00,230.00,0.91,-1,-1,-1
170,2,528.00,241.00,272.00,164.00,0.84,-1,-1,-1
170,28,517.00,202.00,338.00,125.00,0.55,-1,-1,-1
171,1,324.00,271.00,442.00,230.00,0.91,-1,-1,-1
171,2,528.00,241.00,272.00,164.00,0.84,-1,-1,-1
171,28,517.00,201.00,339.00,127.00,0.49,-1,-1,-1
172,1,323.00,270.00,443.00,231.00,0.91,-1,-1,-1
172,2,529.00,241.00,271.00,164.00,0.83,-1,-1,-1
172,28,519.00,201.00,336.00,126.00,0.52,-1,-1,-1
173,1,325.00,272.00,439.00,229.00,0.91,-1,-1,-1
173,2,529.00,241.00,270.00,164.00,0.83,-1,-1,-1
173,28,517.00,199.00,341.00,128.00,0.44,-1,-1,-1
174,1,326.00,273.00,437.00,228.00,0.91,-1,-1,-1
174,2,529.00,241.00,270.00,164.00,0.83,-1,-1,-1
174,28,517.00,198.00,342.00,129.00,0.43,-1,-1,-1
174,59,526.00,155.00,323.00,165.00,0.38,-1,-1,-1
175,1,326.00,273.00,437.00,228.00,0.91,-1,-1,-1
175,2,528.00,240.00,272.00,165.00,0.83,-1,-1,-1
175,28,515.00,196.00,345.00,132.00,0.40,-1,-1,-1
175,59,526.00,155.00,323.00,165.00,0.48,-1,-1,-1
176,1,326.00,272.00,438.00,229.00,0.91,-1,-1,-1
176,2,528.00,240.00,272.00,165.00,0.83,-1,-1,-1
176,28,490.00,174.00,396.00,154.00,0.51,-1,-1,-1
176,59,533.00,156.00,309.00,157.00,0.62,-1,-1,-1
177,1,326.00,272.00,438.00,229.00,0.91,-1,-1,-1
177,2,527.00,240.00,271.00,165.00,0.83,-1,-1,-1
177,28,479.00,162.00,417.00,167.00,0.46,-1,-1,-1
177,59,533.00,155.00,308.00,157.00,0.62,-1,-1,-1
178,1,327.00,273.00,436.00,228.00,0.91,-1,-1,-1
178,2,527.00,241.00,270.00,164.00,0.83,-1,-1,-1
178,28,479.00,158.00,417.00,171.00,0.43,-1,-1,-1
178,59,534.00,155.00,306.00,156.00,0.62,-1,-1,-1
179,1,327.00,272.00,436.00,229.00,0.92,-1,-1,-1
179,2,526.00,240.00,271.00,165.00,0.85,-1,-1,-1
179,28,483.00,155.00,412.00,173.00,0.35,-1,-1,-1
179,59,530.00,155.00,316.00,161.00,0.59,-1,-1,-1
180,1,327.00,273.00,435.00,228.00,0.92,-1,-1,-1
180,2,527.00,240.00,272.00,165.00,0.83,-1,-1,-1
180,28,509.00,155.00,399.00,172.00,0.25,-1,-1,-1
180,59,525.00,155.00,324.00,165.00,0.39,-1,-1,-1
181,1,328.00,273.00,434.00,228.00,0.92,-1,-1,-1
181,2,527.00,240.00,272.00,165.00,0.83,-1,-1,-1
181,28,525.00,154.00,382.00,171.00,0.37,-1,-1,-1
181,59,526.00,154.00,322.00,164.00,0.33,-1,-1,-1
182,1,332.00,279.00,426.00,223.00,0.90,-1,-1,-1
182,2,527.00,240.00,271.00,165.00,0.83,-1,-1,-1
182,28,514.00,154.00,372.00,168.00,0.29,-1,-1,-1
182,59,539.00,155.00,298.00,150.00,0.59,-1,-1,-1
183,1,331.00,278.00,428.00,224.00,0.90,-1,-1,-1
183,2,526.00,240.00,271.00,165.00,0.83,-1,-1,-1
183,28,513.00,155.00,362.00,165.00,0.26,-1,-1,-1
184,1,332.00,280.00,426.00,222.00,0.90,-1,-1,-1
184,2,526.00,239.00,271.00,166.00,0.83,-1,-1,-1
184,28,516.00,154.00,348.00,159.00,0.55,-1,-1,-1
184,59,533.00,155.00,311.00,155.00,0.22,-1,-1,-1
185,1,332.00,280.00,426.00,222.00,0.90,-1,-1,-1
185,2,527.00,239.00,269.00,165.00,0.83,-1,-1,-1
185,28,541.00,178.00,298.00,134.00,0.15,-1,-1,-1
185,59,531.00,154.00,315.00,156.00,0.48,-1,-1,-1
186,1,333.00,281.00,424.00,222.00,0.90,-1,-1,-1
186,2,527.00,239.00,268.00,164.00,0.83,-1,-1,-1
186,28,554.00,192.00,272.00,119.00,0.16,-1,-1,-1
186,59,528.00,152.00,320.00,159.00,0.44,-1,-1,-1
187,1,333.00,283.00,424.00,219.00,0.90,-1,-1,-1
187,2,528.00,240.00,267.00,163.00,0.82,-1,-1,-1
187,28,557.00,198.00,266.00,114.00,0.23,-1,-1,-1
187,59,526.00,152.00,324.00,160.00,0.35,-1,-1,-1
188,1,333.00,282.00,425.00,221.00,0.90,-1,-1,-1
188,2,527.00,239.00,270.00,165.00,0.81,-1,-1,-1
188,28,557.00,200.00,265.00,111.00,0.21,-1,-1,-1
188,59,527.00,151.00,322.00,159.00,0.31,-1,-1,-1
189,1,333.00,282.00,425.00,220.00,0.90,-1,-1,-1
189,2,527.00,239.00,269.00,164.00,0.82,-1,-1,-1
189,28,563.00,200.00,252.00,103.00,0.16,-1,-1,-1
190,1,331.00,280.00,429.00,222.00,0.90,-1,-1,-1
190,2,527.00,239.00,269.00,164.00,0.83,-1,-1,-1
190,28,561.00,197.00,257.00,103.00,0.13,-1,-1,-1
191,1,332.00,280.00,427.00,221.00,0.90,-1,-1,-1
191,2,528.00,240.00,267.00,163.00,0.79,-1,-1,-1
191,28,566.00,198.00,245.00,94.00,0.19,-1,-1,-1
192,1,331.00,279.00,428.00,220.00,0.90,-1,-1,-1
192,2,527.00,239.00,270.00,165.00,0.79,-1,-1,-1
192,28,612.00,201.00,233.00,91.00,0.16,-1,-1,-1
193,1,331.00,277.00,428.00,221.00,0.90,-1,-1,-1
193,2,528.00,239.00,268.00,164.00,0.80,-1,-1,-1
193,28,629.00,202.00,227.00,89.00,0.16,-1,-1,-1
194,1,335.00,278.00,421.00,216.00,0.90,-1,-1,-1
194,2,527.00,239.00,270.00,165.00,0.79,-1,-1,-1
195,1,332.00,276.00,427.00,219.00,0.90,-1,-1,-1
195,2,529.00,240.00,267.00,164.00,0.79,-1,-1,-1
195,59,566.00,185.00,242.00,108.00,0.56,-1,-1,-1
196,1,330.00,275.00,431.00,222.00,0.90,-1,-1,-1
196,2,529.00,241.00,267.00,163.00,0.79,-1,-1,-1
196,59,577.00,199.00,216.00,91.00,0.59,-1,-1,-1
197,1,328.00,275.00,435.00,224.00,0.90,-1,-1,-1
197,2,528.00,240.00,269.00,164.00,0.79,-1,-1,-1
197,59,576.00,203.00,215.00,86.00,0.58,-1,-1,-1
198,1,327.00,274.00,437.00,225.00,0.90,-1,-1,-1
198,2,528.00,240.00,269.00,165.00,0.79,-1,-1,-1
198,28,597.00,202.00,218.00,86.00,0.51,-1,-1,-1
199,1,326.00,273.00,438.00,226.00,0.90,-1,-1,-1
199,2,528.00,240.00,269.00,165.00,0.79,-1,-1,-1
199,28,578.00,202.00,226.00,86.00,0.49,-1,-1,-1
200,1,326.00,273.00,438.00,226.00,0.90,-1,-1,-1
200,2,528.00,239.00,269.00,165.00,0.78,-1,-1,-1
200,28,568.00,203.00,237.00,86.00,0.43,-1,-1,-1
201,1,327.00,273.00,436.00,226.00,0.91,-1,-1,-1
201,2,529.00,240.00,268.00,164.00,0.77,-1,-1,-1
201,28,561.00,203.00,248.00,88.00,0.41,-1,-1,-1
202,1,326.00,272.00,437.00,226.00,0.91,-1,-1,-1
202,2,529.00,240.00,268.00,163.00,0.78,-1,-1,-1
202,28,554.00,202.00,259.00,91.00,0.44,-1,-1,-1
203,1,326.00,272.00,438.00,227.00,0.91,-1,-1,-1
203,2,529.00,240.00,268.00,163.00,0.78,-1,-1,-1
203,28,549.00,202.00,269.00,92.00,0.42,-1,-1,-1
204,1,326.00,270.00,439.00,228.00,0.91,-1,-1,-1
204,2,529.00,240.00,268.00,163.00,0.77,-1,-1,-1
204,28,545.00,202.00,277.00,93.00,0.45,-1,-1,-1
205,1,326.00,270.00,438.00,229.00,0.91,-1,-1,-1
205,2,528.00,239.00,270.00,165.00,0.76,-1,-1,-1
205,28,544.00,201.00,278.00,93.00,0.46,-1,-1,-1
206,1,326.00,270.00,439.00,229.00,0.91,-1,-1,-1
206,2,528.00,240.00,269.00,164.00,0.78,-1,-1,-1
206,28,544.00,202.00,278.00,91.00,0.51,-1,-1,-1
207,1,327.00,271.00,437.00,228.00,0.91,-1,-1,-1
207,2,527.00,240.00,270.00,164.00,0.81,-1,-1,-1
207,28,544.00,202.00,278.00,90.00,0.54,-1,-1,-1
208,1,327.00,271.00,436.00,228.00,0.91,-1,-1,-1
208,2,526.00,239.00,272.00,166.00,0.81,-1,-1,-1
208,28,545.00,202.00,276.00,89.00,0.48,-1,-1,-1
209,1,327.00,271.00,436.00,228.00,0.91,-1,-1,-1
209,2,526.00,239.00,272.00,166.00,0.81,-1,-1,-1
209,28,544.00,203.00,277.00,87.00,0.55,-1,-1,-1
210,1,328.00,271.00,435.00,227.00,0.91,-1,-1,-1
210,2,526.00,239.00,272.00,166.00,0.81,-1,-1,-1
210,28,544.00,203.00,277.00,86.00,0.52,-1,-1,-1
211,1,328.00,270.00,435.00,228.00,0.91,-1,-1,-1
211,2,526.00,239.00,271.00,166.00,0.82,-1,-1,-1
211,28,544.00,203.00,279.00,86.00,0.52,-1,-1,-1
212,1,326.00,270.00,438.00,230.00,0.91,-1,-1,-1
212,2,527.00,239.00,272.00,167.00,0.84,-1,-1,-1
212,28,542.00,202.00,284.00,87.00,0.54,-1,-1,-1
213,1,326.00,270.00,438.00,231.00,0.91,-1,-1,-1
213,2,527.00,239.00,273.00,168.00,0.83,-1,-1,-1
213,28,540.00,202.00,290.00,87.00,0.46,-1,-1,-1
214,1,326.00,270.00,438.00,231.00,0.91,-1,-1,-1
214,2,526.00,239.00,274.00,168.00,0.85,-1,-1,-1
214,28,539.00,201.00,289.00,87.00,0.54,-1,-1,-1
215,1,326.00,270.00,438.00,231.00,0.91,-1,-1,-1
215,2,526.00,239.00,274.00,168.00,0.84,-1,-1,-1
215,28,539.00,201.00,290.00,86.00,0.55,-1,-1,-1
216,1,326.00,269.00,438.00,232.00,0.91,-1,-1,-1
216,2,526.00,238.00,274.00,170.00,0.85,-1,-1,-1
216,28,540.00,200.00,292.00,87.00,0.50,-1,-1,-1
217,1,326.00,269.00,438.00,232.00,0.91,-1,-1,-1
217,2,525.00,239.00,274.00,169.00,0.85,-1,-1,-1
217,28,538.00,194.00,309.00,93.00,0.34,-1,-1,-1
218,1,327.00,270.00,436.00,230.00,0.91,-1,-1,-1
218,2,525.00,239.00,274.00,169.00,0.85,-1,-1,-1
218,28,538.00,196.00,304.00,91.00,0.31,-1,-1,-1
219,1,328.00,270.00,434.00,230.00,0.91,-1,-1,-1
219,2,526.00,239.00,272.00,169.00,0.85,-1,-1,-1
219,28,541.00,197.00,301.00,90.00,0.15,-1,-1,-1
220,1,329.00,271.00,433.00,229.00,0.91,-1,-1,-1
220,2,526.00,239.00,272.00,168.00,0.87,-1,-1,-1
221,1,329.00,271.00,433.00,229.00,0.91,-1,-1,-1
221,2,527.00,239.00,271.00,168.00,0.86,-1,-1,-1
222,1,330.00,272.00,431.00,228.00,0.92,-1,-1,-1
222,2,527.00,239.00,271.00,168.00,0.86,-1,-1,-1
223,1,330.00,272.00,431.00,228.00,0.92,-1,-1,-1
223,2,527.00,239.00,271.00,168.00,0.86,-1,-1,-1
224,1,330.00,273.00,430.00,227.00,0.91,-1,-1,-1
224,2,527.00,239.00,271.00,168.00,0.84,-1,-1,-1
225,1,331.00,273.00,429.00,227.00,0.92,-1,-1,-1
225,2,527.00,239.00,271.00,168.00,0.84,-1,-1,-1
226,1,331.00,274.00,429.00,226.00,0.91,-1,-1,-1
226,2,527.00,239.00,271.00,169.00,0.84,-1,-1,-1
227,1,331.00,274.00,429.00,226.00,0.91,-1,-1,-1
227,2,527.00,238.00,273.00,170.00,0.84,-1,-1,-1
228,1,332.00,274.00,428.00,226.00,0.92,-1,-1,-1
228,2,527.00,238.00,273.00,170.00,0.84,-1,-1,-1
229,1,332.00,275.00,427.00,225.00,0.91,-1,-1,-1
229,2,527.00,238.00,272.00,170.00,0.84,-1,-1,-1
230,1,332.00,276.00,427.00,224.00,0.91,-1,-1,-1
230,2,527.00,239.00,271.00,169.00,0.84,-1,-1,-1
231,1,331.00,275.00,428.00,225.00,0.91,-1,-1,-1
231,2,527.00,239.00,271.00,169.00,0.84,-1,-1,-1
232,1,331.00,275.00,429.00,225.00,0.91,-1,-1,-1
232,2,527.00,239.00,271.00,169.00,0.85,-1,-1,-1
233,1,330.00,274.00,431.00,226.00,0.91,-1,-1,-1
233,2,528.00,238.00,271.00,170.00,0.83,-1,-1,-1
234,1,330.00,273.00,431.00,227.00,0.92,-1,-1,-1
234,2,528.00,238.00,271.00,169.00,0.83,-1,-1,-1
235,1,330.00,273.00,431.00,227.00,0.92,-1,-1,-1
235,2,527.00,238.00,272.00,169.00,0.83,-1,-1,-1
236,1,330.00,273.00,431.00,227.00,0.92,-1,-1,-1
236,2,528.00,238.00,271.00,169.00,0.82,-1,-1,-1
237,1,330.00,273.00,431.00,227.00,0.92,-1,-1,-1
237,2,528.00,238.00,271.00,169.00,0.82,-1,-1,-1
238,1,330.00,273.00,431.00,227.00,0.91,-1,-1,-1
238,2,528.00,238.00,271.00,169.00,0.82,-1,-1,-1
239,1,329.00,273.00,432.00,227.00,0.91,-1,-1,-1
239,2,528.00,239.00,270.00,168.00,0.82,-1,-1,-1
240,1,330.00,273.00,431.00,227.00,0.91,-1,-1,-1
240,2,527.00,239.00,271.00,168.00,0.82,-1,-1,-1
241,1,330.00,273.00,431.00,227.00,0.91,-1,-1,-1
241,2,528.00,238.00,271.00,169.00,0.82,-1,-1,-1
242,1,327.00,271.00,436.00,230.00,0.91,-1,-1,-1
242,2,528.00,239.00,270.00,168.00,0.80,-1,-1,-1
243,1,327.00,271.00,437.00,230.00,0.91,-1,-1,-1
243,2,528.00,239.00,270.00,168.00,0.80,-1,-1,-1
244,1,327.00,270.00,436.00,231.00,0.91,-1,-1,-1
244,2,527.00,239.00,271.00,169.00,0.80,-1,-1,-1
245,1,327.00,270.00,437.00,231.00,0.91,-1,-1,-1
245,2,527.00,239.00,272.00,169.00,0.81,-1,-1,-1
246,1,327.00,270.00,436.00,231.00,0.91,-1,-1,-1
246,2,527.00,239.00,272.00,169.00,0.81,-1,-1,-1
247,1,327.00,269.00,436.00,232.00,0.91,-1,-1,-1
247,2,527.00,240.00,270.00,168.00,0.81,-1,-1,-1
248,1,327.00,270.00,436.00,231.00,0.91,-1,-1,-1
248,2,527.00,239.00,271.00,169.00,0.81,-1,-1,-1
249,1,327.00,270.00,436.00,231.00,0.91,-1,-1,-1
249,2,527.00,239.00,271.00,170.00,0.81,-1,-1,-1
250,1,328.00,270.00,434.00,231.00,0.91,-1,-1,-1
250,2,527.00,240.00,270.00,169.00,0.83,-1,-1,-1
251,1,328.00,270.00,434.00,231.00,0.91,-1,-1,-1
251,2,527.00,239.00,271.00,170.00,0.82,-1,-1,-1
252,1,328.00,271.00,434.00,230.00,0.91,-1,-1,-1
252,2,526.00,239.00,271.00,170.00,0.82,-1,-1,-1
253,1,329.00,271.00,432.00,230.00,0.91,-1,-1,-1
253,2,528.00,239.00,270.00,169.00,0.82,-1,-1,-1
254,1,329.00,271.00,432.00,230.00,0.91,-1,-1,-1
254,2,527.00,240.00,270.00,169.00,0.82,-1,-1,-1
255,1,329.00,271.00,432.00,230.00,0.91,-1,-1,-1
255,2,526.00,240.00,271.00,169.00,0.85,-1,-1,-1
256,1,329.00,271.00,432.00,230.00,0.91,-1,-1,-1
256,2,526.00,240.00,271.00,169.00,0.85,-1,-1,-1
257,1,329.00,271.00,432.00,230.00,0.91,-1,-1,-1
257,2,527.00,239.00,270.00,169.00,0.82,-1,-1,-1
258,1,329.00,271.00,432.00,230.00,0.91,-1,-1,-1
258,2,527.00,239.00,270.00,170.00,0.82,-1,-1,-1
259,1,330.00,272.00,430.00,229.00,0.91,-1,-1,-1
259,2,527.00,239.00,271.00,170.00,0.81,-1,-1,-1
260,1,331.00,273.00,428.00,228.00,0.91,-1,-1,-1
260,2,527.00,238.00,271.00,170.00,0.81,-1,-1,-1
261,1,332.00,275.00,426.00,226.00,0.91,-1,-1,-1
261,2,527.00,238.00,271.00,170.00,0.81,-1,-1,-1
262,1,332.00,274.00,427.00,227.00,0.91,-1,-1,-1
262,2,527.00,238.00,271.00,170.00,0.81,-1,-1,-1
263,1,330.00,272.00,431.00,229.00,0.91,-1,-1,-1
263,2,527.00,239.00,270.00,169.00,0.82,-1,-1,-1
264,1,329.00,272.00,432.00,229.00,0.91,-1,-1,-1
264,2,527.00,239.00,271.00,169.00,0.82,-1,-1,-1
265,1,329.00,271.00,432.00,230.00,0.91,-1,-1,-1
265,2,527.00,238.00,271.00,170.00,0.82,-1,-1,-1
266,1,329.00,271.00,432.00,230.00,0.91,-1,-1,-1
266,2,527.00,238.00,271.00,170.00,0.82,-1,-1,-1
267,1,328.00,271.00,434.00,230.00,0.91,-1,-1,-1
267,2,527.00,238.00,271.00,170.00,0.82,-1,-1,-1
268,1,328.00,270.00,434.00,231.00,0.91,-1,-1,-1
268,2,527.00,238.00,271.00,170.00,0.82,-1,-1,-1
269,1,328.00,270.00,434.00,231.00,0.91,-1,-1,-1
269,2,527.00,238.00,271.00,170.00,0.81,-1,-1,-1
270,1,328.00,270.00,434.00,231.00,0.91,-1,-1,-1
270,2,528.00,238.00,270.00,170.00,0.81,-1,-1,-1
271,1,328.00,270.00,434.00,231.00,0.91,-1,-1,-1
271,2,528.00,238.00,270.00,170.00,0.81,-1,-1,-1
272,1,329.00,271.00,432.00,230.00,0.91,-1,-1,-1
272,2,529.00,238.00,268.00,169.00,0.82,-1,-1,-1
273,1,329.00,270.00,432.00,231.00,0.91,-1,-1,-1
273,2,529.00,238.00,268.00,169.00,0.82,-1,-1,-1
273,102,529.00,201.00,316.00,91.00,0.40,-1,-1,-1
274,1,329.00,270.00,432.00,231.00,0.91,-1,-1,-1
274,2,529.00,238.00,268.00,168.00,0.82,-1,-1,-1
274,102,529.00,201.00,317.00,91.00,0.38,-1,-1,-1
275,1,329.00,270.00,432.00,231.00,0.91,-1,-1,-1
275,2,529.00,239.00,268.00,167.00,0.81,-1,-1,-1
275,102,529.00,201.00,317.00,91.00,0.40,-1,-1,-1
276,1,329.00,270.00,432.00,231.00,0.91,-1,-1,-1
276,2,529.00,239.00,268.00,167.00,0.81,-1,-1,-1
276,102,528.00,201.00,317.00,91.00,0.43,-1,-1,-1
277,1,329.00,270.00,432.00,231.00,0.91,-1,-1,-1
277,2,529.00,239.00,267.00,167.00,0.82,-1,-1,-1
277,102,529.00,201.00,317.00,91.00,0.39,-1,-1,-1
278,1,329.00,270.00,432.00,231.00,0.91,-1,-1,-1
278,2,529.00,238.00,268.00,168.00,0.81,-1,-1,-1
278,102,529.00,201.00,317.00,91.00,0.37,-1,-1,-1
279,1,329.00,270.00,432.00,231.00,0.91,-1,-1,-1
279,2,529.00,238.00,268.00,168.00,0.81,-1,-1,-1
279,102,528.00,201.00,319.00,92.00,0.40,-1,-1,-1
280,1,329.00,270.00,432.00,231.00,0.91,-1,-1,-1
280,2,529.00,238.00,268.00,168.00,0.81,-1,-1,-1
280,102,528.00,201.00,319.00,92.00,0.40,-1,-1,-1
281,1,329.00,270.00,432.00,231.00,0.91,-1,-1,-1
281,2,529.00,238.00,268.00,168.00,0.81,-1,-1,-1
281,102,529.00,201.00,317.00,92.00,0.43,-1,-1,-1
282,1,330.00,270.00,431.00,231.00,0.91,-1,-1,-1
282,2,529.00,238.00,268.00,168.00,0.81,-1,-1,-1
282,102,529.00,201.00,318.00,91.00,0.39,-1,-1,-1
283,1,330.00,270.00,430.00,231.00,0.91,-1,-1,-1
283,2,529.00,238.00,268.00,168.00,0.81,-1,-1,-1
283,102,529.00,201.00,318.00,91.00,0.37,-1,-1,-1
284,1,330.00,270.00,430.00,231.00,0.91,-1,-1,-1
284,2,529.00,238.00,268.00,168.00,0.81,-1,-1,-1
284,102,529.00,201.00,318.00,91.00,0.40,-1,-1,-1
285,1,330.00,270.00,430.00,231.00,0.91,-1,-1,-1
285,2,529.00,238.00,268.00,168.00,0.81,-1,-1,-1
285,102,528.00,201.00,319.00,92.00,0.42,-1,-1,-1
286,1,330.00,271.00,430.00,230.00,0.91,-1,-1,-1
286,2,529.00,238.00,268.00,168.00,0.82,-1,-1,-1
286,102,528.00,201.00,319.00,92.00,0.42,-1,-1,-1
287,1,330.00,271.00,430.00,230.00,0.91,-1,-1,-1
287,2,529.00,238.00,268.00,168.00,0.82,-1,-1,-1
287,102,528.00,201.00,319.00,92.00,0.39,-1,-1,-1
288,1,330.00,271.00,430.00,229.00,0.92,-1,-1,-1
288,2,528.00,238.00,269.00,168.00,0.82,-1,-1,-1
288,102,527.00,201.00,321.00,92.00,0.39,-1,-1,-1
289,1,330.00,270.00,430.00,230.00,0.92,-1,-1,-1
289,2,529.00,238.00,268.00,168.00,0.82,-1,-1,-1
289,102,528.00,201.00,319.00,92.00,0.38,-1,-1,-1
290,1,330.00,270.00,430.00,230.00,0.92,-1,-1,-1
290,2,528.00,239.00,268.00,167.00,0.82,-1,-1,-1
290,102,565.00,203.00,311.00,92.00,0.32,-1,-1,-1
291,1,330.00,270.00,430.00,230.00,0.92,-1,-1,-1
291,2,528.00,239.00,267.00,167.00,0.83,-1,-1,-1
291,102,582.00,203.00,302.00,92.00,0.35,-1,-1,-1
292,1,330.00,270.00,430.00,230.00,0.91,-1,-1,-1
292,2,527.00,239.00,268.00,167.00,0.85,-1,-1,-1
292,102,594.00,204.00,290.00,91.00,0.24,-1,-1,-1
293,1,330.00,271.00,430.00,229.00,0.91,-1,-1,-1
293,2,527.00,239.00,268.00,167.00,0.86,-1,-1,-1
293,102,604.00,203.00,282.00,91.00,0.18,-1,-1,-1
294,1,330.00,271.00,429.00,229.00,0.91,-1,-1,-1
294,2,527.00,239.00,268.00,167.00,0.86,-1,-1,-1
294,102,612.00,203.00,274.00,91.00,0.21,-1,-1,-1
295,1,330.00,270.00,430.00,230.00,0.91,-1,-1,-1
295,2,527.00,239.00,268.00,167.00,0.85,-1,-1,-1
295,102,615.00,203.00,267.00,91.00,0.20,-1,-1,-1
296,1,331.00,271.00,428.00,229.00,0.91,-1,-1,-1
296,2,527.00,239.00,269.00,167.00,0.83,-1,-1,-1
296,102,614.00,202.00,263.00,92.00,0.21,-1,-1,-1
297,1,331.00,272.00,428.00,228.00,0.91,-1,-1,-1
297,2,527.00,239.00,268.00,167.00,0.84,-1,-1,-1
297,102,617.00,202.00,257.00,92.00,0.22,-1,-1,-1
298,1,331.00,272.00,428.00,228.00,0.91,-1,-1,-1
298,2,527.00,239.00,268.00,167.00,0.84,-1,-1,-1
298,102,621.00,202.00,250.00,92.00,0.22,-1,-1,-1
299,1,331.00,272.00,428.00,228.00,0.91,-1,-1,-1
299,2,528.00,238.00,268.00,168.00,0.82,-1,-1,-1
299,102,622.00,204.00,244.00,90.00,0.34,-1,-1,-1
300,1,330.00,271.00,430.00,229.00,0.91,-1,-1,-1
300,2,528.00,238.00,268.00,168.00,0.82,-1,-1,-1
300,102,623.00,204.00,242.00,90.00,0.32,-1,-1,-1
301,1,330.00,271.00,430.00,229.00,0.91,-1,-1,-1
301,2,528.00,238.00,268.00,168.00,0.82,-1,-1,-1
301,102,623.00,204.00,239.00,90.00,0.34,-1,-1,-1
302,1,330.00,272.00,430.00,228.00,0.91,-1,-1,-1
302,2,530.00,239.00,266.00,166.00,0.82,-1,-1,-1
302,102,621.00,203.00,235.00,89.00,0.39,-1,-1,-1
303,1,331.00,272.00,428.00,228.00,0.91,-1,-1,-1
303,2,530.00,239.00,266.00,165.00,0.82,-1,-1,-1
303,102,622.00,203.00,233.00,89.00,0.30,-1,-1,-1
304,1,331.00,272.00,428.00,228.00,0.91,-1,-1,-1
304,2,530.00,239.00,265.00,165.00,0.83,-1,-1,-1
304,102,624.00,202.00,232.00,90.00,0.23,-1,-1,-1
305,1,330.00,272.00,430.00,228.00,0.91,-1,-1,-1
305,2,530.00,239.00,267.00,165.00,0.82,-1,-1,-1
305,102,623.00,202.00,232.00,90.00,0.23,-1,-1,-1
306,1,330.00,271.00,430.00,229.00,0.91,-1,-1,-1
306,2,530.00,239.00,265.00,164.00,0.82,-1,-1,-1
307,1,330.00,271.00,430.00,229.00,0.91,-1,-1,-1
307,2,530.00,239.00,265.00,164.00,0.82,-1,-1,-1
307,102,631.00,202.00,226.00,89.00,0.22,-1,-1,-1
308,1,329.00,271.00,431.00,229.00,0.91,-1,-1,-1
308,2,529.00,239.00,267.00,165.00,0.82,-1,-1,-1
308,102,630.00,202.00,226.00,89.00,0.20,-1,-1,-1
309,1,329.00,271.00,432.00,229.00,0.91,-1,-1,-1
309,2,529.00,238.00,268.00,166.00,0.82,-1,-1,-1
309,102,627.00,201.00,226.00,91.00,0.21,-1,-1,-1
310,1,329.00,270.00,432.00,230.00,0.91,-1,-1,-1
310,2,529.00,238.00,268.00,166.00,0.82,-1,-1,-1
310,102,626.00,201.00,226.00,90.00,0.20,-1,-1,-1
311,1,329.00,270.00,432.00,230.00,0.91,-1,-1,-1
311,2,529.00,238.00,268.00,166.00,0.82,-1,-1,-1
312,1,329.00,270.00,432.00,230.00,0.91,-1,-1,-1
312,2,529.00,238.00,268.00,166.00,0.82,-1,-1,-1
313,1,329.00,270.00,432.00,230.00,0.91,-1,-1,-1
313,2,529.00,238.00,268.00,166.00,0.82,-1,-1,-1
313,102,633.00,202.00,220.00,90.00,0.20,-1,-1,-1
314,1,329.00,271.00,431.00,229.00,0.91,-1,-1,-1
314,2,529.00,238.00,268.00,166.00,0.82,-1,-1,-1
314,102,624.00,198.00,230.00,94.00,0.16,-1,-1,-1
315,1,329.00,271.00,431.00,229.00,0.91,-1,-1,-1
315,2,529.00,238.00,268.00,166.00,0.83,-1,-1,-1
315,102,619.00,197.00,233.00,95.00,0.18,-1,-1,-1
316,1,330.00,271.00,430.00,229.00,0.91,-1,-1,-1
316,2,529.00,238.00,268.00,166.00,0.83,-1,-1,-1
317,1,329.00,270.00,432.00,230.00,0.91,-1,-1,-1
317,2,528.00,238.00,269.00,166.00,0.83,-1,-1,-1
318,1,329.00,270.00,432.00,230.00,0.91,-1,-1,-1
318,2,529.00,239.00,268.00,165.00,0.83,-1,-1,-1
319,1,329.00,270.00,432.00,230.00,0.91,-1,-1,-1
319,2,528.00,239.00,269.00,165.00,0.83,-1,-1,-1
320,1,329.00,270.00,432.00,230.00,0.91,-1,-1,-1
320,2,529.00,239.00,267.00,164.00,0.83,-1,-1,-1
321,1,329.00,270.00,432.00,230.00,0.91,-1,-1,-1
321,2,529.00,239.00,268.00,165.00,0.83,-1,-1,-1
322,1,329.00,270.00,432.00,230.00,0.91,-1,-1,-1
322,2,528.00,239.00,269.00,165.00,0.83,-1,-1,-1
323,1,329.00,270.00,432.00,230.00,0.91,-1,-1,-1
323,2,529.00,239.00,269.00,165.00,0.83,-1,-1,-1
324,1,329.00,270.00,432.00,230.00,0.91,-1,-1,-1
324,2,528.00,239.00,270.00,165.00,0.83,-1,-1,-1
325,1,329.00,270.00,432.00,230.00,0.91,-1,-1,-1
325,2,528.00,239.00,269.00,165.00,0.83,-1,-1,-1
326,1,329.00,270.00,432.00,230.00,0.91,-1,-1,-1
326,2,528.00,239.00,268.00,165.00,0.83,-1,-1,-1
327,1,329.00,270.00,431.00,230.00,0.91,-1,-1,-1
327,2,528.00,239.00,268.00,164.00,0.83,-1,-1,-1
328,1,329.00,270.00,431.00,230.00,0.91,-1,-1,-1
328,2,528.00,239.00,268.00,164.00,0.83,-1,-1,-1
329,1,329.00,270.00,431.00,230.00,0.91,-1,-1,-1
329,2,528.00,239.00,269.00,165.00,0.82,-1,-1,-1
330,1,329.00,270.00,431.00,230.00,0.91,-1,-1,-1
330,2,528.00,238.00,269.00,166.00,0.82,-1,-1,-1
331,1,330.00,270.00,430.00,230.00,0.91,-1,-1,-1
331,2,528.00,238.00,269.00,166.00,0.82,-1,-1,-1
332,1,328.00,269.00,433.00,231.00,0.92,-1,-1,-1
332,2,528.00,239.00,268.00,165.00,0.85,-1,-1,-1
332,102,599.00,180.00,218.00,109.00,0.17,-1,-1,-1
333,1,328.00,269.00,434.00,231.00,0.92,-1,-1,-1
333,2,528.00,239.00,267.00,164.00,0.84,-1,-1,-1
333,102,590.00,192.00,208.00,98.00,0.18,-1,-1,-1
334,1,328.00,268.00,434.00,232.00,0.92,-1,-1,-1
334,2,528.00,239.00,267.00,164.00,0.85,-1,-1,-1
334,102,580.00,191.00,219.00,99.00,0.16,-1,-1,-1
335,1,328.00,268.00,434.00,233.00,0.92,-1,-1,-1
335,2,528.00,239.00,268.00,165.00,0.84,-1,-1,-1
335,102,577.00,195.00,222.00,95.00,0.20,-1,-1,-1
336,1,328.00,268.00,434.00,233.00,0.92,-1,-1,-1
336,2,528.00,239.00,268.00,165.00,0.84,-1,-1,-1
336,102,616.00,200.00,214.00,93.00,0.15,-1,-1,-1
337,1,328.00,268.00,434.00,233.00,0.92,-1,-1,-1
337,2,528.00,239.00,268.00,165.00,0.85,-1,-1,-1
337,102,629.00,202.00,211.00,91.00,0.15,-1,-1,-1
338,1,328.00,268.00,434.00,233.00,0.92,-1,-1,-1
338,2,527.00,239.00,269.00,165.00,0.85,-1,-1,-1
338,102,638.00,203.00,209.00,91.00,0.17,-1,-1,-1
339,1,329.00,268.00,432.00,232.00,0.92,-1,-1,-1
339,2,528.00,239.00,268.00,165.00,0.85,-1,-1,-1
339,102,641.00,203.00,207.00,90.00,0.15,-1,-1,-1
339,119,532.00,180.00,315.00,111.00,0.35,-1,-1,-1
340,1,329.00,269.00,432.00,231.00,0.92,-1,-1,-1
340,2,528.00,239.00,268.00,165.00,0.85,-1,-1,-1
340,102,642.00,203.00,206.00,90.00,0.15,-1,-1,-1
340,119,534.00,182.00,311.00,109.00,0.33,-1,-1,-1
341,1,330.00,270.00,430.00,230.00,0.92,-1,-1,-1
341,2,528.00,239.00,268.00,165.00,0.84,-1,-1,-1
341,102,642.00,203.00,206.00,90.00,0.18,-1,-1,-1
341,119,551.00,194.00,276.00,97.00,0.27,-1,-1,-1
342,1,330.00,270.00,430.00,230.00,0.92,-1,-1,-1
342,2,528.00,239.00,268.00,165.00,0.83,-1,-1,-1
342,102,642.00,202.00,206.00,91.00,0.17,-1,-1,-1
342,119,556.00,199.00,265.00,92.00,0.27,-1,-1,-1
343,1,330.00,270.00,430.00,230.00,0.91,-1,-1,-1
343,2,528.00,239.00,268.00,165.00,0.84,-1,-1,-1
343,102,643.00,202.00,205.00,91.00,0.16,-1,-1,-1
344,1,329.00,269.00,432.00,231.00,0.91,-1,-1,-1
344,2,528.00,239.00,268.00,165.00,0.83,-1,-1,-1
344,102,643.00,202.00,204.00,92.00,0.18,-1,-1,-1
345,1,329.00,269.00,432.00,231.00,0.91,-1,-1,-1
345,2,529.00,239.00,266.00,165.00,0.83,-1,-1,-1
345,102,643.00,202.00,204.00,92.00,0.17,-1,-1,-1
346,1,329.00,269.00,432.00,231.00,0.91,-1,-1,-1
346,2,529.00,239.00,266.00,164.00,0.83,-1,-1,-1
346,102,642.00,202.00,204.00,92.00,0.17,-1,-1,-1
347,1,329.00,269.00,432.00,231.00,0.91,-1,-1,-1
347,2,528.00,239.00,268.00,165.00,0.83,-1,-1,-1
347,102,642.00,202.00,204.00,92.00,0.16,-1,-1,-1
348,1,329.00,269.00,432.00,231.00,0.91,-1,-1,-1
348,2,528.00,239.00,268.00,165.00,0.83,-1,-1,-1
348,102,643.00,202.00,203.00,92.00,0.15,-1,-1,-1
349,1,329.00,269.00,432.00,231.00,0.91,-1,-1,-1
349,2,528.00,239.00,268.00,165.00,0.83,-1,-1,-1
349,102,642.00,202.00,203.00,92.00,0.15,-1,-1,-1
350,1,329.00,269.00,432.00,231.00,0.91,-1,-1,-1
350,2,529.00,239.00,266.00,164.00,0.83,-1,-1,-1
350,102,642.00,202.00,203.00,92.00,0.15,-1,-1,-1
351,1,330.00,269.00,430.00,231.00,0.91,-1,-1,-1
351,2,529.00,239.00,266.00,164.00,0.83,-1,-1,-1
351,102,643.00,202.00,202.00,92.00,0.15,-1,-1,-1
352,1,330.00,269.00,430.00,231.00,0.91,-1,-1,-1
352,2,529.00,239.00,266.00,164.00,0.83,-1,-1,-1
352,102,643.00,202.00,202.00,92.00,0.15,-1,-1,-1
353,1,330.00,269.00,430.00,231.00,0.91,-1,-1,-1
353,2,529.00,239.00,265.00,163.00,0.82,-1,-1,-1
353,102,642.00,202.00,203.00,92.00,0.16,-1,-1,-1
354,1,330.00,269.00,430.00,231.00,0.91,-1,-1,-1
354,2,529.00,239.00,266.00,163.00,0.83,-1,-1,-1
354,102,641.00,202.00,204.00,92.00,0.16,-1,-1,-1
355,1,330.00,269.00,430.00,231.00,0.91,-1,-1,-1
355,2,528.00,240.00,267.00,163.00,0.82,-1,-1,-1
355,102,640.00,202.00,204.00,92.00,0.17,-1,-1,-1
356,1,330.00,269.00,430.00,231.00,0.92,-1,-1,-1
356,2,529.00,239.00,266.00,163.00,0.81,-1,-1,-1
356,136,527.00,200.00,321.00,100.00,0.34,-1,-1,-1
357,1,330.00,269.00,430.00,231.00,0.92,-1,-1,-1
357,2,528.00,240.00,268.00,163.00,0.81,-1,-1,-1
357,102,645.00,202.00,201.00,92.00,0.18,-1,-1,-1
357,136,530.00,200.00,315.00,98.00,0.29,-1,-1,-1
358,1,330.00,269.00,430.00,231.00,0.91,-1,-1,-1
358,2,528.00,239.00,268.00,164.00,0.83,-1,-1,-1
358,102,641.00,202.00,203.00,92.00,0.17,-1,-1,-1
358,136,529.00,199.00,319.00,99.00,0.21,-1,-1,-1
359,1,330.00,269.00,430.00,231.00,0.92,-1,-1,-1
359,2,528.00,239.00,268.00,164.00,0.80,-1,-1,-1
359,102,630.00,203.00,217.00,99.00,0.20,-1,-1,-1
359,136,532.00,200.00,312.00,97.00,0.30,-1,-1,-1
360,1,330.00,269.00,430.00,231.00,0.92,-1,-1,-1
360,2,528.00,239.00,268.00,165.00,0.81,-1,-1,-1
360,102,619.00,203.00,235.00,108.00,0.13,-1,-1,-1
360,136,535.00,200.00,306.00,95.00,0.27,-1,-1,-1
361,1,330.00,269.00,431.00,231.00,0.92,-1,-1,-1
361,2,528.00,239.00,269.00,165.00,0.81,-1,-1,-1
361,102,623.00,204.00,227.00,104.00,0.21,-1,-1,-1
361,136,535.00,200.00,307.00,95.00,0.28,-1,-1,-1
362,1,331.00,270.00,428.00,230.00,0.91,-1,-1,-1
362,2,527.00,239.00,272.00,166.00,0.81,-1,-1,-1
362,102,646.00,204.00,202.00,92.00,0.19,-1,-1,-1
362,136,543.00,200.00,293.00,90.00,0.22,-1,-1,-1
363,1,332.00,270.00,427.00,229.00,0.91,-1,-1,-1
363,2,527.00,238.00,273.00,167.00,0.81,-1,-1,-1
363,136,545.00,200.00,291.00,89.00,0.21,-1,-1,-1
364,1,332.00,270.00,427.00,229.00,0.91,-1,-1,-1
364,2,527.00,239.00,271.00,166.00,0.81,-1,-1,-1
364,136,544.00,200.00,292.00,89.00,0.22,-1,-1,-1
365,1,331.00,270.00,429.00,229.00,0.91,-1,-1,-1
365,2,527.00,239.00,270.00,166.00,0.81,-1,-1,-1
365,136,543.00,200.00,293.00,88.00,0.30,-1,-1,-1
366,1,331.00,270.00,429.00,229.00,0.91,-1,-1,-1
366,2,527.00,239.00,270.00,166.00,0.84,-1,-1,-1
366,136,537.00,197.00,308.00,92.00,0.19,-1,-1,-1
367,1,331.00,270.00,429.00,229.00,0.91,-1,-1,-1
367,2,527.00,239.00,270.00,166.00,0.84,-1,-1,-1
367,136,516.00,183.00,350.00,106.00,0.29,-1,-1,-1
368,1,331.00,270.00,429.00,229.00,0.91,-1,-1,-1
368,2,527.00,239.00,270.00,166.00,0.82,-1,-1,-1
368,136,530.00,192.00,320.00,96.00,0.13,-1,-1,-1
369,1,331.00,270.00,429.00,229.00,0.91,-1,-1,-1
369,2,527.00,239.00,270.00,166.00,0.82,-1,-1,-1
370,1,332.00,271.00,427.00,228.00,0.91,-1,-1,-1
370,2,527.00,239.00,270.00,166.00,0.84,-1,-1,-1
370,136,514.00,176.00,360.00,112.00,0.13,-1,-1,-1
371,1,333.00,272.00,425.00,227.00,0.91,-1,-1,-1
371,2,527.00,239.00,270.00,166.00,0.84,-1,-1,-1
371,136,521.00,182.00,342.00,106.00,0.22,-1,-1,-1
372,1,332.00,272.00,427.00,227.00,0.91,-1,-1,-1
372,2,527.00,239.00,270.00,166.00,0.84,-1,-1,-1
372,136,527.00,186.00,329.00,102.00,0.24,-1,-1,-1
373,1,331.00,272.00,429.00,227.00,0.91,-1,-1,-1
373,2,528.00,239.00,269.00,166.00,0.83,-1,-1,-1
373,136,537.00,194.00,307.00,94.00,0.19,-1,-1,-1
374,1,331.00,271.00,429.00,228.00,0.91,-1,-1,-1
374,2,527.00,238.00,271.00,168.00,0.82,-1,-1,-1
374,136,542.00,197.00,298.00,91.00,0.18,-1,-1,-1
375,1,331.00,271.00,429.00,228.00,0.91,-1,-1,-1
375,2,528.00,239.00,269.00,166.00,0.85,-1,-1,-1
375,136,525.00,187.00,331.00,101.00,0.23,-1,-1,-1
376,1,331.00,271.00,429.00,228.00,0.90,-1,-1,-1
376,2,528.00,239.00,269.00,166.00,0.85,-1,-1,-1
376,136,511.00,176.00,359.00,113.00,0.30,-1,-1,-1
377,1,331.00,271.00,429.00,228.00,0.90,-1,-1,-1
377,2,528.00,239.00,268.00,166.00,0.85,-1,-1,-1
377,136,520.00,182.00,341.00,107.00,0.30,-1,-1,-1
378,1,331.00,271.00,429.00,228.00,0.91,-1,-1,-1
378,2,528.00,239.00,268.00,166.00,0.85,-1,-1,-1
378,136,526.00,186.00,328.00,103.00,0.28,-1,-1,-1
379,1,331.00,271.00,430.00,228.00,0.91,-1,-1,-1
379,2,528.00,239.00,268.00,166.00,0.85,-1,-1,-1
379,136,505.00,171.00,371.00,118.00,0.30,-1,-1,-1
380,1,330.00,271.00,431.00,228.00,0.90,-1,-1,-1
380,2,528.00,239.00,268.00,166.00,0.85,-1,-1,-1
381,1,330.00,271.00,431.00,228.00,0.91,-1,-1,-1
381,2,528.00,239.00,268.00,166.00,0.84,-1,-1,-1
381,136,515.00,175.00,351.00,114.00,0.20,-1,-1,-1
382,1,330.00,271.00,431.00,228.00,0.91,-1,-1,-1
382,2,528.00,239.00,268.00,166.00,0.84,-1,-1,-1
382,136,514.00,174.00,352.00,115.00,0.26,-1,-1,-1
383,1,329.00,269.00,433.00,230.00,0.91,-1,-1,-1
383,2,528.00,239.00,268.00,166.00,0.85,-1,-1,-1
384,1,330.00,270.00,431.00,229.00,0.91,-1,-1,-1
384,2,528.00,239.00,268.00,166.00,0.83,-1,-1,-1
384,136,532.00,185.00,317.00,103.00,0.23,-1,-1,-1
385,1,330.00,270.00,431.00,229.00,0.91,-1,-1,-1
385,2,528.00,240.00,268.00,165.00,0.83,-1,-1,-1
385,136,542.00,193.00,296.00,95.00,0.23,-1,-1,-1
386,1,330.00,270.00,431.00,229.00,0.91,-1,-1,-1
386,2,528.00,240.00,268.00,165.00,0.82,-1,-1,-1
386,136,544.00,195.00,291.00,93.00,0.24,-1,-1,-1
387,1,329.00,270.00,433.00,229.00,0.91,-1,-1,-1
387,2,528.00,239.00,269.00,166.00,0.82,-1,-1,-1
387,136,547.00,199.00,285.00,89.00,0.29,-1,-1,-1
388,1,329.00,270.00,432.00,229.00,0.91,-1,-1,-1
388,2,528.00,238.00,270.00,167.00,0.83,-1,-1,-1
388,136,547.00,200.00,285.00,88.00,0.33,-1,-1,-1
389,1,329.00,270.00,433.00,229.00,0.91,-1,-1,-1
389,2,528.00,238.00,270.00,168.00,0.81,-1,-1,-1
389,136,544.00,200.00,290.00,88.00,0.26,-1,-1,-1
390,1,329.00,270.00,433.00,229.00,0.91,-1,-1,-1
390,2,528.00,239.00,270.00,166.00,0.81,-1,-1,-1
390,136,543.00,201.00,291.00,88.00,0.31,-1,-1,-1
391,1,329.00,270.00,433.00,229.00,0.91,-1,-1,-1
391,2,528.00,238.00,270.00,167.00,0.81,-1,-1,-1
391,136,542.00,201.00,294.00,88.00,0.33,-1,-1,-1
392,1,328.00,269.00,434.00,231.00,0.92,-1,-1,-1
392,2,529.00,238.00,269.00,167.00,0.82,-1,-1,-1
392,102,641.00,202.00,207.00,90.00,0.23,-1,-1,-1
392,136,531.00,202.00,312.00,93.00,0.38,-1,-1,-1
393,1,328.00,269.00,434.00,231.00,0.92,-1,-1,-1
393,2,529.00,238.00,269.00,167.00,0.81,-1,-1,-1
393,102,636.00,202.00,210.00,91.00,0.19,-1,-1,-1
393,136,526.00,201.00,321.00,96.00,0.38,-1,-1,-1
394,1,328.00,269.00,434.00,231.00,0.92,-1,-1,-1
394,2,529.00,238.00,269.00,167.00,0.81,-1,-1,-1
394,102,633.00,201.00,212.00,93.00,0.16,-1,-1,-1
394,136,527.00,200.00,320.00,96.00,0.33,-1,-1,-1
395,1,328.00,270.00,434.00,230.00,0.91,-1,-1,-1
395,2,528.00,240.00,268.00,165.00,0.82,-1,-1,-1
395,102,631.00,201.00,213.00,93.00,0.16,-1,-1,-1
395,136,526.00,199.00,323.00,97.00,0.29,-1,-1,-1
396,1,329.00,270.00,432.00,230.00,0.91,-1,-1,-1
396,2,529.00,239.00,268.00,166.00,0.82,-1,-1,-1
396,102,632.00,201.00,212.00,93.00,0.17,-1,-1,-1
396,136,530.00,200.00,315.00,94.00,0.42,-1,-1,-1
397,1,329.00,270.00,432.00,230.00,0.91,-1,-1,-1
397,2,529.00,239.00,269.00,166.00,0.81,-1,-1,-1
397,102,631.00,201.00,212.00,93.00,0.17,-1,-1,-1
397,136,530.00,201.00,315.00,93.00,0.39,-1,-1,-1
398,1,330.00,271.00,430.00,229.00,0.91,-1,-1,-1
398,2,529.00,239.00,269.00,166.00,0.82,-1,-1,-1
398,102,631.00,201.00,212.00,93.00,0.16,-1,-1,-1
398,136,531.00,201.00,312.00,93.00,0.46,-1,-1,-1
399,1,330.00,271.00,430.00,229.00,0.91,-1,-1,-1
399,2,529.00,239.00,269.00,166.00,0.82,-1,-1,-1
399,102,631.00,201.00,212.00,93.00,0.16,-1,-1,-1
399,136,531.00,201.00,311.00,92.00,0.49,-1,-1,-1
400,1,330.00,272.00,430.00,228.00,0.91,-1,-1,-1
400,2,529.00,239.00,269.00,166.00,0.82,-1,-1,-1
400,102,631.00,201.00,212.00,93.00,0.16,-1,-1,-1
400,136,531.00,202.00,311.00,91.00,0.48,-1,-1,-1
401,1,330.00,272.00,430.00,228.00,0.91,-1,-1,-1
401,2,529.00,239.00,269.00,166.00,0.82,-1,-1,-1
401,102,618.00,202.00,223.00,97.00,0.21,-1,-1,-1
401,136,530.00,202.00,313.00,92.00,0.45,-1,-1,-1
402,1,330.00,271.00,430.00,229.00,0.91,-1,-1,-1
402,2,529.00,239.00,269.00,166.00,0.81,-1,-1,-1
402,102,613.00,203.00,228.00,98.00,0.25,-1,-1,-1
402,136,529.00,202.00,314.00,92.00,0.48,-1,-1,-1
403,1,329.00,271.00,431.00,229.00,0.91,-1,-1,-1
403,2,529.00,239.00,269.00,166.00,0.81,-1,-1,-1
403,102,623.00,202.00,220.00,95.00,0.17,-1,-1,-1
403,136,528.00,202.00,315.00,92.00,0.48,-1,-1,-1
404,1,329.00,271.00,432.00,229.00,0.91,-1,-1,-1
404,2,529.00,239.00,269.00,166.00,0.81,-1,-1,-1
404,102,627.00,201.00,216.00,94.00,0.17,-1,-1,-1
404,136,527.00,202.00,317.00,92.00,0.48,-1,-1,-1
405,1,329.00,270.00,432.00,230.00,0.91,-1,-1,-1
405,2,529.00,239.00,269.00,166.00,0.81,-1,-1,-1
405,102,615.00,203.00,229.00,98.00,0.23,-1,-1,-1
405,136,526.00,202.00,319.00,93.00,0.46,-1,-1,-1
406,1,328.00,270.00,433.00,230.00,0.91,-1,-1,-1
406,2,529.00,239.00,269.00,166.00,0.81,-1,-1,-1
406,102,611.00,203.00,235.00,101.00,0.23,-1,-1,-1
406,136,526.00,201.00,320.00,94.00,0.46,-1,-1,-1
407,1,328.00,270.00,433.00,230.00,0.92,-1,-1,-1
407,2,529.00,239.00,269.00,166.00,0.81,-1,-1,-1
407,102,615.00,203.00,232.00,101.00,0.21,-1,-1,-1
407,136,526.00,201.00,320.00,94.00,0.42,-1,-1,-1
408,1,328.00,270.00,433.00,230.00,0.92,-1,-1,-1
408,2,529.00,239.00,269.00,166.00,0.81,-1,-1,-1
408,102,616.00,203.00,231.00,100.00,0.21,-1,-1,-1
408,136,526.00,201.00,320.00,94.00,0.44,-1,-1,-1
409,1,328.00,270.00,433.00,230.00,0.91,-1,-1,-1
409,2,529.00,239.00,269.00,166.00,0.81,-1,-1,-1
409,102,592.00,202.00,259.00,113.00,0.14,-1,-1,-1
409,136,527.00,201.00,318.00,93.00,0.47,-1,-1,-1
410,1,329.00,270.00,432.00,230.00,0.91,-1,-1,-1
410,2,529.00,239.00,269.00,166.00,0.81,-1,-1,-1
410,102,609.00,203.00,241.00,105.00,0.24,-1,-1,-1
410,136,526.00,201.00,320.00,94.00,0.45,-1,-1,-1
411,1,329.00,270.00,432.00,230.00,0.91,-1,-1,-1
411,2,529.00,239.00,269.00,166.00,0.81,-1,-1,-1
411,102,615.00,204.00,236.00,103.00,0.25,-1,-1,-1
411,136,524.00,201.00,323.00,95.00,0.42,-1,-1,-1
412,1,328.00,270.00,433.00,230.00,0.91,-1,-1,-1
412,2,529.00,239.00,269.00,166.00,0.81,-1,-1,-1
412,102,614.00,204.00,235.00,102.00,0.23,-1,-1,-1
412,136,524.00,201.00,325.00,96.00,0.38,-1,-1,-1
413,1,329.00,270.00,432.00,230.00,0.91,-1,-1,-1
413,2,529.00,239.00,270.00,166.00,0.81,-1,-1,-1
413,102,596.00,203.00,256.00,113.00,0.14,-1,-1,-1
413,136,523.00,201.00,327.00,97.00,0.38,-1,-1,-1
414,1,329.00,270.00,431.00,230.00,0.91,-1,-1,-1
414,2,529.00,239.00,270.00,165.00,0.81,-1,-1,-1
414,102,619.00,203.00,228.00,100.00,0.20,-1,-1,-1
414,136,524.00,202.00,325.00,95.00,0.43,-1,-1,-1
415,1,329.00,270.00,431.00,230.00,0.91,-1,-1,-1
415,2,529.00,239.00,270.00,165.00,0.81,-1,-1,-1
415,102,629.00,202.00,216.00,95.00,0.20,-1,-1,-1
415,136,524.00,202.00,325.00,96.00,0.41,-1,-1,-1
416,1,329.00,270.00,431.00,230.00,0.91,-1,-1,-1
416,2,529.00,239.00,270.00,165.00,0.81,-1,-1,-1
416,102,635.00,201.00,212.00,94.00,0.20,-1,-1,-1
416,136,525.00,201.00,324.00,95.00,0.36,-1,-1,-1
417,1,329.00,270.00,431.00,230.00,0.91,-1,-1,-1
417,2,529.00,240.00,267.00,164.00,0.81,-1,-1,-1
417,102,634.00,201.00,211.00,93.00,0.17,-1,-1,-1
417,136,526.00,200.00,323.00,96.00,0.33,-1,-1,-1
418,1,329.00,270.00,431.00,229.00,0.91,-1,-1,-1
418,2,529.00,239.00,268.00,165.00,0.81,-1,-1,-1
418,102,634.00,201.00,210.00,93.00,0.17,-1,-1,-1
418,136,527.00,200.00,322.00,95.00,0.37,-1,-1,-1
419,1,329.00,270.00,430.00,229.00,0.91,-1,-1,-1
419,2,529.00,240.00,269.00,164.00,0.80,-1,-1,-1
419,102,633.00,202.00,210.00,92.00,0.16,-1,-1,-1
419,136,526.00,200.00,323.00,95.00,0.35,-1,-1,-1
420,1,329.00,271.00,430.00,228.00,0.91,-1,-1,-1
420,2,529.00,240.00,267.00,164.00,0.81,-1,-1,-1
420,102,640.00,201.00,209.00,93.00,0.19,-1,-1,-1
420,136,521.00,199.00,333.00,99.00,0.30,-1,-1,-1
421,1,329.00,271.00,430.00,228.00,0.91,-1,-1,-1
421,2,529.00,240.00,268.00,164.00,0.80,-1,-1,-1
421,102,638.00,201.00,208.00,93.00,0.15,-1,-1,-1
421,136,521.00,199.00,333.00,99.00,0.33,-1,-1,-1
422,1,328.00,270.00,433.00,230.00,0.91,-1,-1,-1
422,2,530.00,241.00,265.00,162.00,0.85,-1,-1,-1
422,136,499.00,176.00,380.00,116.00,0.23,-1,-1,-1
423,1,327.00,269.00,434.00,231.00,0.91,-1,-1,-1
423,2,530.00,241.00,264.00,162.00,0.84,-1,-1,-1
423,136,497.00,170.00,387.00,120.00,0.19,-1,-1,-1
424,1,327.00,269.00,434.00,231.00,0.91,-1,-1,-1
424,2,529.00,241.00,265.00,162.00,0.84,-1,-1,-1
424,136,510.00,176.00,361.00,113.00,0.22,-1,-1,-1
425,1,327.00,269.00,434.00,231.00,0.91,-1,-1,-1
425,2,529.00,241.00,265.00,162.00,0.83,-1,-1,-1
425,136,528.00,189.00,323.00,99.00,0.17,-1,-1,-1
426,1,327.00,269.00,434.00,231.00,0.91,-1,-1,-1
426,2,529.00,241.00,266.00,161.00,0.83,-1,-1,-1
426,136,536.00,194.00,307.00,94.00,0.20,-1,-1,-1
427,1,328.00,270.00,433.00,230.00,0.91,-1,-1,-1
427,2,529.00,241.00,266.00,161.00,0.83,-1,-1,-1
427,136,537.00,195.00,306.00,93.00,0.20,-1,-1,-1
428,1,327.00,269.00,434.00,231.00,0.91,-1,-1,-1
428,2,529.00,241.00,266.00,161.00,0.84,-1,-1,-1
428,136,589.00,201.00,282.00,88.00,0.10,-1,-1,-1
429,1,327.00,269.00,434.00,231.00,0.91,-1,-1,-1
429,2,529.00,241.00,266.00,161.00,0.83,-1,-1,-1
430,1,327.00,269.00,435.00,232.00,0.91,-1,-1,-1
430,2,529.00,240.00,266.00,162.00,0.83,-1,-1,-1
431,1,327.00,269.00,434.00,232.00,0.91,-1,-1,-1
431,2,528.00,240.00,267.00,162.00,0.83,-1,-1,-1
432,1,327.00,269.00,434.00,232.00,0.91,-1,-1,-1
432,2,529.00,240.00,266.00,162.00,0.85,-1,-1,-1
433,1,327.00,269.00,434.00,232.00,0.91,-1,-1,-1
433,2,529.00,241.00,266.00,161.00,0.84,-1,-1,-1
434,1,327.00,269.00,434.00,232.00,0.91,-1,-1,-1
434,2,528.00,240.00,268.00,163.00,0.85,-1,-1,-1
435,1,328.00,269.00,433.00,232.00,0.91,-1,-1,-1
435,2,528.00,240.00,268.00,163.00,0.85,-1,-1,-1
436,1,328.00,270.00,432.00,231.00,0.91,-1,-1,-1
436,2,528.00,240.00,268.00,163.00,0.85,-1,-1,-1
437,1,328.00,270.00,432.00,231.00,0.91,-1,-1,-1
437,2,528.00,240.00,268.00,162.00,0.85,-1,-1,-1
438,1,328.00,270.00,432.00,231.00,0.91,-1,-1,-1
438,2,528.00,240.00,267.00,162.00,0.85,-1,-1,-1
439,1,328.00,270.00,432.00,231.00,0.91,-1,-1,-1
439,2,528.00,240.00,268.00,162.00,0.85,-1,-1,-1
440,1,328.00,270.00,433.00,231.00,0.91,-1,-1,-1
440,2,528.00,240.00,268.00,162.00,0.83,-1,-1,-1
441,1,328.00,270.00,433.00,231.00,0.91,-1,-1,-1
441,2,528.00,240.00,268.00,162.00,0.83,-1,-1,-1
442,1,328.00,270.00,433.00,231.00,0.91,-1,-1,-1
442,2,528.00,240.00,268.00,162.00,0.82,-1,-1,-1
443,1,329.00,270.00,431.00,231.00,0.91,-1,-1,-1
443,2,528.00,240.00,268.00,162.00,0.83,-1,-1,-1
444,1,329.00,270.00,431.00,231.00,0.91,-1,-1,-1
444,2,528.00,240.00,268.00,162.00,0.83,-1,-1,-1
445,1,329.00,270.00,431.00,231.00,0.91,-1,-1,-1
445,2,528.00,240.00,268.00,162.00,0.83,-1,-1,-1
446,1,329.00,270.00,431.00,231.00,0.91,-1,-1,-1
446,2,528.00,240.00,268.00,162.00,0.84,-1,-1,-1
447,1,328.00,270.00,433.00,231.00,0.91,-1,-1,-1
447,2,528.00,240.00,268.00,162.00,0.84,-1,-1,-1
448,1,328.00,270.00,433.00,232.00,0.91,-1,-1,-1
448,2,528.00,240.00,268.00,162.00,0.84,-1,-1,-1
449,1,328.00,270.00,433.00,232.00,0.91,-1,-1,-1
449,2,528.00,240.00,268.00,162.00,0.84,-1,-1,-1
450,1,328.00,270.00,433.00,232.00,0.91,-1,-1,-1
450,2,528.00,240.00,268.00,162.00,0.83,-1,-1,-1
451,1,328.00,270.00,433.00,232.00,0.91,-1,-1,-1
451,2,528.00,240.00,268.00,162.00,0.84,-1,-1,-1
452,1,330.00,272.00,429.00,229.00,0.91,-1,-1,-1
452,2,527.00,240.00,270.00,163.00,0.81,-1,-1,-1
453,1,331.00,272.00,428.00,229.00,0.91,-1,-1,-1
453,2,527.00,240.00,271.00,164.00,0.80,-1,-1,-1
454,1,330.00,272.00,429.00,229.00,0.91,-1,-1,-1
454,2,527.00,240.00,271.00,164.00,0.82,-1,-1,-1
455,1,330.00,272.00,429.00,229.00,0.90,-1,-1,-1
455,2,527.00,240.00,271.00,164.00,0.84,-1,-1,-1
456,1,330.00,271.00,430.00,230.00,0.91,-1,-1,-1
456,2,527.00,240.00,271.00,164.00,0.81,-1,-1,-1
457,1,330.00,271.00,430.00,230.00,0.91,-1,-1,-1
457,2,527.00,240.00,270.00,164.00,0.81,-1,-1,-1
458,1,330.00,271.00,430.00,230.00,0.91,-1,-1,-1
458,2,528.00,240.00,269.00,164.00,0.83,-1,-1,-1
459,1,330.00,272.00,430.00,229.00,0.90,-1,-1,-1
459,2,528.00,240.00,269.00,164.00,0.82,-1,-1,-1
460,1,330.00,273.00,429.00,228.00,0.91,-1,-1,-1
460,2,528.00,240.00,269.00,164.00,0.81,-1,-1,-1
461,1,331.00,273.00,428.00,228.00,0.91,-1,-1,-1
461,2,528.00,240.00,268.00,163.00,0.80,-1,-1,-1
462,1,331.00,273.00,428.00,228.00,0.91,-1,-1,-1
462,2,528.00,240.00,268.00,163.00,0.80,-1,-1,-1
463,1,330.00,272.00,430.00,229.00,0.91,-1,-1,-1
463,2,528.00,240.00,268.00,163.00,0.80,-1,-1,-1
464,1,330.00,272.00,430.00,229.00,0.91,-1,-1,-1
464,2,528.00,240.00,268.00,163.00,0.80,-1,-1,-1
465,1,329.00,272.00,431.00,229.00,0.91,-1,-1,-1
465,2,528.00,240.00,268.00,163.00,0.80,-1,-1,-1
466,1,329.00,272.00,432.00,229.00,0.91,-1,-1,-1
466,2,528.00,240.00,268.00,163.00,0.80,-1,-1,-1
467,1,329.00,272.00,432.00,229.00,0.91,-1,-1,-1
467,2,528.00,240.00,268.00,163.00,0.80,-1,-1,-1
468,1,328.00,270.00,434.00,231.00,0.91,-1,-1,-1
468,2,528.00,240.00,268.00,163.00,0.80,-1,-1,-1
469,1,328.00,271.00,434.00,230.00,0.91,-1,-1,-1
469,2,528.00,240.00,268.00,163.00,0.81,-1,-1,-1
470,1,328.00,271.00,434.00,230.00,0.91,-1,-1,-1
470,2,528.00,240.00,268.00,163.00,0.81,-1,-1,-1
471,1,329.00,271.00,432.00,229.00,0.91,-1,-1,-1
471,2,528.00,240.00,267.00,163.00,0.81,-1,-1,-1
472,1,329.00,272.00,432.00,228.00,0.91,-1,-1,-1
472,2,528.00,239.00,267.00,163.00,0.80,-1,-1,-1
473,1,329.00,272.00,431.00,229.00,0.91,-1,-1,-1
473,2,528.00,239.00,268.00,164.00,0.80,-1,-1,-1
474,1,329.00,272.00,432.00,229.00,0.91,-1,-1,-1
474,2,528.00,239.00,268.00,164.00,0.80,-1,-1,-1
475,1,329.00,272.00,432.00,229.00,0.91,-1,-1,-1
475,2,528.00,240.00,268.00,163.00,0.80,-1,-1,-1
476,1,329.00,272.00,432.00,229.00,0.91,-1,-1,-1
476,2,528.00,240.00,268.00,163.00,0.81,-1,-1,-1
477,1,330.00,273.00,430.00,228.00,0.90,-1,-1,-1
477,2,528.00,240.00,268.00,162.00,0.82,-1,-1,-1
478,1,330.00,273.00,430.00,228.00,0.90,-1,-1,-1
478,2,528.00,240.00,268.00,162.00,0.83,-1,-1,-1
479,1,330.00,273.00,430.00,228.00,0.90,-1,-1,-1
479,2,528.00,240.00,268.00,162.00,0.84,-1,-1,-1
480,1,330.00,273.00,431.00,228.00,0.90,-1,-1,-1
480,2,529.00,239.00,267.00,163.00,0.85,-1,-1,-1
481,1,329.00,273.00,432.00,228.00,0.90,-1,-1,-1
481,2,528.00,239.00,268.00,163.00,0.85,-1,-1,-1
482,1,327.00,272.00,438.00,232.00,0.90,-1,-1,-1
482,2,527.00,240.00,269.00,164.00,0.84,-1,-1,-1
483,1,325.00,272.00,441.00,234.00,0.90,-1,-1,-1
483,2,526.00,240.00,270.00,164.00,0.83,-1,-1,-1
484,1,325.00,272.00,441.00,235.00,0.90,-1,-1,-1
484,2,526.00,239.00,270.00,166.00,0.83,-1,-1,-1
484,168,524.00,188.00,331.00,101.00,0.33,-1,-1,-1
485,1,325.00,272.00,442.00,235.00,0.90,-1,-1,-1
485,2,526.00,240.00,270.00,165.00,0.82,-1,-1,-1
485,168,529.00,191.00,321.00,98.00,0.29,-1,-1,-1
486,1,324.00,271.00,443.00,236.00,0.90,-1,-1,-1
486,2,527.00,239.00,268.00,164.00,0.80,-1,-1,-1
486,168,538.00,197.00,301.00,92.00,0.35,-1,-1,-1
487,1,325.00,271.00,441.00,236.00,0.91,-1,-1,-1
487,2,527.00,240.00,268.00,164.00,0.80,-1,-1,-1
487,168,539.00,198.00,299.00,91.00,0.31,-1,-1,-1
488,1,325.00,271.00,441.00,236.00,0.91,-1,-1,-1
488,2,527.00,239.00,268.00,165.00,0.84,-1,-1,-1
488,168,524.00,188.00,330.00,101.00,0.34,-1,-1,-1
489,1,325.00,271.00,441.00,236.00,0.91,-1,-1,-1
489,2,527.00,239.00,268.00,165.00,0.82,-1,-1,-1
489,168,531.00,193.00,316.00,96.00,0.33,-1,-1,-1
490,1,325.00,270.00,441.00,237.00,0.91,-1,-1,-1
490,2,527.00,239.00,268.00,164.00,0.83,-1,-1,-1
490,168,530.00,192.00,318.00,97.00,0.33,-1,-1,-1
491,1,326.00,271.00,439.00,236.00,0.91,-1,-1,-1
491,2,527.00,239.00,268.00,164.00,0.82,-1,-1,-1
491,168,537.00,197.00,305.00,92.00,0.28,-1,-1,-1
492,1,325.00,270.00,441.00,237.00,0.90,-1,-1,-1
492,2,528.00,239.00,266.00,164.00,0.80,-1,-1,-1
492,168,570.00,200.00,294.00,90.00,0.30,-1,-1,-1
493,1,325.00,270.00,441.00,237.00,0.90,-1,-1,-1
493,2,528.00,239.00,266.00,164.00,0.80,-1,-1,-1
493,168,585.00,201.00,286.00,89.00,0.31,-1,-1,-1
494,1,326.00,270.00,440.00,237.00,0.91,-1,-1,-1
494,2,528.00,239.00,266.00,164.00,0.80,-1,-1,-1
494,168,594.00,201.00,280.00,90.00,0.28,-1,-1,-1
495,1,326.00,270.00,439.00,236.00,0.91,-1,-1,-1
495,2,528.00,239.00,266.00,164.00,0.81,-1,-1,-1
495,168,592.00,201.00,278.00,90.00,0.29,-1,-1,-1
496,1,327.00,270.00,438.00,236.00,0.90,-1,-1,-1
496,2,528.00,239.00,266.00,164.00,0.82,-1,-1,-1
496,168,595.00,201.00,274.00,89.00,0.34,-1,-1,-1
497,1,327.00,271.00,437.00,235.00,0.91,-1,-1,-1
497,2,528.00,239.00,266.00,164.00,0.81,-1,-1,-1
497,168,601.00,201.00,270.00,89.00,0.32,-1,-1,-1
498,1,327.00,270.00,437.00,236.00,0.91,-1,-1,-1
498,2,528.00,240.00,266.00,163.00,0.80,-1,-1,-1
498,168,605.00,201.00,265.00,89.00,0.31,-1,-1,-1
499,1,327.00,270.00,437.00,237.00,0.90,-1,-1,-1
499,2,528.00,239.00,265.00,162.00,0.80,-1,-1,-1
499,168,609.00,201.00,260.00,89.00,0.33,-1,-1,-1
500,1,327.00,270.00,437.00,237.00,0.91,-1,-1,-1
500,2,528.00,239.00,265.00,162.00,0.80,-1,-1,-1
500,168,611.00,201.00,256.00,89.00,0.37,-1,-1,-1
501,1,327.00,270.00,437.00,237.00,0.91,-1,-1,-1
501,2,528.00,239.00,265.00,162.00,0.81,-1,-1,-1
501,168,612.00,201.00,253.00,89.00,0.36,-1,-1,-1
502,1,327.00,270.00,437.00,237.00,0.91,-1,-1,-1
502,2,528.00,239.00,265.00,163.00,0.81,-1,-1,-1
503,1,327.00,270.00,437.00,237.00,0.91,-1,-1,-1
503,2,528.00,239.00,265.00,163.00,0.81,-1,-1,-1
504,1,327.00,270.00,437.00,237.00,0.91,-1,-1,-1
504,2,528.00,239.00,266.00,163.00,0.81,-1,-1,-1
505,1,327.00,270.00,437.00,237.00,0.91,-1,-1,-1
505,2,528.00,239.00,266.00,163.00,0.81,-1,-1,-1
506,1,327.00,270.00,436.00,237.00,0.91,-1,-1,-1
506,2,528.00,239.00,266.00,163.00,0.81,-1,-1,-1
506,168,629.00,203.00,230.00,87.00,0.28,-1,-1,-1
506,184,532.00,200.00,315.00,89.00,0.31,-1,-1,-1
507,1,328.00,270.00,435.00,238.00,0.91,-1,-1,-1
507,2,527.00,239.00,270.00,165.00,0.81,-1,-1,-1
507,168,630.00,203.00,227.00,87.00,0.27,-1,-1,-1
507,184,532.00,200.00,315.00,89.00,0.30,-1,-1,-1
508,1,328.00,270.00,436.00,238.00,0.91,-1,-1,-1
508,2,526.00,239.00,272.00,166.00,0.81,-1,-1,-1
508,184,531.00,199.00,316.00,90.00,0.32,-1,-1,-1
509,1,328.00,271.00,435.00,236.00,0.91,-1,-1,-1
509,2,528.00,239.00,269.00,166.00,0.80,-1,-1,-1
509,184,531.00,199.00,316.00,90.00,0.37,-1,-1,-1
510,1,328.00,270.00,435.00,238.00,0.91,-1,-1,-1
510,2,528.00,239.00,269.00,166.00,0.80,-1,-1,-1
510,184,531.00,199.00,315.00,90.00,0.33,-1,-1,-1
511,1,327.00,269.00,437.00,239.00,0.91,-1,-1,-1
511,2,528.00,239.00,267.00,164.00,0.80,-1,-1,-1
511,184,531.00,200.00,315.00,89.00,0.33,-1,-1,-1
512,1,332.00,274.00,427.00,233.00,0.91,-1,-1,-1
512,2,527.00,239.00,272.00,167.00,0.82,-1,-1,-1
512,168,622.00,204.00,238.00,97.00,0.23,-1,-1,-1
512,184,527.00,200.00,323.00,92.00,0.11,-1,-1,-1
513,1,333.00,276.00,424.00,230.00,0.91,-1,-1,-1
513,2,527.00,238.00,274.00,169.00,0.81,-1,-1,-1
513,168,617.00,204.00,247.00,103.00,0.23,-1,-1,-1
513,184,518.00,198.00,339.00,97.00,0.12,-1,-1,-1
514,1,333.00,276.00,424.00,230.00,0.90,-1,-1,-1
514,2,527.00,238.00,274.00,169.00,0.81,-1,-1,-1
514,168,611.00,204.00,262.00,111.00,0.15,-1,-1,-1
514,184,519.00,199.00,347.00,100.00,0.15,-1,-1,-1
515,1,332.00,275.00,426.00,231.00,0.91,-1,-1,-1
515,2,528.00,238.00,273.00,169.00,0.81,-1,-1,-1
515,168,620.00,204.00,244.00,105.00,0.25,-1,-1,-1
515,184,522.00,200.00,343.00,100.00,0.20,-1,-1,-1
516,1,332.00,275.00,426.00,231.00,0.91,-1,-1,-1
516,2,527.00,239.00,272.00,167.00,0.81,-1,-1,-1
516,168,604.00,206.00,277.00,122.00,0.11,-1,-1,-1
516,184,520.00,199.00,347.00,102.00,0.11,-1,-1,-1
517,1,332.00,275.00,427.00,231.00,0.91,-1,-1,-1
517,2,527.00,239.00,271.00,167.00,0.81,-1,-1,-1
517,168,602.00,206.00,282.00,128.00,0.11,-1,-1,-1
517,184,517.00,198.00,351.00,104.00,0.12,-1,-1,-1
518,1,331.00,274.00,428.00,232.00,0.91,-1,-1,-1
518,2,528.00,239.00,272.00,167.00,0.80,-1,-1,-1
518,184,525.00,200.00,340.00,101.00,0.16,-1,-1,-1
519,1,330.00,273.00,431.00,233.00,0.91,-1,-1,-1
519,2,528.00,238.00,272.00,168.00,0.80,-1,-1,-1
520,1,329.00,272.00,432.00,234.00,0.91,-1,-1,-1
520,2,528.00,238.00,272.00,168.00,0.80,-1,-1,-1
521,1,329.00,272.00,432.00,234.00,0.91,-1,-1,-1
521,2,528.00,238.00,272.00,168.00,0.80,-1,-1,-1
522,1,329.00,272.00,432.00,233.00,0.91,-1,-1,-1
522,2,528.00,238.00,272.00,168.00,0.80,-1,-1,-1
523,1,330.00,272.00,431.00,233.00,0.91,-1,-1,-1
523,2,528.00,238.00,272.00,168.00,0.80,-1,-1,-1
524,1,330.00,273.00,430.00,232.00,0.91,-1,-1,-1
524,2,528.00,238.00,272.00,168.00,0.80,-1,-1,-1
525,1,331.00,273.00,429.00,233.00,0.91,-1,-1,-1
525,2,528.00,238.00,272.00,168.00,0.80,-1,-1,-1
526,1,330.00,273.00,430.00,233.00,0.91,-1,-1,-1
526,2,529.00,238.00,272.00,168.00,0.80,-1,-1,-1
527,1,330.00,273.00,430.00,233.00,0.91,-1,-1,-1
527,2,529.00,238.00,272.00,168.00,0.79,-1,-1,-1
527,184,521.00,201.00,337.00,101.00,0.30,-1,-1,-1
528,1,330.00,273.00,430.00,233.00,0.91,-1,-1,-1
528,2,529.00,238.00,272.00,168.00,0.80,-1,-1,-1
528,184,522.00,201.00,334.00,101.00,0.30,-1,-1,-1
529,1,330.00,273.00,430.00,233.00,0.91,-1,-1,-1
529,2,530.00,239.00,270.00,167.00,0.79,-1,-1,-1
529,184,522.00,201.00,332.00,101.00,0.38,-1,-1,-1
530,1,330.00,273.00,431.00,233.00,0.91,-1,-1,-1
530,2,530.00,240.00,269.00,166.00,0.79,-1,-1,-1
530,184,522.00,201.00,331.00,101.00,0.41,-1,-1,-1
531,1,329.00,272.00,432.00,234.00,0.91,-1,-1,-1
531,2,529.00,240.00,269.00,166.00,0.80,-1,-1,-1
531,184,522.00,201.00,332.00,101.00,0.27,-1,-1,-1
532,1,330.00,273.00,431.00,233.00,0.91,-1,-1,-1
532,2,528.00,240.00,270.00,166.00,0.81,-1,-1,-1
532,184,523.00,200.00,333.00,102.00,0.19,-1,-1,-1
533,1,330.00,273.00,430.00,233.00,0.91,-1,-1,-1
533,2,528.00,239.00,272.00,167.00,0.80,-1,-1,-1
533,184,526.00,200.00,329.00,102.00,0.17,-1,-1,-1
534,1,330.00,273.00,431.00,233.00,0.91,-1,-1,-1
534,2,528.00,238.00,272.00,168.00,0.80,-1,-1,-1
534,184,529.00,201.00,326.00,100.00,0.16,-1,-1,-1
535,1,331.00,273.00,429.00,232.00,0.91,-1,-1,-1
535,2,528.00,238.00,273.00,168.00,0.80,-1,-1,-1
535,184,534.00,201.00,321.00,100.00,0.18,-1,-1,-1
536,1,331.00,274.00,429.00,231.00,0.91,-1,-1,-1
536,2,528.00,238.00,273.00,168.00,0.80,-1,-1,-1
536,184,534.00,201.00,320.00,100.00,0.24,-1,-1,-1
537,1,331.00,274.00,429.00,231.00,0.91,-1,-1,-1
537,2,528.00,238.00,273.00,168.00,0.80,-1,-1,-1
537,184,531.00,201.00,320.00,100.00,0.32,-1,-1,-1
538,1,331.00,274.00,428.00,231.00,0.91,-1,-1,-1
538,2,528.00,238.00,273.00,168.00,0.80,-1,-1,-1
538,184,530.00,200.00,320.00,100.00,0.33,-1,-1,-1
539,1,331.00,274.00,429.00,231.00,0.91,-1,-1,-1
539,2,528.00,238.00,273.00,168.00,0.80,-1,-1,-1
539,184,530.00,200.00,319.00,100.00,0.32,-1,-1,-1
540,1,331.00,274.00,429.00,231.00,0.91,-1,-1,-1
540,2,528.00,238.00,273.00,168.00,0.80,-1,-1,-1
540,184,531.00,201.00,316.00,99.00,0.33,-1,-1,-1
541,1,330.00,274.00,430.00,231.00,0.91,-1,-1,-1
541,2,528.00,238.00,273.00,168.00,0.80,-1,-1,-1
541,184,532.00,201.00,314.00,98.00,0.36,-1,-1,-1
542,1,333.00,273.00,424.00,228.00,0.91,-1,-1,-1
542,2,529.00,239.00,267.00,165.00,0.81,-1,-1,-1
542,184,542.00,201.00,295.00,91.00,0.26,-1,-1,-1
543,1,333.00,272.00,425.00,228.00,0.91,-1,-1,-1
543,2,529.00,240.00,265.00,162.00,0.81,-1,-1,-1
543,184,544.00,201.00,290.00,88.00,0.23,-1,-1,-1
544,1,332.00,271.00,426.00,228.00,0.91,-1,-1,-1
544,2,529.00,240.00,264.00,162.00,0.81,-1,-1,-1
544,184,542.00,200.00,294.00,88.00,0.16,-1,-1,-1
545,1,331.00,270.00,428.00,229.00,0.91,-1,-1,-1
545,2,529.00,240.00,265.00,162.00,0.81,-1,-1,-1
545,184,541.00,200.00,295.00,88.00,0.18,-1,-1,-1
546,1,331.00,270.00,428.00,229.00,0.91,-1,-1,-1
546,2,529.00,240.00,265.00,162.00,0.82,-1,-1,-1
546,184,538.00,199.00,299.00,88.00,0.10,-1,-1,-1
547,1,331.00,270.00,428.00,229.00,0.91,-1,-1,-1
547,2,529.00,240.00,265.00,162.00,0.83,-1,-1,-1
548,1,331.00,270.00,428.00,229.00,0.90,-1,-1,-1
548,2,528.00,240.00,267.00,163.00,0.85,-1,-1,-1
549,1,330.00,270.00,430.00,229.00,0.91,-1,-1,-1
549,2,528.00,239.00,267.00,163.00,0.83,-1,-1,-1
550,1,330.00,270.00,430.00,229.00,0.91,-1,-1,-1
550,2,528.00,239.00,267.00,163.00,0.83,-1,-1,-1
551,1,331.00,271.00,428.00,228.00,0.91,-1,-1,-1
551,2,528.00,239.00,267.00,163.00,0.82,-1,-1,-1
552,1,331.00,271.00,429.00,228.00,0.91,-1,-1,-1
552,2,528.00,239.00,267.00,163.00,0.82,-1,-1,-1
553,1,330.00,270.00,430.00,229.00,0.91,-1,-1,-1
553,2,528.00,239.00,267.00,164.00,0.81,-1,-1,-1
554,1,330.00,270.00,430.00,229.00,0.91,-1,-1,-1
554,2,527.00,239.00,268.00,164.00,0.82,-1,-1,-1
555,1,329.00,269.00,432.00,230.00,0.91,-1,-1,-1
555,2,528.00,239.00,267.00,164.00,0.82,-1,-1,-1
556,1,329.00,269.00,432.00,230.00,0.91,-1,-1,-1
556,2,528.00,239.00,267.00,164.00,0.83,-1,-1,-1
557,1,329.00,269.00,432.00,230.00,0.91,-1,-1,-1
557,2,527.00,239.00,268.00,164.00,0.82,-1,-1,-1
557,235,525.00,208.00,74.00,62.00,0.32,-1,-1,-1
558,1,329.00,269.00,432.00,230.00,0.91,-1,-1,-1
558,2,527.00,239.00,268.00,164.00,0.82,-1,-1,-1
558,235,525.00,208.00,76.00,64.00,0.29,-1,-1,-1
559,1,329.00,269.00,432.00,230.00,0.91,-1,-1,-1
559,2,528.00,240.00,266.00,163.00,0.80,-1,-1,-1
560,1,329.00,269.00,432.00,230.00,0.91,-1,-1,-1
560,2,528.00,240.00,265.00,161.00,0.79,-1,-1,-1
560,184,533.00,197.00,310.00,90.00,0.27,-1,-1,-1
561,1,329.00,269.00,432.00,230.00,0.91,-1,-1,-1
561,2,528.00,240.00,267.00,163.00,0.79,-1,-1,-1
561,184,534.00,200.00,307.00,88.00,0.29,-1,-1,-1
562,1,329.00,269.00,432.00,230.00,0.91,-1,-1,-1
562,2,528.00,240.00,268.00,163.00,0.80,-1,-1,-1
562,184,534.00,201.00,307.00,88.00,0.33,-1,-1,-1
563,1,329.00,269.00,432.00,230.00,0.90,-1,-1,-1
563,2,528.00,240.00,268.00,163.00,0.79,-1,-1,-1
563,184,532.00,201.00,309.00,88.00,0.34,-1,-1,-1
564,1,328.00,268.00,434.00,231.00,0.91,-1,-1,-1
564,2,529.00,241.00,264.00,160.00,0.79,-1,-1,-1
564,184,531.00,201.00,311.00,88.00,0.34,-1,-1,-1
565,1,328.00,268.00,434.00,231.00,0.91,-1,-1,-1
565,2,528.00,241.00,267.00,162.00,0.79,-1,-1,-1
565,184,533.00,203.00,307.00,86.00,0.39,-1,-1,-1
566,1,328.00,267.00,434.00,232.00,0.91,-1,-1,-1
566,2,528.00,241.00,268.00,162.00,0.79,-1,-1,-1
566,184,534.00,204.00,305.00,85.00,0.38,-1,-1,-1
567,1,328.00,267.00,434.00,232.00,0.91,-1,-1,-1
567,2,527.00,240.00,268.00,163.00,0.81,-1,-1,-1
567,184,531.00,202.00,313.00,86.00,0.27,-1,-1,-1
568,1,328.00,267.00,434.00,232.00,0.91,-1,-1,-1
568,2,527.00,240.00,268.00,163.00,0.82,-1,-1,-1
568,184,531.00,202.00,316.00,86.00,0.22,-1,-1,-1
569,1,328.00,267.00,434.00,232.00,0.91,-1,-1,-1
569,2,527.00,240.00,268.00,163.00,0.83,-1,-1,-1
569,184,530.00,199.00,323.00,89.00,0.14,-1,-1,-1
570,1,328.00,267.00,434.00,232.00,0.91,-1,-1,-1
570,2,527.00,240.00,268.00,163.00,0.86,-1,-1,-1
571,1,329.00,268.00,432.00,231.00,0.91,-1,-1,-1
571,2,527.00,240.00,268.00,162.00,0.86,-1,-1,-1
572,1,334.00,275.00,422.00,225.00,0.90,-1,-1,-1
572,2,526.00,239.00,271.00,165.00,0.84,-1,-1,-1
573,1,336.00,277.00,418.00,222.00,0.90,-1,-1,-1
573,2,526.00,239.00,271.00,166.00,0.84,-1,-1,-1
574,1,334.00,276.00,422.00,224.00,0.91,-1,-1,-1
574,2,526.00,239.00,271.00,166.00,0.84,-1,-1,-1
575,1,333.00,275.00,424.00,225.00,0.91,-1,-1,-1
575,2,526.00,238.00,272.00,167.00,0.84,-1,-1,-1
576,1,331.00,273.00,428.00,227.00,0.91,-1,-1,-1
576,2,526.00,238.00,273.00,167.00,0.83,-1,-1,-1
577,1,331.00,273.00,429.00,227.00,0.91,-1,-1,-1
577,2,526.00,238.00,273.00,167.00,0.84,-1,-1,-1
577,140,464.00,140.00,360.00,146.00,0.31,-1,-1,-1
578,1,330.00,273.00,430.00,227.00,0.91,-1,-1,-1
578,2,527.00,238.00,271.00,167.00,0.84,-1,-1,-1
579,1,330.00,273.00,430.00,227.00,0.91,-1,-1,-1
579,2,527.00,238.00,271.00,167.00,0.84,-1,-1,-1
580,1,331.00,273.00,429.00,227.00,0.90,-1,-1,-1
580,2,527.00,238.00,270.00,166.00,0.84,-1,-1,-1
581,1,330.00,272.00,431.00,228.00,0.91,-1,-1,-1
581,2,527.00,239.00,269.00,165.00,0.84,-1,-1,-1
582,1,330.00,272.00,431.00,228.00,0.91,-1,-1,-1
582,2,527.00,239.00,269.00,165.00,0.84,-1,-1,-1
583,1,330.00,272.00,431.00,228.00,0.91,-1,-1,-1
583,2,527.00,239.00,269.00,165.00,0.85,-1,-1,-1
584,1,329.00,271.00,433.00,229.00,0.91,-1,-1,-1
584,2,528.00,239.00,268.00,165.00,0.84,-1,-1,-1
585,1,329.00,272.00,432.00,228.00,0.91,-1,-1,-1
585,2,528.00,239.00,267.00,165.00,0.84,-1,-1,-1
586,1,329.00,271.00,433.00,229.00,0.91,-1,-1,-1
586,2,528.00,239.00,267.00,165.00,0.83,-1,-1,-1
586,243,637.00,204.00,211.00,95.00,0.32,-1,-1,-1
586,184,522.00,199.00,334.00,94.00,0.25,-1,-1,-1
587,1,329.00,271.00,432.00,229.00,0.91,-1,-1,-1
587,2,528.00,240.00,267.00,164.00,0.83,-1,-1,-1
587,243,637.00,204.00,210.00,95.00,0.28,-1,-1,-1
587,184,522.00,198.00,334.00,95.00,0.25,-1,-1,-1
588,1,329.00,271.00,432.00,229.00,0.91,-1,-1,-1
588,2,528.00,240.00,267.00,164.00,0.83,-1,-1,-1
588,243,637.00,204.00,210.00,95.00,0.26,-1,-1,-1
588,184,523.00,198.00,332.00,95.00,0.25,-1,-1,-1
589,1,329.00,271.00,433.00,229.00,0.91,-1,-1,-1
589,2,528.00,239.00,267.00,165.00,0.84,-1,-1,-1
589,243,636.00,204.00,215.00,98.00,0.27,-1,-1,-1
589,184,521.00,197.00,336.00,97.00,0.19,-1,-1,-1
590,1,329.00,271.00,432.00,229.00,0.91,-1,-1,-1
590,2,528.00,239.00,267.00,165.00,0.83,-1,-1,-1
590,243,637.00,205.00,214.00,97.00,0.28,-1,-1,-1
590,184,522.00,197.00,334.00,97.00,0.20,-1,-1,-1
591,1,330.00,272.00,431.00,228.00,0.91,-1,-1,-1
591,2,528.00,239.00,267.00,165.00,0.85,-1,-1,-1
591,243,637.00,205.00,211.00,96.00,0.20,-1,-1,-1
591,184,509.00,187.00,361.00,108.00,0.21,-1,-1,-1
592,1,329.00,271.00,432.00,229.00,0.91,-1,-1,-1
592,2,528.00,239.00,267.00,165.00,0.85,-1,-1,-1
592,243,636.00,206.00,211.00,95.00,0.19,-1,-1,-1
592,184,501.00,179.00,378.00,116.00,0.21,-1,-1,-1
593,1,330.00,271.00,431.00,229.00,0.91,-1,-1,-1
593,2,528.00,239.00,268.00,165.00,0.86,-1,-1,-1
593,243,635.00,206.00,209.00,94.00,0.17,-1,-1,-1
593,184,486.00,165.00,410.00,130.00,0.24,-1,-1,-1
594,1,330.00,272.00,431.00,228.00,0.91,-1,-1,-1
594,2,528.00,239.00,268.00,165.00,0.85,-1,-1,-1
594,243,639.00,206.00,207.00,93.00,0.17,-1,-1,-1
595,1,330.00,272.00,431.00,228.00,0.91,-1,-1,-1
595,2,528.00,239.00,268.00,165.00,0.86,-1,-1,-1
595,243,638.00,203.00,206.00,93.00,0.15,-1,-1,-1
596,1,331.00,273.00,429.00,227.00,0.91,-1,-1,-1
596,2,528.00,239.00,267.00,165.00,0.86,-1,-1,-1
596,243,640.00,202.00,204.00,92.00,0.16,-1,-1,-1
597,1,330.00,272.00,431.00,227.00,0.91,-1,-1,-1
597,2,528.00,239.00,267.00,165.00,0.85,-1,-1,-1
597,243,641.00,202.00,204.00,92.00,0.18,-1,-1,-1
597,184,512.00,171.00,358.00,121.00,0.13,-1,-1,-1
598,1,329.00,271.00,433.00,229.00,0.91,-1,-1,-1
598,2,528.00,239.00,267.00,165.00,0.84,-1,-1,-1
598,243,641.00,202.00,204.00,92.00,0.18,-1,-1,-1
598,184,525.00,179.00,334.00,113.00,0.11,-1,-1,-1
599,1,329.00,271.00,433.00,229.00,0.91,-1,-1,-1
599,2,527.00,239.00,268.00,165.00,0.86,-1,-1,-1
599,243,641.00,202.00,203.00,92.00,0.18,-1,-1,-1
599,184,516.00,172.00,350.00,120.00,0.24,-1,-1,-1
600,1,330.00,272.00,431.00,227.00,0.91,-1,-1,-1
600,2,527.00,239.00,268.00,165.00,0.86,-1,-1,-1
600,243,642.00,202.00,202.00,92.00,0.18,-1,-1,-1
600,184,510.00,166.00,360.00,126.00,0.29,-1,-1,-1
601,1,330.00,272.00,431.00,227.00,0.91,-1,-1,-1
601,2,527.00,239.00,268.00,165.00,0.86,-1,-1,-1
601,243,642.00,202.00,202.00,92.00,0.18,-1,-1,-1
601,184,519.00,173.00,342.00,120.00,0.31,-1,-1,-1
602,1,332.00,276.00,426.00,224.00,0.91,-1,-1,-1
602,2,529.00,239.00,267.00,165.00,0.82,-1,-1,-1
602,243,621.00,200.00,207.00,92.00,0.55,-1,-1,-1
603,1,334.00,278.00,423.00,223.00,0.90,-1,-1,-1
603,2,529.00,239.00,267.00,164.00,0.81,-1,-1,-1
603,243,610.00,199.00,211.00,93.00,0.50,-1,-1,-1
603,184,549.00,187.00,290.00,102.00,0.14,-1,-1,-1
604,1,333.00,278.00,425.00,223.00,0.90,-1,-1,-1
604,2,530.00,239.00,266.00,164.00,0.80,-1,-1,-1
604,243,586.00,202.00,214.00,89.00,0.21,-1,-1,-1
604,184,552.00,197.00,269.00,93.00,0.51,-1,-1,-1
605,1,332.00,278.00,426.00,223.00,0.90,-1,-1,-1
605,2,530.00,239.00,267.00,164.00,0.80,-1,-1,-1
605,243,574.00,203.00,221.00,88.00,0.21,-1,-1,-1
605,184,551.00,201.00,266.00,90.00,0.50,-1,-1,-1
606,1,332.00,278.00,427.00,223.00,0.90,-1,-1,-1
606,2,530.00,239.00,266.00,164.00,0.78,-1,-1,-1
606,184,549.00,201.00,268.00,90.00,0.50,-1,-1,-1
607,1,331.00,278.00,428.00,223.00,0.90,-1,-1,-1
607,2,530.00,239.00,267.00,163.00,0.79,-1,-1,-1
607,184,547.00,202.00,272.00,89.00,0.43,-1,-1,-1
608,1,331.00,278.00,428.00,223.00,0.90,-1,-1,-1
608,2,530.00,239.00,263.00,161.00,0.80,-1,-1,-1
608,184,545.00,201.00,276.00,90.00,0.32,-1,-1,-1
608,248,626.00,204.00,219.00,87.00,0.35,-1,-1,-1
609,1,331.00,278.00,428.00,223.00,0.91,-1,-1,-1
609,2,529.00,239.00,265.00,162.00,0.81,-1,-1,-1
609,184,546.00,201.00,280.00,89.00,0.21,-1,-1,-1
609,248,634.00,205.00,216.00,86.00,0.37,-1,-1,-1
610,1,332.00,278.00,427.00,223.00,0.91,-1,-1,-1
610,2,529.00,239.00,265.00,162.00,0.82,-1,-1,-1
610,184,548.00,199.00,286.00,91.00,0.14,-1,-1,-1
610,248,637.00,206.00,214.00,85.00,0.30,-1,-1,-1
611,1,330.00,277.00,430.00,224.00,0.91,-1,-1,-1
611,2,529.00,240.00,266.00,162.00,0.82,-1,-1,-1
611,184,542.00,198.00,293.00,92.00,0.21,-1,-1,-1
611,248,636.00,206.00,215.00,86.00,0.24,-1,-1,-1
612,1,330.00,277.00,430.00,224.00,0.90,-1,-1,-1
612,2,529.00,240.00,266.00,162.00,0.83,-1,-1,-1
612,184,538.00,196.00,299.00,94.00,0.27,-1,-1,-1
612,248,638.00,204.00,221.00,89.00,0.23,-1,-1,-1
613,1,331.00,277.00,428.00,223.00,0.90,-1,-1,-1
613,2,529.00,240.00,266.00,162.00,0.83,-1,-1,-1
613,184,532.00,192.00,310.00,98.00,0.28,-1,-1,-1
614,1,333.00,279.00,425.00,221.00,0.90,-1,-1,-1
614,2,529.00,239.00,265.00,162.00,0.84,-1,-1,-1
614,184,535.00,195.00,303.00,95.00,0.18,-1,-1,-1
615,1,332.00,279.00,426.00,221.00,0.91,-1,-1,-1
615,2,529.00,240.00,265.00,161.00,0.82,-1,-1,-1
615,184,541.00,198.00,295.00,92.00,0.19,-1,-1,-1
615,248,640.00,204.00,212.00,87.00,0.35,-1,-1,-1
616,1,331.00,278.00,428.00,222.00,0.91,-1,-1,-1
616,2,529.00,239.00,266.00,162.00,0.82,-1,-1,-1
616,184,541.00,198.00,295.00,92.00,0.17,-1,-1,-1
616,248,641.00,205.00,210.00,86.00,0.30,-1,-1,-1
617,1,330.00,277.00,430.00,223.00,0.91,-1,-1,-1
617,2,529.00,239.00,266.00,162.00,0.82,-1,-1,-1
618,1,329.00,276.00,432.00,224.00,0.91,-1,-1,-1
618,2,529.00,239.00,266.00,162.00,0.82,-1,-1,-1
619,1,328.00,276.00,434.00,224.00,0.91,-1,-1,-1
619,2,529.00,239.00,266.00,162.00,0.82,-1,-1,-1
620,1,329.00,277.00,432.00,224.00,0.90,-1,-1,-1
620,2,529.00,239.00,268.00,162.00,0.82,-1,-1,-1
621,1,329.00,277.00,432.00,224.00,0.91,-1,-1,-1
621,2,529.00,238.00,269.00,164.00,0.82,-1,-1,-1
622,1,330.00,278.00,430.00,223.00,0.90,-1,-1,-1
622,2,529.00,238.00,269.00,164.00,0.82,-1,-1,-1
623,1,330.00,278.00,430.00,222.00,0.90,-1,-1,-1
623,2,528.00,238.00,270.00,164.00,0.82,-1,-1,-1
624,1,329.00,276.00,432.00,224.00,0.91,-1,-1,-1
624,2,529.00,238.00,269.00,164.00,0.82,-1,-1,-1
625,1,328.00,275.00,434.00,225.00,0.91,-1,-1,-1
625,2,529.00,238.00,269.00,164.00,0.82,-1,-1,-1
626,1,326.00,274.00,437.00,226.00,0.91,-1,-1,-1
626,2,529.00,238.00,269.00,164.00,0.82,-1,-1,-1
627,1,326.00,273.00,437.00,227.00,0.91,-1,-1,-1
627,2,529.00,238.00,269.00,164.00,0.82,-1,-1,-1
628,1,326.00,273.00,438.00,227.00,0.91,-1,-1,-1
628,2,528.00,238.00,270.00,164.00,0.82,-1,-1,-1
629,1,326.00,273.00,437.00,227.00,0.91,-1,-1,-1
629,2,529.00,238.00,269.00,164.00,0.82,-1,-1,-1
630,1,327.00,273.00,436.00,227.00,0.91,-1,-1,-1
630,2,529.00,238.00,269.00,164.00,0.81,-1,-1,-1
631,1,327.00,272.00,436.00,228.00,0.91,-1,-1,-1
631,2,529.00,239.00,266.00,161.00,0.81,-1,-1,-1
632,1,327.00,273.00,436.00,228.00,0.91,-1,-1,-1
632,2,528.00,239.00,270.00,164.00,0.82,-1,-1,-1
633,1,327.00,273.00,436.00,228.00,0.91,-1,-1,-1
633,2,528.00,239.00,270.00,164.00,0.82,-1,-1,-1
634,1,327.00,274.00,436.00,227.00,0.91,-1,-1,-1
634,2,528.00,239.00,271.00,165.00,0.81,-1,-1,-1
635,1,328.00,274.00,434.00,227.00,0.91,-1,-1,-1
635,2,528.00,239.00,271.00,165.00,0.82,-1,-1,-1
636,1,328.00,274.00,434.00,227.00,0.91,-1,-1,-1
636,2,526.00,239.00,274.00,167.00,0.84,-1,-1,-1
637,1,327.00,273.00,435.00,228.00,0.91,-1,-1,-1
637,2,526.00,239.00,274.00,167.00,0.83,-1,-1,-1
638,1,328.00,273.00,434.00,228.00,0.90,-1,-1,-1
638,2,528.00,239.00,269.00,165.00,0.82,-1,-1,-1
639,1,327.00,273.00,436.00,229.00,0.91,-1,-1,-1
639,2,532.00,239.00,263.00,160.00,0.82,-1,-1,-1
640,1,323.00,272.00,441.00,232.00,0.88,-1,-1,-1
640,2,536.00,239.00,257.00,156.00,0.80,-1,-1,-1
640,248,649.00,205.00,190.00,84.00,0.36,-1,-1,-1
641,1,322.00,271.00,439.00,233.00,0.87,-1,-1,-1
641,2,533.00,239.00,261.00,158.00,0.79,-1,-1,-1
641,248,648.00,206.00,191.00,84.00,0.32,-1,-1,-1
642,1,327.00,271.00,439.00,233.00,0.85,-1,-1,-1
642,2,534.00,239.00,258.00,155.00,0.81,-1,-1,-1
642,248,648.00,207.00,191.00,83.00,0.31,-1,-1,-1
643,1,326.00,272.00,437.00,231.00,0.79,-1,-1,-1
643,2,531.00,239.00,263.00,158.00,0.80,-1,-1,-1
643,248,648.00,207.00,192.00,83.00,0.30,-1,-1,-1
644,1,325.00,271.00,437.00,232.00,0.88,-1,-1,-1
644,2,529.00,239.00,266.00,160.00,0.78,-1,-1,-1
644,248,647.00,207.00,194.00,83.00,0.29,-1,-1,-1
645,1,327.00,270.00,433.00,230.00,0.90,-1,-1,-1
645,2,528.00,239.00,268.00,161.00,0.78,-1,-1,-1
645,248,647.00,207.00,194.00,84.00,0.27,-1,-1,-1
646,1,329.00,270.00,431.00,229.00,0.91,-1,-1,-1
646,2,528.00,240.00,269.00,161.00,0.78,-1,-1,-1
646,248,645.00,207.00,198.00,85.00,0.27,-1,-1,-1
647,1,332.00,272.00,425.00,225.00,0.91,-1,-1,-1
647,2,527.00,240.00,270.00,162.00,0.79,-1,-1,-1
647,248,644.00,207.00,199.00,85.00,0.29,-1,-1,-1
648,1,333.00,272.00,423.00,223.00,0.91,-1,-1,-1
648,2,527.00,240.00,270.00,162.00,0.80,-1,-1,-1
648,248,641.00,207.00,204.00,86.00,0.29,-1,-1,-1
649,1,336.00,273.00,418.00,219.00,0.90,-1,-1,-1
649,2,527.00,240.00,270.00,162.00,0.80,-1,-1,-1
649,248,641.00,207.00,204.00,86.00,0.32,-1,-1,-1
650,1,333.00,273.00,424.00,222.00,0.89,-1,-1,-1
650,2,527.00,240.00,270.00,162.00,0.80,-1,-1,-1
650,248,638.00,204.00,209.00,89.00,0.29,-1,-1,-1
651,1,328.00,272.00,434.00,228.00,0.90,-1,-1,-1
651,2,527.00,240.00,270.00,162.00,0.81,-1,-1,-1
651,248,636.00,205.00,213.00,91.00,0.33,-1,-1,-1
652,1,325.00,272.00,441.00,232.00,0.90,-1,-1,-1
652,2,527.00,240.00,270.00,162.00,0.80,-1,-1,-1
652,248,635.00,205.00,216.00,93.00,0.34,-1,-1,-1
653,1,325.00,274.00,440.00,232.00,0.90,-1,-1,-1
653,2,527.00,240.00,269.00,162.00,0.81,-1,-1,-1
653,248,637.00,203.00,212.00,92.00,0.32,-1,-1,-1
654,1,332.00,278.00,426.00,225.00,0.89,-1,-1,-1
654,2,528.00,240.00,268.00,162.00,0.80,-1,-1,-1
654,248,639.00,203.00,209.00,91.00,0.32,-1,-1,-1
655,1,332.00,279.00,426.00,223.00,0.89,-1,-1,-1
655,2,527.00,240.00,269.00,162.00,0.80,-1,-1,-1
655,248,640.00,202.00,206.00,91.00,0.32,-1,-1,-1
656,1,330.00,277.00,429.00,224.00,0.90,-1,-1,-1
656,2,528.00,240.00,269.00,162.00,0.79,-1,-1,-1
656,248,639.00,202.00,206.00,91.00,0.30,-1,-1,-1
656,251,534.00,201.00,309.00,89.00,0.35,-1,-1,-1
657,1,332.00,277.00,426.00,223.00,0.91,-1,-1,-1
657,2,528.00,239.00,270.00,163.00,0.80,-1,-1,-1
657,248,639.00,202.00,205.00,91.00,0.30,-1,-1,-1
657,251,534.00,201.00,309.00,90.00,0.37,-1,-1,-1
658,1,333.00,278.00,423.00,221.00,0.90,-1,-1,-1
658,2,528.00,239.00,270.00,163.00,0.80,-1,-1,-1
658,248,639.00,202.00,205.00,91.00,0.30,-1,-1,-1
658,251,534.00,201.00,308.00,89.00,0.39,-1,-1,-1
659,1,331.00,277.00,427.00,222.00,0.90,-1,-1,-1
659,2,528.00,239.00,270.00,163.00,0.80,-1,-1,-1
659,248,640.00,202.00,203.00,91.00,0.31,-1,-1,-1
659,251,534.00,201.00,307.00,89.00,0.39,-1,-1,-1
660,1,330.00,276.00,428.00,223.00,0.91,-1,-1,-1
660,2,528.00,239.00,270.00,163.00,0.81,-1,-1,-1
660,248,642.00,202.00,202.00,91.00,0.31,-1,-1,-1
660,251,534.00,200.00,308.00,90.00,0.29,-1,-1,-1
661,1,330.00,276.00,428.00,222.00,0.90,-1,-1,-1
661,2,528.00,239.00,270.00,163.00,0.80,-1,-1,-1
661,248,637.00,204.00,203.00,89.00,0.30,-1,-1,-1
661,251,533.00,201.00,308.00,89.00,0.39,-1,-1,-1
662,1,329.00,275.00,431.00,223.00,0.90,-1,-1,-1
662,2,526.00,239.00,273.00,165.00,0.82,-1,-1,-1
662,248,639.00,206.00,198.00,86.00,0.24,-1,-1,-1
662,251,534.00,200.00,310.00,90.00,0.25,-1,-1,-1
663,1,328.00,274.00,433.00,225.00,0.90,-1,-1,-1
663,2,526.00,239.00,274.00,166.00,0.81,-1,-1,-1
663,248,638.00,206.00,199.00,86.00,0.21,-1,-1,-1
663,251,533.00,200.00,312.00,90.00,0.27,-1,-1,-1
664,1,328.00,274.00,433.00,225.00,0.89,-1,-1,-1
664,2,527.00,239.00,272.00,166.00,0.81,-1,-1,-1
664,248,637.00,204.00,205.00,88.00,0.16,-1,-1,-1
664,251,533.00,200.00,311.00,90.00,0.34,-1,-1,-1
665,1,328.00,274.00,433.00,225.00,0.89,-1,-1,-1
665,2,527.00,239.00,272.00,166.00,0.81,-1,-1,-1
665,248,636.00,203.00,207.00,89.00,0.16,-1,-1,-1
665,251,533.00,200.00,312.00,90.00,0.32,-1,-1,-1
666,1,327.00,272.00,435.00,227.00,0.89,-1,-1,-1
666,2,527.00,239.00,272.00,166.00,0.82,-1,-1,-1
666,248,636.00,203.00,208.00,90.00,0.14,-1,-1,-1
666,251,532.00,199.00,315.00,91.00,0.26,-1,-1,-1
667,1,327.00,272.00,435.00,227.00,0.89,-1,-1,-1
667,2,528.00,239.00,271.00,165.00,0.81,-1,-1,-1
667,248,637.00,203.00,207.00,90.00,0.13,-1,-1,-1
667,251,532.00,199.00,315.00,91.00,0.29,-1,-1,-1
668,1,326.00,272.00,436.00,227.00,0.89,-1,-1,-1
668,2,528.00,239.00,270.00,165.00,0.82,-1,-1,-1
668,248,636.00,203.00,208.00,90.00,0.11,-1,-1,-1
668,251,531.00,200.00,315.00,90.00,0.29,-1,-1,-1
