2,1,440.00,69.00,374.00,204.00,0.92,-1,-1,-1
2,3,271.00,87.00,301.00,161.00,0.88,-1,-1,-1
2,4,240.00,70.00,237.00,134.00,0.80,-1,-1,-1
3,1,441.00,70.00,372.00,203.00,0.92,-1,-1,-1
3,3,271.00,87.00,301.00,161.00,0.87,-1,-1,-1
3,4,240.00,70.00,237.00,134.00,0.79,-1,-1,-1
4,1,441.00,69.00,373.00,204.00,0.92,-1,-1,-1
4,3,271.00,87.00,301.00,161.00,0.87,-1,-1,-1
4,4,240.00,70.00,237.00,134.00,0.80,-1,-1,-1
5,1,441.00,69.00,373.00,204.00,0.93,-1,-1,-1
5,3,271.00,87.00,301.00,161.00,0.87,-1,-1,-1
5,4,240.00,69.00,237.00,135.00,0.80,-1,-1,-1
6,1,441.00,69.00,373.00,204.00,0.93,-1,-1,-1
6,3,271.00,87.00,301.00,161.00,0.87,-1,-1,-1
6,4,240.00,69.00,237.00,135.00,0.80,-1,-1,-1
7,1,441.00,69.00,373.00,204.00,0.93,-1,-1,-1
7,3,271.00,87.00,301.00,161.00,0.88,-1,-1,-1
7,4,240.00,69.00,237.00,135.00,0.79,-1,-1,-1
8,1,441.00,69.00,373.00,204.00,0.93,-1,-1,-1
8,3,271.00,87.00,301.00,161.00,0.87,-1,-1,-1
8,4,240.00,69.00,237.00,135.00,0.79,-1,-1,-1
9,1,441.00,69.00,373.00,204.00,0.93,-1,-1,-1
9,3,271.00,87.00,301.00,161.00,0.87,-1,-1,-1
9,4,240.00,69.00,237.00,135.00,0.79,-1,-1,-1
10,1,441.00,69.00,373.00,204.00,0.93,-1,-1,-1
10,3,271.00,87.00,301.00,161.00,0.87,-1,-1,-1
10,4,240.00,69.00,237.00,135.00,0.79,-1,-1,-1
11,1,441.00,69.00,373.00,204.00,0.93,-1,-1,-1
11,3,271.00,87.00,301.00,161.00,0.87,-1,-1,-1
11,4,240.00,69.00,237.00,136.00,0.79,-1,-1,-1
12,1,441.00,69.00,373.00,204.00,0.93,-1,-1,-1
12,3,271.00,87.00,301.00,161.00,0.87,-1,-1,-1
12,4,240.00,69.00,237.00,136.00,0.79,-1,-1,-1
13,1,441.00,69.00,373.00,204.00,0.93,-1,-1,-1
13,3,271.00,86.00,302.00,162.00,0.87,-1,-1,-1
13,4,239.00,69.00,238.00,136.00,0.79,-1,-1,-1
14,1,440.00,69.00,374.00,204.00,0.92,-1,-1,-1
14,3,271.00,86.00,302.00,162.00,0.87,-1,-1,-1
14,4,240.00,69.00,237.00,136.00,0.79,-1,-1,-1
15,1,440.00,69.00,374.00,204.00,0.92,-1,-1,-1
15,3,270.00,86.00,303.00,162.00,0.87,-1,-1,-1
15,4,240.00,69.00,237.00,136.00,0.79,-1,-1,-1
16,1,441.00,69.00,373.00,204.00,0.92,-1,-1,-1
16,3,271.00,87.00,302.00,161.00,0.87,-1,-1,-1
16,4,240.00,69.00,237.00,136.00,0.79,-1,-1,-1
17,1,441.00,69.00,373.00,204.00,0.92,-1,-1,-1
17,3,271.00,87.00,302.00,161.00,0.87,-1,-1,-1
17,4,240.00,69.00,236.00,135.00,0.79,-1,-1,-1
18,1,441.00,69.00,373.00,204.00,0.92,-1,-1,-1
18,3,271.00,87.00,302.00,161.00,0.87,-1,-1,-1
18,4,240.00,69.00,236.00,135.00,0.79,-1,-1,-1
19,1,441.00,69.00,373.00,204.00,0.92,-1,-1,-1
19,3,271.00,87.00,302.00,161.00,0.87,-1,-1,-1
19,4,240.00,69.00,236.00,135.00,0.79,-1,-1,-1
20,1,441.00,69.00,373.00,204.00,0.92,-1,-1,-1
20,3,271.00,87.00,302.00,161.00,0.87,-1,-1,-1
20,4,240.00,69.00,236.00,135.00,0.79,-1,-1,-1
21,1,441.00,70.00,373.00,203.00,0.93,-1,-1,-1
21,3,271.00,87.00,302.00,161.00,0.87,-1,-1,-1
21,4,240.00,69.00,236.00,135.00,0.79,-1,-1,-1
22,1,441.00,69.00,373.00,204.00,0.93,-1,-1,-1
22,3,271.00,87.00,302.00,161.00,0.87,-1,-1,-1
22,4,240.00,69.00,236.00,136.00,0.79,-1,-1,-1
23,1,441.00,69.00,373.00,204.00,0.92,-1,-1,-1
23,3,270.00,87.00,304.00,161.00,0.87,-1,-1,-1
23,4,240.00,69.00,236.00,136.00,0.79,-1,-1,-1
24,1,441.00,70.00,373.00,203.00,0.93,-1,-1,-1
24,3,270.00,87.00,303.00,161.00,0.87,-1,-1,-1
24,4,240.00,70.00,236.00,135.00,0.80,-1,-1,-1
25,1,441.00,70.00,373.00,203.00,0.93,-1,-1,-1
25,3,270.00,87.00,303.00,162.00,0.87,-1,-1,-1
25,4,240.00,70.00,236.00,134.00,0.80,-1,-1,-1
26,1,441.00,70.00,373.00,203.00,0.93,-1,-1,-1
26,3,270.00,87.00,303.00,162.00,0.87,-1,-1,-1
26,4,240.00,70.00,236.00,134.00,0.80,-1,-1,-1
27,1,441.00,70.00,373.00,203.00,0.93,-1,-1,-1
27,3,270.00,87.00,303.00,162.00,0.87,-1,-1,-1
27,4,240.00,70.00,236.00,134.00,0.80,-1,-1,-1
28,1,441.00,70.00,373.00,203.00,0.93,-1,-1,-1
28,3,270.00,87.00,303.00,161.00,0.87,-1,-1,-1
28,4,240.00,69.00,236.00,135.00,0.80,-1,-1,-1
29,1,441.00,70.00,373.00,203.00,0.93,-1,-1,-1
29,3,270.00,87.00,303.00,162.00,0.87,-1,-1,-1
29,4,240.00,69.00,236.00,135.00,0.80,-1,-1,-1
30,1,441.00,70.00,373.00,203.00,0.93,-1,-1,-1
30,3,270.00,87.00,303.00,162.00,0.87,-1,-1,-1
30,4,240.00,69.00,236.00,135.00,0.80,-1,-1,-1
31,1,441.00,70.00,373.00,203.00,0.93,-1,-1,-1
31,3,270.00,87.00,303.00,162.00,0.87,-1,-1,-1
31,4,240.00,69.00,236.00,136.00,0.80,-1,-1,-1
32,1,440.00,69.00,374.00,204.00,0.93,-1,-1,-1
32,3,271.00,87.00,302.00,161.00,0.87,-1,-1,-1
32,4,240.00,69.00,237.00,136.00,0.79,-1,-1,-1
33,1,439.00,68.00,375.00,205.00,0.92,-1,-1,-1
33,3,272.00,87.00,301.00,161.00,0.87,-1,-1,-1
33,4,240.00,69.00,237.00,136.00,0.79,-1,-1,-1
34,1,439.00,68.00,375.00,205.00,0.93,-1,-1,-1
34,3,272.00,87.00,301.00,161.00,0.87,-1,-1,-1
34,4,240.00,69.00,237.00,136.00,0.79,-1,-1,-1
35,1,439.00,68.00,375.00,206.00,0.93,-1,-1,-1
35,3,272.00,87.00,301.00,161.00,0.87,-1,-1,-1
35,4,240.00,69.00,237.00,136.00,0.79,-1,-1,-1
36,1,439.00,68.00,375.00,206.00,0.93,-1,-1,-1
36,3,272.00,87.00,301.00,161.00,0.87,-1,-1,-1
36,4,240.00,69.00,237.00,136.00,0.79,-1,-1,-1
37,1,439.00,68.00,375.00,206.00,0.93,-1,-1,-1
37,3,272.00,87.00,301.00,161.00,0.87,-1,-1,-1
37,4,240.00,69.00,237.00,136.00,0.79,-1,-1,-1
38,1,439.00,68.00,375.00,206.00,0.93,-1,-1,-1
38,3,272.00,87.00,301.00,160.00,0.87,-1,-1,-1
38,4,240.00,69.00,237.00,136.00,0.79,-1,-1,-1
39,1,439.00,68.00,375.00,206.00,0.93,-1,-1,-1
39,3,271.00,87.00,302.00,160.00,0.87,-1,-1,-1
39,4,240.00,69.00,237.00,136.00,0.79,-1,-1,-1
40,1,440.00,68.00,374.00,206.00,0.93,-1,-1,-1
40,3,271.00,87.00,303.00,160.00,0.87,-1,-1,-1
40,4,240.00,69.00,237.00,136.00,0.79,-1,-1,-1
41,1,440.00,69.00,374.00,205.00,0.93,-1,-1,-1
41,3,271.00,87.00,303.00,160.00,0.87,-1,-1,-1
41,4,240.00,69.00,237.00,136.00,0.79,-1,-1,-1
42,1,440.00,68.00,374.00,206.00,0.93,-1,-1,-1
42,3,271.00,87.00,303.00,160.00,0.87,-1,-1,-1
42,4,240.00,69.00,237.00,136.00,0.79,-1,-1,-1
43,1,440.00,68.00,374.00,206.00,0.93,-1,-1,-1
43,3,271.00,87.00,303.00,160.00,0.87,-1,-1,-1
43,4,240.00,69.00,237.00,136.00,0.80,-1,-1,-1
44,1,440.00,68.00,374.00,206.00,0.93,-1,-1,-1
44,3,271.00,87.00,303.00,160.00,0.87,-1,-1,-1
44,4,240.00,69.00,237.00,136.00,0.80,-1,-1,-1
45,1,440.00,68.00,374.00,206.00,0.93,-1,-1,-1
45,3,271.00,87.00,303.00,160.00,0.87,-1,-1,-1
45,4,240.00,69.00,237.00,136.00,0.80,-1,-1,-1
46,1,440.00,68.00,374.00,206.00,0.93,-1,-1,-1
46,3,271.00,87.00,303.00,160.00,0.87,-1,-1,-1
46,4,240.00,69.00,237.00,136.00,0.80,-1,-1,-1
47,1,440.00,68.00,374.00,206.00,0.93,-1,-1,-1
47,3,271.00,87.00,303.00,160.00,0.87,-1,-1,-1
47,4,240.00,69.00,237.00,136.00,0.80,-1,-1,-1
48,1,440.00,68.00,373.00,206.00,0.93,-1,-1,-1
48,3,271.00,87.00,303.00,160.00,0.87,-1,-1,-1
48,4,240.00,69.00,237.00,136.00,0.80,-1,-1,-1
49,1,440.00,68.00,374.00,206.00,0.93,-1,-1,-1
49,3,271.00,87.00,303.00,160.00,0.87,-1,-1,-1
49,4,240.00,69.00,237.00,136.00,0.79,-1,-1,-1
50,1,440.00,68.00,374.00,206.00,0.93,-1,-1,-1
50,3,271.00,87.00,303.00,160.00,0.87,-1,-1,-1
50,4,240.00,69.00,237.00,136.00,0.79,-1,-1,-1
51,1,440.00,68.00,374.00,206.00,0.92,-1,-1,-1
51,3,271.00,87.00,303.00,160.00,0.87,-1,-1,-1
51,4,240.00,69.00,237.00,136.00,0.79,-1,-1,-1
52,1,440.00,68.00,374.00,206.00,0.92,-1,-1,-1
52,3,271.00,87.00,303.00,160.00,0.87,-1,-1,-1
52,4,240.00,69.00,237.00,136.00,0.79,-1,-1,-1
53,1,440.00,68.00,373.00,206.00,0.92,-1,-1,-1
53,3,271.00,87.00,303.00,160.00,0.87,-1,-1,-1
53,4,240.00,69.00,237.00,136.00,0.79,-1,-1,-1
54,1,440.00,68.00,373.00,206.00,0.93,-1,-1,-1
54,3,270.00,87.00,305.00,160.00,0.87,-1,-1,-1
54,4,240.00,69.00,237.00,136.00,0.79,-1,-1,-1
55,1,440.00,68.00,373.00,206.00,0.93,-1,-1,-1
55,3,270.00,87.00,305.00,160.00,0.87,-1,-1,-1
55,4,240.00,69.00,237.00,136.00,0.79,-1,-1,-1
56,1,440.00,68.00,373.00,206.00,0.93,-1,-1,-1
56,3,270.00,87.00,305.00,160.00,0.87,-1,-1,-1
56,4,240.00,69.00,237.00,136.00,0.79,-1,-1,-1
57,1,440.00,68.00,373.00,206.00,0.93,-1,-1,-1
57,3,270.00,87.00,305.00,160.00,0.87,-1,-1,-1
57,4,240.00,69.00,237.00,136.00,0.79,-1,-1,-1
58,1,440.00,68.00,373.00,206.00,0.93,-1,-1,-1
58,3,270.00,87.00,305.00,160.00,0.87,-1,-1,-1
58,4,240.00,69.00,237.00,136.00,0.79,-1,-1,-1
59,1,440.00,68.00,373.00,206.00,0.93,-1,-1,-1
59,3,270.00,87.00,305.00,160.00,0.87,-1,-1,-1
59,4,240.00,69.00,237.00,136.00,0.79,-1,-1,-1
60,1,440.00,68.00,374.00,206.00,0.93,-1,-1,-1
60,3,270.00,87.00,305.00,160.00,0.87,-1,-1,-1
60,4,240.00,69.00,237.00,136.00,0.79,-1,-1,-1
61,1,440.00,68.00,373.00,206.00,0.93,-1,-1,-1
61,3,270.00,87.00,305.00,160.00,0.87,-1,-1,-1
61,4,240.00,69.00,237.00,136.00,0.79,-1,-1,-1
62,1,441.00,68.00,373.00,206.00,0.92,-1,-1,-1
62,3,271.00,87.00,303.00,159.00,0.88,-1,-1,-1
62,4,240.00,69.00,237.00,136.00,0.78,-1,-1,-1
63,1,441.00,68.00,373.00,206.00,0.92,-1,-1,-1
63,3,271.00,87.00,303.00,159.00,0.87,-1,-1,-1
63,4,240.00,69.00,237.00,135.00,0.78,-1,-1,-1
64,1,441.00,68.00,373.00,206.00,0.92,-1,-1,-1
64,3,271.00,87.00,303.00,159.00,0.87,-1,-1,-1
64,4,240.00,69.00,237.00,135.00,0.78,-1,-1,-1
65,1,441.00,68.00,373.00,206.00,0.92,-1,-1,-1
65,3,271.00,87.00,303.00,159.00,0.87,-1,-1,-1
65,4,240.00,69.00,237.00,135.00,0.78,-1,-1,-1
66,1,441.00,68.00,373.00,206.00,0.92,-1,-1,-1
66,3,271.00,87.00,303.00,159.00,0.87,-1,-1,-1
66,4,240.00,69.00,237.00,136.00,0.78,-1,-1,-1
67,1,441.00,69.00,373.00,205.00,0.92,-1,-1,-1
67,3,271.00,87.00,303.00,159.00,0.87,-1,-1,-1
67,4,240.00,69.00,237.00,136.00,0.78,-1,-1,-1
68,1,441.00,69.00,373.00,205.00,0.92,-1,-1,-1
68,3,271.00,87.00,303.00,159.00,0.87,-1,-1,-1
68,4,240.00,69.00,237.00,136.00,0.78,-1,-1,-1
69,1,441.00,69.00,373.00,205.00,0.92,-1,-1,-1
69,3,270.00,87.00,304.00,159.00,0.87,-1,-1,-1
69,4,240.00,69.00,237.00,136.00,0.78,-1,-1,-1
70,1,441.00,68.00,373.00,206.00,0.92,-1,-1,-1
70,3,270.00,87.00,304.00,159.00,0.87,-1,-1,-1
70,4,240.00,69.00,237.00,136.00,0.78,-1,-1,-1
71,1,441.00,68.00,373.00,206.00,0.92,-1,-1,-1
71,3,270.00,87.00,304.00,159.00,0.87,-1,-1,-1
71,4,240.00,69.00,237.00,136.00,0.78,-1,-1,-1
72,1,441.00,68.00,373.00,206.00,0.92,-1,-1,-1
72,3,270.00,87.00,304.00,159.00,0.87,-1,-1,-1
72,4,240.00,69.00,237.00,136.00,0.78,-1,-1,-1
73,1,441.00,68.00,373.00,206.00,0.92,-1,-1,-1
73,3,270.00,87.00,304.00,159.00,0.87,-1,-1,-1
73,4,240.00,69.00,237.00,136.00,0.78,-1,-1,-1
74,1,441.00,68.00,373.00,206.00,0.92,-1,-1,-1
74,3,270.00,87.00,304.00,159.00,0.87,-1,-1,-1
74,4,240.00,69.00,237.00,136.00,0.78,-1,-1,-1
75,1,441.00,68.00,373.00,206.00,0.92,-1,-1,-1
75,3,270.00,87.00,304.00,159.00,0.87,-1,-1,-1
75,4,240.00,69.00,237.00,136.00,0.78,-1,-1,-1
76,1,441.00,68.00,373.00,206.00,0.92,-1,-1,-1
76,3,270.00,87.00,304.00,160.00,0.87,-1,-1,-1
76,4,240.00,69.00,237.00,136.00,0.78,-1,-1,-1
77,1,441.00,68.00,373.00,206.00,0.92,-1,-1,-1
77,3,270.00,87.00,304.00,160.00,0.87,-1,-1,-1
77,4,240.00,69.00,237.00,136.00,0.78,-1,-1,-1
78,1,441.00,68.00,373.00,206.00,0.92,-1,-1,-1
78,3,270.00,87.00,304.00,160.00,0.87,-1,-1,-1
78,4,240.00,69.00,237.00,136.00,0.78,-1,-1,-1
79,1,441.00,68.00,373.00,206.00,0.92,-1,-1,-1
79,3,270.00,87.00,304.00,159.00,0.87,-1,-1,-1
79,4,240.00,69.00,237.00,136.00,0.77,-1,-1,-1
80,1,441.00,68.00,373.00,206.00,0.92,-1,-1,-1
80,3,270.00,87.00,304.00,159.00,0.87,-1,-1,-1
80,4,240.00,69.00,237.00,136.00,0.78,-1,-1,-1
81,1,441.00,68.00,373.00,206.00,0.92,-1,-1,-1
81,3,270.00,87.00,304.00,160.00,0.87,-1,-1,-1
81,4,240.00,69.00,237.00,136.00,0.77,-1,-1,-1
82,1,441.00,69.00,373.00,205.00,0.92,-1,-1,-1
82,3,270.00,87.00,304.00,160.00,0.87,-1,-1,-1
82,4,240.00,69.00,237.00,136.00,0.77,-1,-1,-1
83,1,441.00,69.00,373.00,205.00,0.92,-1,-1,-1
83,3,269.00,86.00,305.00,161.00,0.87,-1,-1,-1
83,4,240.00,69.00,237.00,136.00,0.77,-1,-1,-1
84,1,441.00,69.00,373.00,205.00,0.92,-1,-1,-1
84,3,269.00,86.00,305.00,161.00,0.87,-1,-1,-1
84,4,240.00,69.00,237.00,136.00,0.77,-1,-1,-1
85,1,441.00,68.00,373.00,206.00,0.92,-1,-1,-1
85,3,269.00,86.00,305.00,161.00,0.87,-1,-1,-1
85,4,240.00,69.00,237.00,136.00,0.77,-1,-1,-1
86,1,441.00,69.00,373.00,204.00,0.92,-1,-1,-1
86,3,270.00,86.00,304.00,161.00,0.87,-1,-1,-1
86,4,240.00,69.00,237.00,136.00,0.77,-1,-1,-1
87,1,441.00,69.00,373.00,204.00,0.92,-1,-1,-1
87,3,270.00,87.00,304.00,160.00,0.87,-1,-1,-1
87,4,240.00,69.00,237.00,136.00,0.77,-1,-1,-1
88,1,441.00,69.00,373.00,205.00,0.92,-1,-1,-1
88,3,270.00,87.00,304.00,160.00,0.87,-1,-1,-1
88,4,240.00,69.00,237.00,136.00,0.77,-1,-1,-1
89,1,441.00,69.00,373.00,205.00,0.92,-1,-1,-1
89,3,270.00,87.00,304.00,160.00,0.87,-1,-1,-1
89,4,240.00,69.00,237.00,136.00,0.77,-1,-1,-1
90,1,441.00,68.00,373.00,206.00,0.92,-1,-1,-1
90,3,270.00,87.00,304.00,160.00,0.87,-1,-1,-1
90,4,240.00,69.00,237.00,136.00,0.78,-1,-1,-1
91,1,441.00,68.00,373.00,206.00,0.92,-1,-1,-1
91,3,271.00,87.00,303.00,160.00,0.87,-1,-1,-1
91,4,240.00,69.00,237.00,136.00,0.78,-1,-1,-1
92,1,441.00,70.00,372.00,203.00,0.92,-1,-1,-1
92,3,271.00,87.00,303.00,159.00,0.87,-1,-1,-1
92,4,240.00,69.00,238.00,136.00,0.76,-1,-1,-1
93,1,442.00,70.00,371.00,203.00,0.92,-1,-1,-1
93,3,271.00,87.00,302.00,159.00,0.87,-1,-1,-1
93,4,240.00,69.00,237.00,136.00,0.76,-1,-1,-1
94,1,442.00,70.00,370.00,203.00,0.93,-1,-1,-1
94,3,271.00,87.00,302.00,159.00,0.87,-1,-1,-1
94,4,240.00,69.00,237.00,136.00,0.76,-1,-1,-1
95,1,442.00,70.00,370.00,203.00,0.93,-1,-1,-1
95,3,270.00,87.00,303.00,159.00,0.87,-1,-1,-1
95,4,240.00,69.00,237.00,136.00,0.76,-1,-1,-1
96,1,442.00,70.00,371.00,203.00,0.93,-1,-1,-1
96,3,271.00,87.00,302.00,159.00,0.87,-1,-1,-1
96,4,240.00,69.00,237.00,136.00,0.76,-1,-1,-1
97,1,441.00,70.00,372.00,203.00,0.93,-1,-1,-1
97,3,271.00,87.00,302.00,159.00,0.87,-1,-1,-1
97,4,240.00,69.00,237.00,136.00,0.76,-1,-1,-1
98,1,441.00,70.00,372.00,203.00,0.93,-1,-1,-1
98,3,270.00,87.00,304.00,159.00,0.87,-1,-1,-1
98,4,240.00,69.00,237.00,136.00,0.77,-1,-1,-1
99,1,441.00,70.00,372.00,203.00,0.92,-1,-1,-1
99,3,271.00,87.00,302.00,159.00,0.87,-1,-1,-1
99,4,240.00,69.00,237.00,136.00,0.77,-1,-1,-1
100,1,441.00,70.00,372.00,203.00,0.93,-1,-1,-1
100,3,270.00,87.00,304.00,159.00,0.87,-1,-1,-1
100,4,240.00,69.00,237.00,136.00,0.76,-1,-1,-1
101,1,441.00,70.00,372.00,203.00,0.93,-1,-1,-1
101,3,270.00,87.00,304.00,159.00,0.87,-1,-1,-1
101,4,240.00,69.00,237.00,136.00,0.76,-1,-1,-1
102,1,441.00,70.00,372.00,203.00,0.93,-1,-1,-1
102,3,270.00,87.00,304.00,160.00,0.87,-1,-1,-1
102,4,240.00,69.00,237.00,136.00,0.76,-1,-1,-1
103,1,441.00,70.00,372.00,203.00,0.93,-1,-1,-1
103,3,270.00,87.00,304.00,160.00,0.87,-1,-1,-1
103,4,240.00,69.00,237.00,136.00,0.77,-1,-1,-1
104,1,441.00,70.00,372.00,203.00,0.93,-1,-1,-1
104,3,270.00,87.00,303.00,160.00,0.87,-1,-1,-1
104,4,240.00,69.00,237.00,136.00,0.77,-1,-1,-1
105,1,441.00,70.00,372.00,203.00,0.93,-1,-1,-1
105,3,271.00,87.00,302.00,159.00,0.87,-1,-1,-1
105,4,240.00,69.00,237.00,136.00,0.77,-1,-1,-1
106,1,441.00,70.00,372.00,203.00,0.93,-1,-1,-1
106,3,271.00,87.00,302.00,159.00,0.87,-1,-1,-1
106,4,240.00,69.00,237.00,136.00,0.77,-1,-1,-1
107,1,441.00,70.00,372.00,203.00,0.93,-1,-1,-1
107,3,271.00,87.00,302.00,159.00,0.87,-1,-1,-1
107,4,240.00,69.00,237.00,136.00,0.77,-1,-1,-1
108,1,441.00,71.00,372.00,202.00,0.93,-1,-1,-1
108,3,271.00,87.00,302.00,159.00,0.87,-1,-1,-1
108,4,240.00,69.00,237.00,136.00,0.77,-1,-1,-1
109,1,441.00,70.00,372.00,203.00,0.93,-1,-1,-1
109,3,271.00,87.00,303.00,159.00,0.87,-1,-1,-1
109,4,240.00,69.00,237.00,136.00,0.77,-1,-1,-1
110,1,441.00,70.00,373.00,203.00,0.93,-1,-1,-1
110,3,271.00,87.00,303.00,159.00,0.87,-1,-1,-1
110,4,240.00,69.00,237.00,136.00,0.77,-1,-1,-1
111,1,441.00,70.00,373.00,203.00,0.93,-1,-1,-1
111,3,271.00,87.00,303.00,159.00,0.87,-1,-1,-1
111,4,240.00,69.00,237.00,136.00,0.78,-1,-1,-1
112,1,441.00,70.00,373.00,203.00,0.93,-1,-1,-1
112,3,271.00,87.00,303.00,159.00,0.87,-1,-1,-1
112,4,240.00,69.00,237.00,136.00,0.78,-1,-1,-1
113,1,441.00,70.00,373.00,203.00,0.93,-1,-1,-1
113,3,271.00,87.00,303.00,159.00,0.87,-1,-1,-1
113,4,240.00,69.00,237.00,136.00,0.78,-1,-1,-1
114,1,441.00,70.00,373.00,203.00,0.92,-1,-1,-1
114,3,271.00,87.00,303.00,159.00,0.87,-1,-1,-1
114,4,240.00,69.00,237.00,136.00,0.78,-1,-1,-1
115,1,441.00,70.00,373.00,203.00,0.92,-1,-1,-1
115,3,271.00,87.00,303.00,159.00,0.87,-1,-1,-1
115,4,240.00,69.00,237.00,136.00,0.78,-1,-1,-1
116,1,441.00,70.00,373.00,203.00,0.92,-1,-1,-1
116,3,271.00,87.00,303.00,159.00,0.88,-1,-1,-1
116,4,240.00,69.00,237.00,136.00,0.78,-1,-1,-1
117,1,441.00,70.00,373.00,203.00,0.92,-1,-1,-1
117,3,270.00,87.00,304.00,159.00,0.88,-1,-1,-1
117,4,240.00,69.00,237.00,135.00,0.78,-1,-1,-1
118,1,440.00,70.00,374.00,203.00,0.92,-1,-1,-1
118,3,270.00,87.00,304.00,159.00,0.87,-1,-1,-1
118,4,240.00,69.00,237.00,136.00,0.78,-1,-1,-1
119,1,440.00,70.00,374.00,203.00,0.92,-1,-1,-1
119,3,270.00,87.00,304.00,159.00,0.88,-1,-1,-1
119,4,240.00,69.00,237.00,136.00,0.78,-1,-1,-1
120,1,440.00,70.00,374.00,203.00,0.92,-1,-1,-1
120,3,270.00,87.00,304.00,159.00,0.87,-1,-1,-1
120,4,240.00,69.00,237.00,136.00,0.78,-1,-1,-1
121,1,440.00,70.00,374.00,203.00,0.92,-1,-1,-1
121,3,270.00,87.00,304.00,159.00,0.88,-1,-1,-1
121,4,240.00,69.00,237.00,136.00,0.78,-1,-1,-1
122,1,438.00,68.00,377.00,205.00,0.92,-1,-1,-1
122,3,268.00,87.00,308.00,162.00,0.87,-1,-1,-1
122,4,241.00,70.00,235.00,135.00,0.80,-1,-1,-1
123,1,438.00,67.00,378.00,206.00,0.92,-1,-1,-1
123,3,267.00,88.00,309.00,163.00,0.87,-1,-1,-1
123,4,241.00,70.00,235.00,135.00,0.80,-1,-1,-1
124,1,438.00,67.00,378.00,206.00,0.92,-1,-1,-1
124,3,266.00,88.00,310.00,163.00,0.87,-1,-1,-1
124,4,241.00,70.00,235.00,135.00,0.80,-1,-1,-1
125,1,438.00,66.00,378.00,207.00,0.92,-1,-1,-1
125,3,267.00,88.00,308.00,163.00,0.88,-1,-1,-1
125,4,241.00,70.00,235.00,134.00,0.80,-1,-1,-1
126,1,438.00,67.00,377.00,206.00,0.92,-1,-1,-1
126,3,267.00,88.00,308.00,163.00,0.88,-1,-1,-1
126,4,241.00,70.00,235.00,134.00,0.80,-1,-1,-1
127,1,439.00,67.00,376.00,206.00,0.92,-1,-1,-1
127,3,267.00,88.00,308.00,163.00,0.88,-1,-1,-1
127,4,241.00,70.00,235.00,134.00,0.80,-1,-1,-1
128,1,439.00,67.00,376.00,206.00,0.92,-1,-1,-1
128,3,267.00,88.00,307.00,163.00,0.88,-1,-1,-1
128,4,242.00,70.00,234.00,134.00,0.80,-1,-1,-1
129,1,439.00,67.00,375.00,206.00,0.92,-1,-1,-1
129,3,268.00,88.00,306.00,163.00,0.88,-1,-1,-1
129,4,242.00,70.00,234.00,134.00,0.80,-1,-1,-1
130,1,439.00,67.00,376.00,206.00,0.92,-1,-1,-1
130,3,268.00,88.00,306.00,163.00,0.88,-1,-1,-1
130,4,242.00,70.00,234.00,134.00,0.80,-1,-1,-1
131,1,439.00,67.00,375.00,206.00,0.92,-1,-1,-1
131,3,268.00,88.00,306.00,163.00,0.88,-1,-1,-1
131,4,242.00,70.00,234.00,134.00,0.80,-1,-1,-1
132,1,439.00,67.00,375.00,206.00,0.92,-1,-1,-1
132,3,268.00,88.00,306.00,163.00,0.88,-1,-1,-1
132,4,242.00,70.00,234.00,134.00,0.80,-1,-1,-1
133,1,439.00,67.00,375.00,206.00,0.92,-1,-1,-1
133,3,268.00,88.00,305.00,163.00,0.88,-1,-1,-1
133,4,242.00,70.00,234.00,134.00,0.80,-1,-1,-1
134,1,439.00,67.00,375.00,206.00,0.92,-1,-1,-1
134,3,268.00,88.00,305.00,163.00,0.88,-1,-1,-1
134,4,242.00,70.00,234.00,134.00,0.81,-1,-1,-1
135,1,439.00,67.00,375.00,206.00,0.92,-1,-1,-1
135,3,268.00,88.00,305.00,163.00,0.88,-1,-1,-1
135,4,241.00,70.00,235.00,134.00,0.80,-1,-1,-1
136,1,440.00,67.00,374.00,206.00,0.92,-1,-1,-1
136,3,268.00,88.00,305.00,163.00,0.88,-1,-1,-1
136,4,241.00,70.00,235.00,134.00,0.80,-1,-1,-1
137,1,440.00,67.00,374.00,206.00,0.92,-1,-1,-1
137,3,269.00,88.00,304.00,163.00,0.88,-1,-1,-1
137,4,241.00,70.00,234.00,134.00,0.80,-1,-1,-1
138,1,440.00,67.00,374.00,206.00,0.92,-1,-1,-1
138,3,269.00,88.00,304.00,163.00,0.88,-1,-1,-1
138,4,240.00,70.00,235.00,134.00,0.81,-1,-1,-1
139,1,440.00,67.00,374.00,206.00,0.92,-1,-1,-1
139,3,269.00,88.00,304.00,163.00,0.88,-1,-1,-1
139,4,240.00,70.00,235.00,134.00,0.81,-1,-1,-1
140,1,440.00,67.00,374.00,206.00,0.92,-1,-1,-1
140,3,269.00,88.00,304.00,163.00,0.88,-1,-1,-1
140,4,240.00,70.00,235.00,134.00,0.81,-1,-1,-1
141,1,440.00,67.00,374.00,206.00,0.92,-1,-1,-1
141,3,269.00,88.00,304.00,163.00,0.87,-1,-1,-1
141,4,240.00,70.00,235.00,134.00,0.81,-1,-1,-1
142,1,440.00,67.00,374.00,206.00,0.92,-1,-1,-1
142,3,269.00,87.00,304.00,164.00,0.87,-1,-1,-1
142,4,240.00,70.00,235.00,135.00,0.80,-1,-1,-1
143,1,440.00,67.00,374.00,206.00,0.92,-1,-1,-1
143,3,268.00,87.00,306.00,165.00,0.87,-1,-1,-1
143,4,240.00,70.00,235.00,135.00,0.79,-1,-1,-1
144,1,440.00,67.00,374.00,206.00,0.92,-1,-1,-1
144,3,270.00,87.00,302.00,163.00,0.88,-1,-1,-1
144,4,240.00,70.00,235.00,135.00,0.79,-1,-1,-1
145,1,440.00,67.00,374.00,206.00,0.92,-1,-1,-1
145,3,274.00,88.00,295.00,158.00,0.89,-1,-1,-1
145,4,240.00,70.00,235.00,134.00,0.80,-1,-1,-1
146,1,440.00,67.00,374.00,206.00,0.92,-1,-1,-1
146,3,275.00,87.00,293.00,157.00,0.89,-1,-1,-1
146,4,241.00,70.00,234.00,134.00,0.79,-1,-1,-1
147,1,440.00,67.00,374.00,206.00,0.92,-1,-1,-1
147,3,273.00,87.00,297.00,158.00,0.89,-1,-1,-1
147,4,241.00,70.00,234.00,134.00,0.80,-1,-1,-1
148,1,440.00,67.00,374.00,206.00,0.92,-1,-1,-1
148,3,271.00,87.00,301.00,162.00,0.88,-1,-1,-1
148,4,240.00,70.00,235.00,134.00,0.81,-1,-1,-1
149,1,440.00,67.00,374.00,206.00,0.92,-1,-1,-1
149,3,270.00,88.00,304.00,163.00,0.87,-1,-1,-1
149,4,241.00,70.00,235.00,134.00,0.80,-1,-1,-1
150,1,441.00,67.00,374.00,207.00,0.92,-1,-1,-1
150,3,269.00,88.00,305.00,163.00,0.88,-1,-1,-1
150,4,241.00,70.00,235.00,135.00,0.80,-1,-1,-1
151,1,441.00,67.00,374.00,207.00,0.91,-1,-1,-1
151,3,269.00,88.00,305.00,163.00,0.87,-1,-1,-1
151,4,241.00,70.00,235.00,135.00,0.80,-1,-1,-1
152,1,439.00,66.00,376.00,209.00,0.91,-1,-1,-1
152,3,266.00,87.00,307.00,165.00,0.87,-1,-1,-1
152,4,242.00,70.00,235.00,134.00,0.82,-1,-1,-1
153,1,440.00,66.00,374.00,208.00,0.91,-1,-1,-1
153,3,265.00,86.00,308.00,165.00,0.87,-1,-1,-1
153,4,242.00,70.00,235.00,134.00,0.82,-1,-1,-1
154,1,440.00,67.00,374.00,207.00,0.90,-1,-1,-1
154,3,265.00,86.00,308.00,165.00,0.87,-1,-1,-1
154,4,242.00,70.00,236.00,134.00,0.81,-1,-1,-1
155,1,441.00,67.00,373.00,206.00,0.91,-1,-1,-1
155,3,265.00,86.00,308.00,165.00,0.87,-1,-1,-1
155,4,242.00,70.00,236.00,134.00,0.80,-1,-1,-1
156,1,447.00,67.00,361.00,199.00,0.89,-1,-1,-1
156,3,267.00,87.00,307.00,165.00,0.87,-1,-1,-1
156,4,242.00,70.00,236.00,134.00,0.81,-1,-1,-1
157,1,442.00,67.00,370.00,204.00,0.89,-1,-1,-1
157,3,265.00,87.00,308.00,164.00,0.87,-1,-1,-1
157,4,242.00,70.00,236.00,134.00,0.81,-1,-1,-1
158,1,447.00,67.00,360.00,197.00,0.91,-1,-1,-1
158,3,267.00,87.00,306.00,164.00,0.87,-1,-1,-1
158,4,241.00,70.00,237.00,134.00,0.81,-1,-1,-1
159,1,447.00,68.00,360.00,196.00,0.91,-1,-1,-1
159,3,268.00,87.00,305.00,164.00,0.87,-1,-1,-1
159,4,241.00,70.00,237.00,134.00,0.81,-1,-1,-1
160,1,442.00,68.00,368.00,200.00,0.90,-1,-1,-1
160,3,269.00,87.00,305.00,164.00,0.87,-1,-1,-1
160,4,241.00,70.00,237.00,134.00,0.81,-1,-1,-1
161,1,442.00,70.00,368.00,199.00,0.92,-1,-1,-1
161,3,269.00,87.00,305.00,164.00,0.87,-1,-1,-1
161,4,241.00,70.00,237.00,134.00,0.81,-1,-1,-1
162,1,442.00,70.00,369.00,201.00,0.91,-1,-1,-1
162,3,270.00,87.00,304.00,164.00,0.87,-1,-1,-1
162,4,241.00,70.00,237.00,134.00,0.81,-1,-1,-1
163,1,441.00,70.00,371.00,201.00,0.91,-1,-1,-1
163,3,270.00,87.00,303.00,163.00,0.87,-1,-1,-1
163,4,241.00,70.00,237.00,134.00,0.81,-1,-1,-1
164,1,440.00,70.00,372.00,202.00,0.90,-1,-1,-1
164,3,270.00,87.00,303.00,163.00,0.87,-1,-1,-1
164,4,241.00,70.00,237.00,134.00,0.81,-1,-1,-1
165,1,440.00,70.00,372.00,202.00,0.89,-1,-1,-1
165,3,270.00,87.00,303.00,163.00,0.87,-1,-1,-1
165,4,241.00,70.00,237.00,134.00,0.81,-1,-1,-1
166,1,440.00,70.00,373.00,202.00,0.93,-1,-1,-1
166,3,270.00,87.00,303.00,163.00,0.87,-1,-1,-1
166,4,241.00,70.00,237.00,134.00,0.81,-1,-1,-1
167,1,440.00,69.00,374.00,204.00,0.93,-1,-1,-1
167,3,270.00,87.00,303.00,163.00,0.87,-1,-1,-1
167,4,241.00,70.00,237.00,134.00,0.81,-1,-1,-1
168,1,439.00,69.00,375.00,204.00,0.93,-1,-1,-1
168,3,270.00,87.00,303.00,164.00,0.87,-1,-1,-1
168,4,241.00,70.00,237.00,135.00,0.81,-1,-1,-1
169,1,439.00,69.00,375.00,204.00,0.93,-1,-1,-1
169,3,270.00,87.00,303.00,164.00,0.87,-1,-1,-1
169,4,240.00,70.00,238.00,135.00,0.81,-1,-1,-1
170,1,440.00,70.00,373.00,203.00,0.93,-1,-1,-1
170,3,270.00,87.00,303.00,164.00,0.87,-1,-1,-1
170,4,240.00,70.00,238.00,135.00,0.81,-1,-1,-1
171,1,440.00,70.00,373.00,203.00,0.93,-1,-1,-1
171,3,270.00,87.00,303.00,164.00,0.87,-1,-1,-1
171,4,240.00,70.00,238.00,134.00,0.81,-1,-1,-1
172,1,441.00,71.00,371.00,202.00,0.91,-1,-1,-1
172,3,271.00,87.00,302.00,163.00,0.87,-1,-1,-1
172,4,240.00,70.00,238.00,134.00,0.81,-1,-1,-1
173,1,440.00,70.00,373.00,203.00,0.89,-1,-1,-1
173,3,271.00,87.00,302.00,163.00,0.87,-1,-1,-1
173,4,240.00,70.00,238.00,134.00,0.80,-1,-1,-1
174,1,440.00,71.00,373.00,203.00,0.92,-1,-1,-1
174,3,271.00,87.00,302.00,163.00,0.87,-1,-1,-1
174,4,241.00,70.00,237.00,134.00,0.80,-1,-1,-1
175,1,441.00,72.00,370.00,202.00,0.93,-1,-1,-1
175,3,271.00,87.00,302.00,163.00,0.87,-1,-1,-1
175,4,240.00,70.00,238.00,134.00,0.80,-1,-1,-1
176,1,442.00,73.00,369.00,201.00,0.93,-1,-1,-1
176,3,271.00,87.00,302.00,163.00,0.87,-1,-1,-1
176,4,240.00,70.00,238.00,134.00,0.80,-1,-1,-1
177,1,441.00,72.00,370.00,202.00,0.93,-1,-1,-1
177,3,271.00,87.00,302.00,163.00,0.87,-1,-1,-1
177,4,240.00,70.00,238.00,134.00,0.80,-1,-1,-1
178,1,440.00,72.00,372.00,202.00,0.93,-1,-1,-1
178,3,270.00,87.00,303.00,163.00,0.88,-1,-1,-1
178,4,241.00,70.00,237.00,134.00,0.80,-1,-1,-1
179,1,442.00,73.00,369.00,201.00,0.88,-1,-1,-1
179,3,270.00,87.00,303.00,163.00,0.87,-1,-1,-1
179,4,241.00,70.00,237.00,134.00,0.80,-1,-1,-1
180,1,442.00,74.00,368.00,200.00,0.87,-1,-1,-1
180,3,270.00,87.00,303.00,163.00,0.88,-1,-1,-1
180,4,241.00,70.00,237.00,134.00,0.81,-1,-1,-1
181,1,441.00,73.00,370.00,201.00,0.92,-1,-1,-1
181,3,270.00,87.00,303.00,163.00,0.88,-1,-1,-1
181,4,241.00,70.00,237.00,134.00,0.80,-1,-1,-1
182,1,441.00,74.00,370.00,200.00,0.92,-1,-1,-1
182,3,272.00,87.00,300.00,161.00,0.88,-1,-1,-1
182,4,240.00,70.00,238.00,134.00,0.81,-1,-1,-1
183,1,443.00,75.00,366.00,198.00,0.90,-1,-1,-1
183,3,272.00,87.00,300.00,161.00,0.88,-1,-1,-1
183,4,240.00,69.00,237.00,135.00,0.81,-1,-1,-1
184,1,442.00,75.00,367.00,198.00,0.84,-1,-1,-1
184,3,272.00,87.00,300.00,161.00,0.88,-1,-1,-1
184,4,240.00,69.00,237.00,135.00,0.81,-1,-1,-1
185,1,442.00,75.00,366.00,198.00,0.84,-1,-1,-1
185,3,272.00,87.00,300.00,160.00,0.88,-1,-1,-1
185,4,240.00,69.00,237.00,134.00,0.81,-1,-1,-1
186,1,440.00,74.00,369.00,199.00,0.86,-1,-1,-1
186,3,272.00,87.00,300.00,160.00,0.88,-1,-1,-1
186,4,240.00,69.00,237.00,134.00,0.82,-1,-1,-1
187,1,436.00,73.00,371.00,201.00,0.88,-1,-1,-1
187,3,272.00,87.00,300.00,160.00,0.88,-1,-1,-1
187,4,240.00,69.00,237.00,134.00,0.81,-1,-1,-1
188,1,433.00,72.00,371.00,202.00,0.90,-1,-1,-1
188,3,272.00,87.00,300.00,160.00,0.88,-1,-1,-1
188,4,240.00,69.00,237.00,134.00,0.81,-1,-1,-1
189,1,431.00,71.00,370.00,203.00,0.89,-1,-1,-1
189,3,272.00,87.00,300.00,160.00,0.88,-1,-1,-1
189,4,240.00,69.00,237.00,134.00,0.81,-1,-1,-1
190,1,431.00,71.00,369.00,203.00,0.91,-1,-1,-1
190,3,271.00,87.00,302.00,161.00,0.88,-1,-1,-1
190,4,240.00,69.00,237.00,134.00,0.81,-1,-1,-1
191,1,433.00,70.00,368.00,204.00,0.92,-1,-1,-1
191,3,271.00,87.00,302.00,161.00,0.88,-1,-1,-1
191,4,240.00,69.00,237.00,134.00,0.81,-1,-1,-1
192,1,434.00,70.00,367.00,204.00,0.92,-1,-1,-1
192,3,271.00,87.00,302.00,161.00,0.88,-1,-1,-1
192,4,240.00,69.00,237.00,134.00,0.81,-1,-1,-1
193,1,435.00,70.00,368.00,204.00,0.92,-1,-1,-1
193,3,271.00,87.00,302.00,161.00,0.88,-1,-1,-1
193,4,240.00,69.00,237.00,134.00,0.81,-1,-1,-1
194,1,437.00,70.00,368.00,204.00,0.92,-1,-1,-1
194,3,271.00,87.00,302.00,161.00,0.88,-1,-1,-1
194,4,240.00,69.00,237.00,134.00,0.81,-1,-1,-1
195,1,440.00,70.00,367.00,204.00,0.91,-1,-1,-1
195,3,271.00,87.00,302.00,161.00,0.88,-1,-1,-1
195,4,240.00,69.00,237.00,134.00,0.81,-1,-1,-1
196,1,440.00,69.00,367.00,205.00,0.92,-1,-1,-1
196,3,271.00,87.00,302.00,161.00,0.88,-1,-1,-1
196,4,240.00,69.00,237.00,134.00,0.81,-1,-1,-1
197,1,439.00,69.00,368.00,205.00,0.92,-1,-1,-1
197,3,271.00,87.00,302.00,161.00,0.88,-1,-1,-1
197,4,240.00,69.00,237.00,134.00,0.81,-1,-1,-1
198,1,439.00,69.00,368.00,205.00,0.92,-1,-1,-1
198,3,271.00,87.00,302.00,161.00,0.88,-1,-1,-1
198,4,240.00,69.00,237.00,134.00,0.81,-1,-1,-1
199,1,440.00,69.00,368.00,205.00,0.92,-1,-1,-1
199,3,271.00,87.00,302.00,161.00,0.88,-1,-1,-1
199,4,240.00,69.00,237.00,135.00,0.81,-1,-1,-1
200,1,441.00,69.00,368.00,205.00,0.92,-1,-1,-1
200,3,271.00,87.00,303.00,161.00,0.88,-1,-1,-1
200,4,240.00,69.00,237.00,135.00,0.81,-1,-1,-1
201,1,441.00,69.00,368.00,205.00,0.92,-1,-1,-1
201,3,271.00,87.00,303.00,161.00,0.88,-1,-1,-1
201,4,240.00,69.00,237.00,135.00,0.80,-1,-1,-1
202,1,441.00,69.00,369.00,205.00,0.92,-1,-1,-1
202,3,271.00,87.00,303.00,161.00,0.88,-1,-1,-1
202,4,240.00,69.00,237.00,135.00,0.80,-1,-1,-1
203,1,442.00,69.00,368.00,204.00,0.91,-1,-1,-1
203,3,271.00,87.00,303.00,161.00,0.88,-1,-1,-1
203,4,241.00,70.00,236.00,134.00,0.80,-1,-1,-1
204,1,443.00,69.00,368.00,204.00,0.92,-1,-1,-1
204,3,271.00,87.00,303.00,161.00,0.88,-1,-1,-1
204,4,241.00,70.00,237.00,134.00,0.80,-1,-1,-1
205,1,442.00,69.00,370.00,204.00,0.91,-1,-1,-1
205,3,270.00,87.00,304.00,161.00,0.88,-1,-1,-1
205,4,240.00,69.00,237.00,135.00,0.80,-1,-1,-1
206,1,442.00,68.00,370.00,205.00,0.92,-1,-1,-1
206,3,270.00,87.00,304.00,161.00,0.88,-1,-1,-1
206,4,241.00,70.00,237.00,134.00,0.79,-1,-1,-1
207,1,442.00,69.00,370.00,204.00,0.92,-1,-1,-1
207,3,270.00,87.00,304.00,161.00,0.88,-1,-1,-1
207,4,241.00,70.00,237.00,134.00,0.79,-1,-1,-1
208,1,442.00,69.00,370.00,205.00,0.92,-1,-1,-1
208,3,271.00,87.00,303.00,161.00,0.88,-1,-1,-1
208,4,241.00,70.00,237.00,134.00,0.80,-1,-1,-1
209,1,442.00,69.00,370.00,205.00,0.92,-1,-1,-1
209,3,270.00,87.00,304.00,161.00,0.88,-1,-1,-1
209,4,241.00,70.00,237.00,134.00,0.80,-1,-1,-1
210,1,442.00,69.00,370.00,205.00,0.92,-1,-1,-1
210,3,270.00,87.00,304.00,161.00,0.88,-1,-1,-1
210,4,241.00,70.00,237.00,134.00,0.79,-1,-1,-1
211,1,442.00,69.00,370.00,204.00,0.92,-1,-1,-1
211,3,270.00,87.00,304.00,162.00,0.88,-1,-1,-1
211,4,241.00,70.00,237.00,134.00,0.80,-1,-1,-1
212,1,442.00,69.00,370.00,204.00,0.92,-1,-1,-1
212,3,271.00,87.00,303.00,162.00,0.88,-1,-1,-1
212,4,241.00,70.00,237.00,134.00,0.80,-1,-1,-1
213,1,442.00,69.00,370.00,204.00,0.92,-1,-1,-1
213,3,271.00,87.00,303.00,161.00,0.88,-1,-1,-1
213,4,241.00,70.00,237.00,134.00,0.80,-1,-1,-1
214,1,442.00,69.00,370.00,204.00,0.92,-1,-1,-1
214,3,271.00,87.00,303.00,161.00,0.88,-1,-1,-1
214,4,241.00,70.00,237.00,134.00,0.80,-1,-1,-1
215,1,442.00,69.00,370.00,204.00,0.92,-1,-1,-1
215,3,271.00,87.00,303.00,161.00,0.88,-1,-1,-1
215,4,241.00,70.00,237.00,134.00,0.80,-1,-1,-1
216,1,442.00,69.00,370.00,204.00,0.92,-1,-1,-1
216,3,271.00,87.00,303.00,161.00,0.88,-1,-1,-1
216,4,240.00,70.00,238.00,134.00,0.80,-1,-1,-1
217,1,442.00,69.00,370.00,204.00,0.92,-1,-1,-1
217,3,271.00,87.00,303.00,161.00,0.88,-1,-1,-1
217,4,240.00,70.00,238.00,134.00,0.80,-1,-1,-1
218,1,441.00,69.00,372.00,204.00,0.92,-1,-1,-1
218,3,271.00,87.00,303.00,161.00,0.88,-1,-1,-1
218,4,240.00,70.00,238.00,134.00,0.79,-1,-1,-1
219,1,441.00,69.00,372.00,204.00,0.92,-1,-1,-1
219,3,271.00,87.00,302.00,161.00,0.88,-1,-1,-1
219,4,240.00,70.00,238.00,134.00,0.79,-1,-1,-1
220,1,442.00,69.00,371.00,204.00,0.92,-1,-1,-1
220,3,271.00,87.00,302.00,161.00,0.88,-1,-1,-1
220,4,240.00,70.00,238.00,134.00,0.80,-1,-1,-1
221,1,441.00,69.00,372.00,204.00,0.92,-1,-1,-1
221,3,271.00,87.00,302.00,161.00,0.88,-1,-1,-1
221,4,240.00,70.00,238.00,134.00,0.79,-1,-1,-1
222,1,441.00,69.00,372.00,204.00,0.92,-1,-1,-1
222,3,271.00,87.00,302.00,161.00,0.88,-1,-1,-1
222,4,240.00,70.00,238.00,134.00,0.79,-1,-1,-1
223,1,441.00,69.00,372.00,204.00,0.92,-1,-1,-1
223,3,271.00,87.00,302.00,161.00,0.88,-1,-1,-1
223,4,240.00,70.00,238.00,134.00,0.80,-1,-1,-1
224,1,441.00,69.00,372.00,204.00,0.92,-1,-1,-1
224,3,271.00,87.00,302.00,161.00,0.88,-1,-1,-1
224,4,240.00,70.00,238.00,134.00,0.80,-1,-1,-1
225,1,441.00,69.00,372.00,204.00,0.92,-1,-1,-1
225,3,271.00,87.00,302.00,161.00,0.88,-1,-1,-1
225,4,240.00,70.00,238.00,134.00,0.80,-1,-1,-1
226,1,441.00,69.00,372.00,204.00,0.92,-1,-1,-1
226,3,271.00,87.00,302.00,161.00,0.88,-1,-1,-1
226,4,240.00,70.00,238.00,134.00,0.79,-1,-1,-1
227,1,441.00,69.00,372.00,204.00,0.92,-1,-1,-1
227,3,271.00,87.00,302.00,162.00,0.88,-1,-1,-1
227,4,240.00,70.00,238.00,134.00,0.79,-1,-1,-1
228,1,441.00,69.00,372.00,204.00,0.92,-1,-1,-1
228,3,271.00,87.00,302.00,162.00,0.88,-1,-1,-1
228,4,240.00,70.00,238.00,134.00,0.79,-1,-1,-1
229,1,441.00,69.00,373.00,204.00,0.92,-1,-1,-1
229,3,271.00,87.00,302.00,161.00,0.88,-1,-1,-1
229,4,240.00,70.00,239.00,134.00,0.80,-1,-1,-1
230,1,441.00,69.00,373.00,204.00,0.92,-1,-1,-1
230,3,271.00,87.00,302.00,161.00,0.88,-1,-1,-1
230,4,240.00,70.00,239.00,134.00,0.80,-1,-1,-1
231,1,441.00,69.00,373.00,204.00,0.92,-1,-1,-1
231,3,271.00,87.00,302.00,161.00,0.88,-1,-1,-1
231,4,240.00,69.00,239.00,135.00,0.80,-1,-1,-1
232,1,441.00,69.00,373.00,204.00,0.92,-1,-1,-1
232,3,271.00,87.00,302.00,161.00,0.88,-1,-1,-1
232,4,240.00,70.00,239.00,134.00,0.79,-1,-1,-1
233,1,441.00,69.00,372.00,204.00,0.92,-1,-1,-1
233,3,271.00,87.00,302.00,161.00,0.88,-1,-1,-1
233,4,240.00,70.00,238.00,134.00,0.79,-1,-1,-1
234,1,441.00,70.00,372.00,203.00,0.92,-1,-1,-1
234,3,271.00,87.00,302.00,161.00,0.88,-1,-1,-1
234,4,240.00,70.00,238.00,134.00,0.79,-1,-1,-1
235,1,441.00,69.00,372.00,204.00,0.92,-1,-1,-1
235,3,271.00,87.00,302.00,161.00,0.88,-1,-1,-1
235,4,241.00,70.00,237.00,134.00,0.79,-1,-1,-1
236,1,441.00,69.00,372.00,204.00,0.92,-1,-1,-1
236,3,271.00,87.00,302.00,161.00,0.88,-1,-1,-1
236,4,240.00,70.00,238.00,134.00,0.79,-1,-1,-1
237,1,441.00,69.00,373.00,204.00,0.92,-1,-1,-1
237,3,271.00,87.00,302.00,161.00,0.88,-1,-1,-1
237,4,240.00,70.00,238.00,134.00,0.80,-1,-1,-1
238,1,441.00,69.00,373.00,204.00,0.92,-1,-1,-1
238,3,271.00,87.00,302.00,161.00,0.88,-1,-1,-1
238,4,240.00,70.00,238.00,134.00,0.80,-1,-1,-1
239,1,441.00,69.00,373.00,204.00,0.92,-1,-1,-1
239,3,271.00,87.00,302.00,161.00,0.88,-1,-1,-1
239,4,240.00,70.00,238.00,134.00,0.79,-1,-1,-1
240,1,441.00,69.00,372.00,204.00,0.92,-1,-1,-1
240,3,271.00,87.00,302.00,161.00,0.88,-1,-1,-1
240,4,240.00,70.00,238.00,134.00,0.79,-1,-1,-1
241,1,441.00,70.00,372.00,203.00,0.92,-1,-1,-1
241,3,271.00,87.00,302.00,161.00,0.88,-1,-1,-1
241,4,240.00,70.00,238.00,134.00,0.79,-1,-1,-1
242,1,441.00,70.00,373.00,203.00,0.92,-1,-1,-1
242,3,271.00,88.00,301.00,160.00,0.87,-1,-1,-1
242,4,241.00,70.00,237.00,134.00,0.78,-1,-1,-1
243,1,441.00,70.00,372.00,204.00,0.92,-1,-1,-1
243,3,271.00,88.00,300.00,159.00,0.87,-1,-1,-1
243,4,241.00,70.00,237.00,134.00,0.78,-1,-1,-1
244,1,441.00,69.00,373.00,205.00,0.92,-1,-1,-1
244,3,271.00,88.00,300.00,159.00,0.88,-1,-1,-1
244,4,241.00,70.00,237.00,134.00,0.78,-1,-1,-1
245,1,440.00,69.00,374.00,205.00,0.92,-1,-1,-1
245,3,271.00,88.00,300.00,159.00,0.88,-1,-1,-1
245,4,241.00,70.00,237.00,134.00,0.78,-1,-1,-1
246,1,440.00,69.00,374.00,205.00,0.92,-1,-1,-1
246,3,271.00,88.00,300.00,159.00,0.88,-1,-1,-1
246,4,241.00,70.00,237.00,134.00,0.79,-1,-1,-1
247,1,440.00,69.00,374.00,205.00,0.92,-1,-1,-1
247,3,271.00,88.00,300.00,159.00,0.88,-1,-1,-1
247,4,241.00,70.00,237.00,134.00,0.79,-1,-1,-1
248,1,441.00,69.00,373.00,205.00,0.92,-1,-1,-1
248,3,271.00,88.00,300.00,159.00,0.88,-1,-1,-1
248,4,241.00,70.00,237.00,134.00,0.79,-1,-1,-1
249,1,441.00,69.00,373.00,205.00,0.92,-1,-1,-1
249,3,270.00,88.00,301.00,159.00,0.88,-1,-1,-1
249,4,241.00,70.00,238.00,134.00,0.79,-1,-1,-1
250,1,440.00,69.00,374.00,205.00,0.92,-1,-1,-1
250,3,270.00,88.00,302.00,159.00,0.88,-1,-1,-1
250,4,241.00,70.00,238.00,134.00,0.79,-1,-1,-1
251,1,440.00,69.00,374.00,205.00,0.92,-1,-1,-1
251,3,270.00,88.00,302.00,159.00,0.88,-1,-1,-1
251,4,240.00,70.00,238.00,134.00,0.79,-1,-1,-1
252,1,440.00,69.00,374.00,205.00,0.92,-1,-1,-1
252,3,270.00,88.00,302.00,160.00,0.88,-1,-1,-1
252,4,240.00,70.00,238.00,134.00,0.79,-1,-1,-1
253,1,440.00,69.00,374.00,205.00,0.92,-1,-1,-1
253,3,271.00,88.00,301.00,159.00,0.88,-1,-1,-1
253,4,240.00,70.00,238.00,134.00,0.79,-1,-1,-1
254,1,441.00,69.00,373.00,205.00,0.92,-1,-1,-1
254,3,271.00,88.00,301.00,159.00,0.88,-1,-1,-1
254,4,240.00,70.00,238.00,134.00,0.79,-1,-1,-1
255,1,441.00,69.00,373.00,205.00,0.92,-1,-1,-1
255,3,270.00,88.00,302.00,159.00,0.88,-1,-1,-1
255,4,240.00,70.00,238.00,134.00,0.79,-1,-1,-1
256,1,440.00,69.00,374.00,205.00,0.92,-1,-1,-1
256,3,270.00,88.00,302.00,160.00,0.88,-1,-1,-1
256,4,240.00,70.00,238.00,134.00,0.79,-1,-1,-1
257,1,440.00,69.00,374.00,205.00,0.92,-1,-1,-1
257,3,270.00,88.00,303.00,160.00,0.88,-1,-1,-1
257,4,240.00,70.00,238.00,134.00,0.79,-1,-1,-1
258,1,440.00,69.00,374.00,205.00,0.92,-1,-1,-1
258,3,270.00,88.00,303.00,160.00,0.88,-1,-1,-1
258,4,241.00,70.00,238.00,134.00,0.79,-1,-1,-1
259,1,440.00,69.00,374.00,205.00,0.92,-1,-1,-1
259,3,270.00,88.00,302.00,160.00,0.88,-1,-1,-1
259,4,240.00,70.00,238.00,134.00,0.79,-1,-1,-1
260,1,440.00,69.00,374.00,205.00,0.92,-1,-1,-1
260,3,270.00,88.00,303.00,160.00,0.88,-1,-1,-1
260,4,240.00,70.00,238.00,134.00,0.79,-1,-1,-1
261,1,440.00,69.00,374.00,205.00,0.92,-1,-1,-1
261,3,270.00,88.00,303.00,160.00,0.88,-1,-1,-1
261,4,240.00,70.00,238.00,134.00,0.79,-1,-1,-1
262,1,440.00,69.00,374.00,205.00,0.92,-1,-1,-1
262,3,270.00,88.00,302.00,160.00,0.88,-1,-1,-1
262,4,240.00,70.00,238.00,134.00,0.79,-1,-1,-1
263,1,440.00,69.00,374.00,205.00,0.92,-1,-1,-1
263,3,270.00,88.00,302.00,160.00,0.88,-1,-1,-1
263,4,240.00,70.00,238.00,134.00,0.79,-1,-1,-1
264,1,440.00,69.00,374.00,205.00,0.92,-1,-1,-1
264,3,270.00,88.00,302.00,160.00,0.88,-1,-1,-1
264,4,240.00,70.00,238.00,134.00,0.79,-1,-1,-1
265,1,440.00,69.00,374.00,205.00,0.92,-1,-1,-1
265,3,270.00,88.00,302.00,160.00,0.88,-1,-1,-1
265,4,240.00,70.00,238.00,134.00,0.80,-1,-1,-1
266,1,440.00,69.00,374.00,205.00,0.92,-1,-1,-1
266,3,270.00,88.00,302.00,160.00,0.88,-1,-1,-1
266,4,240.00,70.00,238.00,134.00,0.80,-1,-1,-1
267,1,441.00,69.00,373.00,205.00,0.92,-1,-1,-1
267,3,270.00,88.00,303.00,160.00,0.88,-1,-1,-1
267,4,240.00,70.00,238.00,134.00,0.80,-1,-1,-1
268,1,441.00,69.00,373.00,205.00,0.92,-1,-1,-1
268,3,270.00,88.00,303.00,159.00,0.88,-1,-1,-1
268,4,240.00,70.00,238.00,134.00,0.80,-1,-1,-1
269,1,441.00,69.00,373.00,205.00,0.92,-1,-1,-1
269,3,270.00,88.00,303.00,159.00,0.88,-1,-1,-1
269,4,240.00,70.00,238.00,134.00,0.80,-1,-1,-1
270,1,441.00,69.00,373.00,205.00,0.92,-1,-1,-1
270,3,270.00,88.00,303.00,159.00,0.88,-1,-1,-1
270,4,240.00,70.00,238.00,134.00,0.80,-1,-1,-1
271,1,441.00,69.00,373.00,205.00,0.92,-1,-1,-1
271,3,270.00,88.00,303.00,159.00,0.88,-1,-1,-1
271,4,240.00,70.00,238.00,134.00,0.80,-1,-1,-1
272,1,440.00,68.00,374.00,205.00,0.92,-1,-1,-1
272,3,269.00,88.00,304.00,160.00,0.88,-1,-1,-1
272,4,240.00,69.00,239.00,135.00,0.80,-1,-1,-1
273,1,440.00,68.00,374.00,205.00,0.92,-1,-1,-1
273,3,269.00,88.00,304.00,160.00,0.88,-1,-1,-1
273,4,241.00,69.00,239.00,135.00,0.81,-1,-1,-1
274,1,440.00,68.00,374.00,205.00,0.92,-1,-1,-1
274,3,269.00,88.00,304.00,160.00,0.88,-1,-1,-1
274,4,241.00,69.00,239.00,135.00,0.80,-1,-1,-1
275,1,440.00,68.00,374.00,205.00,0.92,-1,-1,-1
275,3,269.00,88.00,304.00,160.00,0.88,-1,-1,-1
275,4,241.00,69.00,239.00,135.00,0.80,-1,-1,-1
276,1,440.00,68.00,375.00,205.00,0.92,-1,-1,-1
276,3,269.00,88.00,304.00,160.00,0.88,-1,-1,-1
276,4,241.00,69.00,239.00,135.00,0.80,-1,-1,-1
277,1,440.00,68.00,374.00,205.00,0.92,-1,-1,-1
277,3,269.00,88.00,304.00,160.00,0.88,-1,-1,-1
277,4,240.00,69.00,240.00,135.00,0.80,-1,-1,-1
278,1,440.00,68.00,374.00,205.00,0.92,-1,-1,-1
278,3,269.00,88.00,304.00,160.00,0.88,-1,-1,-1
278,4,240.00,69.00,240.00,135.00,0.81,-1,-1,-1
279,1,440.00,68.00,374.00,205.00,0.92,-1,-1,-1
279,3,269.00,88.00,304.00,160.00,0.88,-1,-1,-1
279,4,240.00,69.00,240.00,135.00,0.81,-1,-1,-1
280,1,440.00,68.00,374.00,205.00,0.92,-1,-1,-1
280,3,269.00,88.00,304.00,160.00,0.88,-1,-1,-1
280,4,240.00,69.00,240.00,135.00,0.80,-1,-1,-1
281,1,440.00,68.00,374.00,205.00,0.92,-1,-1,-1
281,3,269.00,88.00,304.00,160.00,0.88,-1,-1,-1
281,4,240.00,69.00,240.00,135.00,0.80,-1,-1,-1
282,1,440.00,68.00,374.00,205.00,0.92,-1,-1,-1
282,3,269.00,88.00,304.00,160.00,0.88,-1,-1,-1
282,4,240.00,69.00,240.00,135.00,0.80,-1,-1,-1
283,1,441.00,68.00,373.00,205.00,0.92,-1,-1,-1
283,3,269.00,88.00,304.00,160.00,0.88,-1,-1,-1
283,4,240.00,69.00,240.00,135.00,0.81,-1,-1,-1
284,1,441.00,68.00,373.00,205.00,0.92,-1,-1,-1
284,3,269.00,88.00,304.00,160.00,0.88,-1,-1,-1
284,4,240.00,69.00,240.00,135.00,0.81,-1,-1,-1
285,1,441.00,68.00,373.00,205.00,0.92,-1,-1,-1
285,3,270.00,88.00,303.00,160.00,0.88,-1,-1,-1
285,4,240.00,69.00,240.00,135.00,0.81,-1,-1,-1
286,1,441.00,68.00,373.00,205.00,0.92,-1,-1,-1
286,3,270.00,87.00,303.00,161.00,0.88,-1,-1,-1
286,4,240.00,69.00,240.00,135.00,0.81,-1,-1,-1
287,1,441.00,68.00,373.00,205.00,0.92,-1,-1,-1
287,3,270.00,87.00,303.00,161.00,0.88,-1,-1,-1
287,4,240.00,69.00,240.00,135.00,0.81,-1,-1,-1
288,1,441.00,68.00,373.00,205.00,0.92,-1,-1,-1
288,3,269.00,87.00,304.00,162.00,0.88,-1,-1,-1
288,4,240.00,69.00,240.00,135.00,0.81,-1,-1,-1
289,1,441.00,69.00,373.00,204.00,0.92,-1,-1,-1
289,3,269.00,87.00,304.00,162.00,0.88,-1,-1,-1
289,4,240.00,69.00,240.00,135.00,0.81,-1,-1,-1
290,1,441.00,69.00,372.00,204.00,0.92,-1,-1,-1
290,3,269.00,87.00,304.00,162.00,0.88,-1,-1,-1
290,4,240.00,69.00,240.00,135.00,0.81,-1,-1,-1
291,1,441.00,69.00,373.00,204.00,0.92,-1,-1,-1
291,3,270.00,87.00,303.00,162.00,0.88,-1,-1,-1
291,4,240.00,69.00,240.00,135.00,0.80,-1,-1,-1
292,1,441.00,69.00,373.00,204.00,0.92,-1,-1,-1
292,3,270.00,88.00,303.00,160.00,0.88,-1,-1,-1
292,4,240.00,69.00,240.00,136.00,0.80,-1,-1,-1
293,1,441.00,69.00,373.00,204.00,0.92,-1,-1,-1
293,3,270.00,87.00,302.00,161.00,0.88,-1,-1,-1
293,4,240.00,69.00,240.00,136.00,0.80,-1,-1,-1
294,1,441.00,69.00,373.00,204.00,0.92,-1,-1,-1
294,3,270.00,87.00,302.00,161.00,0.88,-1,-1,-1
294,4,240.00,69.00,240.00,136.00,0.80,-1,-1,-1
295,1,441.00,69.00,373.00,204.00,0.92,-1,-1,-1
295,3,270.00,87.00,302.00,161.00,0.88,-1,-1,-1
295,4,240.00,69.00,240.00,136.00,0.80,-1,-1,-1
296,1,441.00,69.00,373.00,204.00,0.92,-1,-1,-1
296,3,270.00,87.00,303.00,161.00,0.88,-1,-1,-1
296,4,240.00,69.00,240.00,136.00,0.80,-1,-1,-1
297,1,441.00,69.00,373.00,204.00,0.92,-1,-1,-1
297,3,270.00,87.00,302.00,161.00,0.88,-1,-1,-1
297,4,240.00,69.00,240.00,135.00,0.80,-1,-1,-1
298,1,441.00,69.00,373.00,204.00,0.92,-1,-1,-1
298,3,270.00,87.00,302.00,161.00,0.88,-1,-1,-1
298,4,240.00,69.00,240.00,135.00,0.80,-1,-1,-1
299,1,441.00,69.00,373.00,204.00,0.92,-1,-1,-1
299,3,270.00,87.00,302.00,161.00,0.88,-1,-1,-1
299,4,240.00,69.00,240.00,135.00,0.80,-1,-1,-1
300,1,441.00,69.00,373.00,204.00,0.92,-1,-1,-1
300,3,270.00,87.00,302.00,161.00,0.88,-1,-1,-1
300,4,240.00,69.00,240.00,135.00,0.80,-1,-1,-1
301,1,441.00,69.00,373.00,204.00,0.92,-1,-1,-1
301,3,270.00,87.00,302.00,161.00,0.87,-1,-1,-1
301,4,241.00,69.00,239.00,135.00,0.80,-1,-1,-1
302,1,440.00,68.00,374.00,206.00,0.92,-1,-1,-1
302,3,271.00,87.00,302.00,161.00,0.88,-1,-1,-1
302,4,240.00,69.00,239.00,135.00,0.80,-1,-1,-1
303,1,440.00,68.00,375.00,206.00,0.92,-1,-1,-1
303,3,271.00,87.00,302.00,161.00,0.88,-1,-1,-1
303,4,240.00,69.00,238.00,135.00,0.80,-1,-1,-1
304,1,440.00,68.00,374.00,206.00,0.92,-1,-1,-1
304,3,271.00,87.00,302.00,161.00,0.88,-1,-1,-1
304,4,240.00,69.00,238.00,135.00,0.80,-1,-1,-1
305,1,440.00,68.00,374.00,206.00,0.92,-1,-1,-1
305,3,271.00,87.00,302.00,161.00,0.88,-1,-1,-1
305,4,240.00,69.00,238.00,135.00,0.80,-1,-1,-1
306,1,440.00,68.00,374.00,206.00,0.92,-1,-1,-1
306,3,270.00,87.00,303.00,161.00,0.88,-1,-1,-1
306,4,240.00,69.00,238.00,135.00,0.80,-1,-1,-1
307,1,440.00,68.00,374.00,206.00,0.92,-1,-1,-1
307,3,270.00,87.00,303.00,161.00,0.88,-1,-1,-1
307,4,240.00,69.00,238.00,135.00,0.80,-1,-1,-1
308,1,440.00,68.00,374.00,206.00,0.92,-1,-1,-1
308,3,270.00,87.00,303.00,162.00,0.88,-1,-1,-1
308,4,240.00,69.00,238.00,135.00,0.80,-1,-1,-1
309,1,440.00,68.00,374.00,206.00,0.92,-1,-1,-1
309,3,270.00,87.00,303.00,162.00,0.88,-1,-1,-1
309,4,240.00,69.00,238.00,135.00,0.80,-1,-1,-1
310,1,440.00,68.00,374.00,206.00,0.92,-1,-1,-1
310,3,270.00,87.00,303.00,161.00,0.88,-1,-1,-1
310,4,240.00,69.00,237.00,135.00,0.80,-1,-1,-1
311,1,440.00,68.00,374.00,206.00,0.92,-1,-1,-1
311,3,270.00,87.00,303.00,161.00,0.88,-1,-1,-1
311,4,240.00,69.00,237.00,135.00,0.80,-1,-1,-1
312,1,440.00,68.00,374.00,206.00,0.92,-1,-1,-1
312,3,270.00,87.00,303.00,161.00,0.88,-1,-1,-1
312,4,240.00,69.00,237.00,135.00,0.80,-1,-1,-1
313,1,440.00,68.00,374.00,206.00,0.92,-1,-1,-1
313,3,270.00,88.00,303.00,160.00,0.88,-1,-1,-1
313,4,240.00,69.00,237.00,135.00,0.79,-1,-1,-1
314,1,440.00,68.00,374.00,206.00,0.92,-1,-1,-1
314,3,271.00,88.00,302.00,160.00,0.88,-1,-1,-1
314,4,240.00,69.00,237.00,135.00,0.79,-1,-1,-1
315,1,440.00,68.00,374.00,206.00,0.92,-1,-1,-1
315,3,270.00,88.00,303.00,160.00,0.88,-1,-1,-1
315,4,240.00,69.00,237.00,135.00,0.79,-1,-1,-1
316,1,440.00,68.00,374.00,206.00,0.92,-1,-1,-1
316,3,270.00,87.00,303.00,161.00,0.88,-1,-1,-1
316,4,240.00,69.00,237.00,135.00,0.79,-1,-1,-1
317,1,440.00,68.00,374.00,206.00,0.92,-1,-1,-1
317,3,270.00,87.00,303.00,161.00,0.88,-1,-1,-1
317,4,240.00,69.00,237.00,135.00,0.79,-1,-1,-1
318,1,440.00,68.00,374.00,206.00,0.92,-1,-1,-1
318,3,270.00,88.00,303.00,160.00,0.88,-1,-1,-1
318,4,240.00,69.00,237.00,135.00,0.79,-1,-1,-1
319,1,440.00,68.00,374.00,206.00,0.92,-1,-1,-1
319,3,270.00,88.00,303.00,160.00,0.88,-1,-1,-1
319,4,240.00,69.00,237.00,135.00,0.79,-1,-1,-1
320,1,441.00,68.00,373.00,206.00,0.92,-1,-1,-1
320,3,270.00,88.00,303.00,160.00,0.88,-1,-1,-1
320,4,240.00,69.00,237.00,135.00,0.79,-1,-1,-1
321,1,441.00,68.00,373.00,206.00,0.92,-1,-1,-1
321,3,270.00,87.00,303.00,161.00,0.88,-1,-1,-1
321,4,240.00,69.00,237.00,135.00,0.79,-1,-1,-1
322,1,441.00,68.00,373.00,205.00,0.92,-1,-1,-1
322,3,270.00,88.00,303.00,160.00,0.88,-1,-1,-1
322,4,240.00,69.00,237.00,135.00,0.79,-1,-1,-1
323,1,440.00,68.00,374.00,205.00,0.92,-1,-1,-1
323,3,270.00,87.00,303.00,161.00,0.88,-1,-1,-1
323,4,240.00,69.00,237.00,135.00,0.79,-1,-1,-1
324,1,441.00,68.00,373.00,205.00,0.92,-1,-1,-1
324,3,270.00,87.00,303.00,161.00,0.88,-1,-1,-1
324,4,240.00,69.00,237.00,135.00,0.79,-1,-1,-1
325,1,441.00,68.00,373.00,205.00,0.92,-1,-1,-1
325,3,270.00,87.00,303.00,161.00,0.88,-1,-1,-1
325,4,240.00,69.00,237.00,135.00,0.79,-1,-1,-1
326,1,441.00,68.00,373.00,205.00,0.92,-1,-1,-1
326,3,270.00,87.00,303.00,161.00,0.88,-1,-1,-1
326,4,240.00,69.00,237.00,135.00,0.79,-1,-1,-1
327,1,441.00,68.00,373.00,205.00,0.92,-1,-1,-1
327,3,270.00,87.00,303.00,161.00,0.88,-1,-1,-1
327,4,240.00,69.00,237.00,135.00,0.79,-1,-1,-1
328,1,441.00,68.00,373.00,205.00,0.92,-1,-1,-1
328,3,270.00,87.00,303.00,161.00,0.88,-1,-1,-1
328,4,240.00,69.00,237.00,135.00,0.79,-1,-1,-1
329,1,441.00,68.00,373.00,205.00,0.92,-1,-1,-1
329,3,270.00,87.00,303.00,161.00,0.88,-1,-1,-1
329,4,240.00,69.00,237.00,135.00,0.79,-1,-1,-1
330,1,441.00,68.00,372.00,205.00,0.92,-1,-1,-1
330,3,270.00,87.00,303.00,161.00,0.88,-1,-1,-1
330,4,240.00,69.00,237.00,135.00,0.79,-1,-1,-1
331,1,440.00,68.00,374.00,205.00,0.92,-1,-1,-1
331,3,270.00,87.00,303.00,162.00,0.88,-1,-1,-1
331,4,240.00,69.00,237.00,135.00,0.79,-1,-1,-1
332,1,441.00,68.00,373.00,205.00,0.92,-1,-1,-1
332,3,271.00,87.00,302.00,161.00,0.88,-1,-1,-1
332,4,240.00,69.00,237.00,135.00,0.80,-1,-1,-1
333,1,441.00,68.00,372.00,205.00,0.92,-1,-1,-1
333,3,271.00,87.00,302.00,160.00,0.88,-1,-1,-1
333,4,240.00,69.00,237.00,135.00,0.80,-1,-1,-1
334,1,441.00,68.00,372.00,205.00,0.92,-1,-1,-1
334,3,271.00,87.00,302.00,160.00,0.88,-1,-1,-1
334,4,240.00,69.00,237.00,135.00,0.80,-1,-1,-1
335,1,441.00,68.00,372.00,205.00,0.92,-1,-1,-1
335,3,271.00,87.00,302.00,160.00,0.88,-1,-1,-1
335,4,240.00,69.00,237.00,135.00,0.80,-1,-1,-1
336,1,441.00,68.00,372.00,205.00,0.92,-1,-1,-1
336,3,271.00,87.00,302.00,160.00,0.88,-1,-1,-1
336,4,240.00,69.00,237.00,135.00,0.80,-1,-1,-1
337,1,441.00,68.00,372.00,205.00,0.92,-1,-1,-1
337,3,271.00,87.00,302.00,160.00,0.88,-1,-1,-1
337,4,240.00,69.00,237.00,135.00,0.80,-1,-1,-1
338,1,441.00,68.00,372.00,205.00,0.92,-1,-1,-1
338,3,271.00,87.00,302.00,160.00,0.88,-1,-1,-1
338,4,240.00,69.00,237.00,135.00,0.80,-1,-1,-1
339,1,441.00,68.00,372.00,205.00,0.92,-1,-1,-1
339,3,271.00,87.00,302.00,160.00,0.88,-1,-1,-1
339,4,240.00,69.00,237.00,135.00,0.80,-1,-1,-1
340,1,441.00,68.00,372.00,205.00,0.92,-1,-1,-1
340,3,271.00,87.00,302.00,160.00,0.88,-1,-1,-1
340,4,240.00,69.00,237.00,135.00,0.81,-1,-1,-1
341,1,441.00,68.00,373.00,205.00,0.92,-1,-1,-1
341,3,271.00,87.00,302.00,160.00,0.88,-1,-1,-1
341,4,240.00,69.00,237.00,135.00,0.81,-1,-1,-1
342,1,441.00,68.00,373.00,205.00,0.92,-1,-1,-1
342,3,271.00,87.00,302.00,160.00,0.88,-1,-1,-1
342,4,240.00,69.00,237.00,135.00,0.81,-1,-1,-1
343,1,441.00,68.00,372.00,205.00,0.92,-1,-1,-1
343,3,271.00,87.00,302.00,160.00,0.88,-1,-1,-1
343,4,240.00,69.00,237.00,135.00,0.80,-1,-1,-1
344,1,441.00,68.00,372.00,205.00,0.92,-1,-1,-1
344,3,271.00,87.00,302.00,160.00,0.88,-1,-1,-1
344,4,240.00,69.00,237.00,135.00,0.80,-1,-1,-1
345,1,441.00,68.00,372.00,205.00,0.92,-1,-1,-1
345,3,271.00,87.00,302.00,160.00,0.88,-1,-1,-1
345,4,240.00,69.00,237.00,135.00,0.81,-1,-1,-1
346,1,441.00,68.00,373.00,205.00,0.92,-1,-1,-1
346,3,271.00,87.00,302.00,160.00,0.88,-1,-1,-1
346,4,240.00,69.00,237.00,135.00,0.80,-1,-1,-1
347,1,441.00,68.00,373.00,205.00,0.92,-1,-1,-1
347,3,271.00,87.00,302.00,160.00,0.88,-1,-1,-1
347,4,240.00,69.00,237.00,135.00,0.80,-1,-1,-1
348,1,440.00,68.00,374.00,205.00,0.92,-1,-1,-1
348,3,271.00,87.00,302.00,160.00,0.88,-1,-1,-1
348,4,240.00,69.00,237.00,135.00,0.80,-1,-1,-1
349,1,441.00,68.00,373.00,205.00,0.92,-1,-1,-1
349,3,271.00,87.00,302.00,160.00,0.88,-1,-1,-1
349,4,241.00,70.00,236.00,134.00,0.79,-1,-1,-1
350,1,441.00,68.00,373.00,205.00,0.92,-1,-1,-1
350,3,270.00,87.00,303.00,160.00,0.88,-1,-1,-1
350,4,241.00,70.00,236.00,134.00,0.79,-1,-1,-1
351,1,441.00,68.00,372.00,205.00,0.92,-1,-1,-1
351,3,270.00,87.00,303.00,160.00,0.88,-1,-1,-1
351,4,241.00,70.00,236.00,134.00,0.79,-1,-1,-1
352,1,441.00,69.00,372.00,204.00,0.92,-1,-1,-1
352,3,270.00,87.00,303.00,160.00,0.88,-1,-1,-1
352,4,240.00,69.00,237.00,135.00,0.80,-1,-1,-1
353,1,441.00,69.00,372.00,204.00,0.92,-1,-1,-1
353,3,270.00,87.00,303.00,160.00,0.88,-1,-1,-1
353,4,240.00,69.00,237.00,135.00,0.80,-1,-1,-1
354,1,441.00,69.00,372.00,204.00,0.92,-1,-1,-1
354,3,270.00,87.00,303.00,160.00,0.88,-1,-1,-1
354,4,240.00,69.00,237.00,135.00,0.80,-1,-1,-1
355,1,441.00,68.00,372.00,205.00,0.92,-1,-1,-1
355,3,270.00,87.00,303.00,160.00,0.88,-1,-1,-1
355,4,240.00,69.00,237.00,135.00,0.79,-1,-1,-1
356,1,441.00,68.00,372.00,205.00,0.92,-1,-1,-1
356,3,270.00,87.00,303.00,160.00,0.88,-1,-1,-1
356,4,240.00,69.00,237.00,135.00,0.80,-1,-1,-1
357,1,441.00,68.00,372.00,205.00,0.92,-1,-1,-1
357,3,270.00,87.00,303.00,160.00,0.88,-1,-1,-1
357,4,240.00,70.00,236.00,134.00,0.79,-1,-1,-1
358,1,441.00,68.00,372.00,205.00,0.92,-1,-1,-1
358,3,270.00,87.00,303.00,160.00,0.88,-1,-1,-1
358,4,240.00,70.00,236.00,134.00,0.78,-1,-1,-1
359,1,441.00,68.00,373.00,205.00,0.92,-1,-1,-1
359,3,270.00,87.00,303.00,160.00,0.88,-1,-1,-1
359,4,240.00,70.00,237.00,134.00,0.78,-1,-1,-1
360,1,441.00,68.00,373.00,205.00,0.92,-1,-1,-1
360,3,270.00,87.00,303.00,160.00,0.88,-1,-1,-1
360,4,240.00,69.00,237.00,135.00,0.79,-1,-1,-1
361,1,441.00,68.00,373.00,205.00,0.92,-1,-1,-1
361,3,270.00,87.00,303.00,160.00,0.88,-1,-1,-1
361,4,240.00,69.00,237.00,135.00,0.78,-1,-1,-1
362,1,440.00,68.00,374.00,205.00,0.92,-1,-1,-1
362,3,270.00,88.00,303.00,160.00,0.88,-1,-1,-1
362,4,241.00,70.00,235.00,133.00,0.79,-1,-1,-1
363,1,440.00,67.00,374.00,206.00,0.92,-1,-1,-1
363,3,269.00,87.00,304.00,161.00,0.88,-1,-1,-1
363,4,241.00,70.00,235.00,133.00,0.80,-1,-1,-1
364,1,439.00,67.00,376.00,207.00,0.92,-1,-1,-1
364,3,269.00,88.00,304.00,160.00,0.88,-1,-1,-1
364,4,241.00,70.00,235.00,133.00,0.80,-1,-1,-1
365,1,439.00,67.00,376.00,207.00,0.92,-1,-1,-1
365,3,269.00,87.00,304.00,162.00,0.88,-1,-1,-1
365,4,241.00,70.00,235.00,133.00,0.80,-1,-1,-1
366,1,440.00,67.00,375.00,207.00,0.92,-1,-1,-1
366,3,268.00,87.00,305.00,162.00,0.88,-1,-1,-1
366,4,241.00,70.00,235.00,134.00,0.79,-1,-1,-1
367,1,440.00,67.00,375.00,207.00,0.92,-1,-1,-1
367,3,269.00,87.00,304.00,162.00,0.88,-1,-1,-1
367,4,241.00,70.00,236.00,134.00,0.79,-1,-1,-1
368,1,440.00,67.00,374.00,207.00,0.92,-1,-1,-1
368,3,269.00,87.00,304.00,162.00,0.88,-1,-1,-1
368,4,241.00,70.00,236.00,134.00,0.79,-1,-1,-1
369,1,440.00,67.00,375.00,207.00,0.92,-1,-1,-1
369,3,269.00,87.00,304.00,161.00,0.88,-1,-1,-1
369,4,240.00,70.00,237.00,134.00,0.79,-1,-1,-1
370,1,440.00,67.00,375.00,207.00,0.92,-1,-1,-1
370,3,270.00,87.00,303.00,161.00,0.88,-1,-1,-1
370,4,241.00,70.00,236.00,134.00,0.80,-1,-1,-1
371,1,440.00,67.00,375.00,207.00,0.92,-1,-1,-1
371,3,270.00,87.00,303.00,161.00,0.88,-1,-1,-1
371,4,241.00,70.00,237.00,134.00,0.80,-1,-1,-1
372,1,440.00,67.00,375.00,207.00,0.92,-1,-1,-1
372,3,270.00,87.00,303.00,161.00,0.88,-1,-1,-1
372,4,241.00,70.00,237.00,134.00,0.80,-1,-1,-1
373,1,440.00,67.00,374.00,207.00,0.92,-1,-1,-1
373,3,270.00,87.00,303.00,161.00,0.88,-1,-1,-1
373,4,241.00,70.00,237.00,134.00,0.80,-1,-1,-1
374,1,440.00,67.00,374.00,207.00,0.92,-1,-1,-1
374,3,270.00,87.00,303.00,161.00,0.88,-1,-1,-1
374,4,241.00,70.00,237.00,134.00,0.80,-1,-1,-1
375,1,440.00,67.00,374.00,207.00,0.92,-1,-1,-1
375,3,270.00,88.00,303.00,160.00,0.88,-1,-1,-1
375,4,241.00,70.00,237.00,134.00,0.79,-1,-1,-1
376,1,440.00,67.00,374.00,207.00,0.92,-1,-1,-1
376,3,270.00,87.00,303.00,162.00,0.88,-1,-1,-1
376,4,241.00,70.00,237.00,134.00,0.80,-1,-1,-1
377,1,440.00,67.00,374.00,207.00,0.92,-1,-1,-1
377,3,270.00,87.00,303.00,162.00,0.88,-1,-1,-1
377,4,241.00,70.00,237.00,134.00,0.80,-1,-1,-1
378,1,440.00,67.00,374.00,207.00,0.92,-1,-1,-1
378,3,269.00,87.00,304.00,162.00,0.88,-1,-1,-1
378,4,241.00,70.00,237.00,134.00,0.80,-1,-1,-1
379,1,440.00,67.00,374.00,207.00,0.92,-1,-1,-1
379,3,269.00,88.00,304.00,161.00,0.88,-1,-1,-1
379,4,241.00,70.00,237.00,134.00,0.80,-1,-1,-1
380,1,440.00,67.00,374.00,207.00,0.92,-1,-1,-1
380,3,269.00,88.00,304.00,161.00,0.88,-1,-1,-1
380,4,241.00,70.00,237.00,134.00,0.81,-1,-1,-1
381,1,440.00,67.00,374.00,207.00,0.92,-1,-1,-1
381,3,270.00,88.00,303.00,161.00,0.88,-1,-1,-1
381,4,241.00,70.00,237.00,134.00,0.81,-1,-1,-1
382,1,440.00,67.00,374.00,207.00,0.92,-1,-1,-1
382,3,270.00,88.00,303.00,161.00,0.88,-1,-1,-1
382,4,240.00,70.00,237.00,134.00,0.81,-1,-1,-1
383,1,440.00,67.00,374.00,207.00,0.92,-1,-1,-1
383,3,270.00,88.00,303.00,161.00,0.88,-1,-1,-1
383,4,240.00,70.00,237.00,134.00,0.81,-1,-1,-1
384,1,440.00,67.00,374.00,207.00,0.92,-1,-1,-1
384,3,270.00,88.00,303.00,161.00,0.88,-1,-1,-1
384,4,240.00,70.00,237.00,134.00,0.81,-1,-1,-1
385,1,440.00,67.00,374.00,207.00,0.92,-1,-1,-1
385,3,270.00,88.00,303.00,161.00,0.88,-1,-1,-1
385,4,240.00,70.00,237.00,134.00,0.81,-1,-1,-1
386,1,440.00,67.00,374.00,207.00,0.92,-1,-1,-1
386,3,270.00,88.00,303.00,161.00,0.88,-1,-1,-1
386,4,241.00,70.00,237.00,134.00,0.81,-1,-1,-1
387,1,440.00,67.00,374.00,207.00,0.92,-1,-1,-1
387,3,270.00,88.00,303.00,161.00,0.88,-1,-1,-1
387,4,241.00,70.00,237.00,134.00,0.81,-1,-1,-1
388,1,440.00,67.00,374.00,207.00,0.92,-1,-1,-1
388,3,270.00,88.00,303.00,161.00,0.88,-1,-1,-1
388,4,241.00,70.00,237.00,134.00,0.80,-1,-1,-1
389,1,440.00,67.00,374.00,207.00,0.92,-1,-1,-1
389,3,270.00,88.00,303.00,161.00,0.88,-1,-1,-1
389,4,241.00,70.00,236.00,134.00,0.80,-1,-1,-1
390,1,440.00,67.00,374.00,207.00,0.92,-1,-1,-1
390,3,270.00,88.00,303.00,161.00,0.88,-1,-1,-1
390,4,240.00,70.00,237.00,134.00,0.80,-1,-1,-1
391,1,440.00,67.00,374.00,207.00,0.92,-1,-1,-1
391,3,270.00,88.00,303.00,161.00,0.88,-1,-1,-1
391,4,240.00,70.00,237.00,134.00,0.80,-1,-1,-1
392,1,441.00,68.00,372.00,205.00,0.92,-1,-1,-1
392,3,270.00,87.00,303.00,162.00,0.88,-1,-1,-1
392,4,240.00,69.00,237.00,135.00,0.80,-1,-1,-1
393,1,441.00,68.00,372.00,205.00,0.92,-1,-1,-1
393,3,270.00,87.00,303.00,161.00,0.88,-1,-1,-1
393,4,240.00,69.00,237.00,135.00,0.80,-1,-1,-1
394,1,441.00,68.00,372.00,205.00,0.92,-1,-1,-1
394,3,270.00,87.00,303.00,161.00,0.88,-1,-1,-1
394,4,241.00,70.00,237.00,134.00,0.79,-1,-1,-1
395,1,441.00,68.00,372.00,205.00,0.92,-1,-1,-1
395,3,270.00,87.00,303.00,161.00,0.88,-1,-1,-1
395,4,241.00,70.00,237.00,135.00,0.79,-1,-1,-1
396,1,441.00,68.00,372.00,205.00,0.92,-1,-1,-1
396,3,270.00,87.00,302.00,161.00,0.88,-1,-1,-1
396,4,241.00,70.00,237.00,135.00,0.79,-1,-1,-1
397,1,441.00,68.00,372.00,205.00,0.92,-1,-1,-1
397,3,270.00,87.00,302.00,161.00,0.88,-1,-1,-1
397,4,241.00,70.00,237.00,134.00,0.79,-1,-1,-1
398,1,441.00,68.00,372.00,205.00,0.92,-1,-1,-1
398,3,270.00,87.00,302.00,161.00,0.88,-1,-1,-1
398,4,241.00,70.00,237.00,134.00,0.80,-1,-1,-1
399,1,441.00,68.00,372.00,205.00,0.92,-1,-1,-1
399,3,270.00,87.00,302.00,161.00,0.88,-1,-1,-1
399,4,241.00,70.00,237.00,134.00,0.80,-1,-1,-1
400,1,441.00,68.00,372.00,205.00,0.92,-1,-1,-1
400,3,270.00,87.00,302.00,161.00,0.88,-1,-1,-1
400,4,241.00,70.00,237.00,134.00,0.80,-1,-1,-1
401,1,441.00,68.00,372.00,205.00,0.92,-1,-1,-1
401,3,270.00,87.00,302.00,161.00,0.88,-1,-1,-1
401,4,241.00,70.00,237.00,134.00,0.80,-1,-1,-1
402,1,441.00,68.00,372.00,205.00,0.92,-1,-1,-1
402,3,270.00,87.00,302.00,161.00,0.88,-1,-1,-1
402,4,241.00,70.00,237.00,134.00,0.80,-1,-1,-1
403,1,441.00,68.00,372.00,205.00,0.92,-1,-1,-1
403,3,270.00,87.00,302.00,161.00,0.88,-1,-1,-1
403,4,241.00,70.00,237.00,134.00,0.80,-1,-1,-1
404,1,441.00,68.00,372.00,205.00,0.92,-1,-1,-1
404,3,270.00,87.00,302.00,161.00,0.88,-1,-1,-1
404,4,241.00,70.00,237.00,134.00,0.80,-1,-1,-1
405,1,441.00,68.00,372.00,205.00,0.92,-1,-1,-1
405,3,270.00,87.00,302.00,161.00,0.88,-1,-1,-1
405,4,241.00,70.00,237.00,134.00,0.80,-1,-1,-1
